, File Name, Addational Materialized Temporarys, Clang Trunk, Diff
1, /home/yrong/devel/llvm/benchmark/build/CMakeFiles/CMakeTmp/getErrc.cpp, 1004, 84, 920
2, /home/yrong/devel/llvm/benchmark/build/CMakeFiles/simple.cc, 1, 0, 1
3, /home/yrong/devel/llvm/benchmark/build/CMakeFiles/src.c, 0, 0, 0
4, /home/yrong/devel/llvm/benchmark/build/projects/compiler-rt/lib/asan/dummy.cpp, 0, 0, 0
5, /home/yrong/devel/llvm/benchmark/build/projects/compiler-rt/lib/hwasan/dummy.cpp, 0, 0, 0
6, /home/yrong/devel/llvm/benchmark/build/projects/compiler-rt/lib/memprof/dummy.cpp, 0, 0, 0
7, /home/yrong/devel/llvm/benchmark/build/projects/compiler-rt/lib/ubsan/dummy.cpp, 0, 0, 0
8, /home/yrong/devel/llvm/benchmark/build/tools/clang/tools/clang-scan-deps/clang-scan-deps-driver.cpp, 2504, 127, 2377
9, /home/yrong/devel/llvm/benchmark/build/tools/clang/tools/driver/clang-driver.cpp, 2504, 127, 2377
10, /home/yrong/devel/llvm/benchmark/build/tools/clang/tools/extra/clangd/CompletionModel.cpp, 6274, 1598, 4676
11, /home/yrong/devel/llvm/benchmark/build/tools/lld/tools/lld/lld-driver.cpp, 2504, 127, 2377
12, /home/yrong/devel/llvm/benchmark/build/tools/lldb/bindings/python/LLDBWrapPython.cpp, 6791, 2716, 4075
13, /home/yrong/devel/llvm/benchmark/build/tools/llvm-ar/llvm-ar-driver.cpp, 2504, 127, 2377
14, /home/yrong/devel/llvm/benchmark/build/tools/llvm-cxxfilt/llvm-cxxfilt-driver.cpp, 2504, 127, 2377
15, /home/yrong/devel/llvm/benchmark/build/tools/llvm-dwp/llvm-dwp-driver.cpp, 2504, 127, 2377
16, /home/yrong/devel/llvm/benchmark/build/tools/llvm-gsymutil/llvm-gsymutil-driver.cpp, 2504, 127, 2377
17, /home/yrong/devel/llvm/benchmark/build/tools/llvm-ifs/llvm-ifs-driver.cpp, 2504, 127, 2377
18, /home/yrong/devel/llvm/benchmark/build/tools/llvm-libtool-darwin/llvm-libtool-darwin-driver.cpp, 2504, 127, 2377
19, /home/yrong/devel/llvm/benchmark/build/tools/llvm-lipo/llvm-lipo-driver.cpp, 2504, 127, 2377
20, /home/yrong/devel/llvm/benchmark/build/tools/llvm-mt/llvm-mt-driver.cpp, 2504, 127, 2377
21, /home/yrong/devel/llvm/benchmark/build/tools/llvm-nm/llvm-nm-driver.cpp, 2504, 127, 2377
22, /home/yrong/devel/llvm/benchmark/build/tools/llvm-objcopy/llvm-objcopy-driver.cpp, 2504, 127, 2377
23, /home/yrong/devel/llvm/benchmark/build/tools/llvm-profdata/llvm-profdata-driver.cpp, 2504, 127, 2377
24, /home/yrong/devel/llvm/benchmark/build/tools/llvm-rc/llvm-rc-driver.cpp, 2504, 127, 2377
25, /home/yrong/devel/llvm/benchmark/build/tools/llvm-readobj/llvm-readobj-driver.cpp, 2504, 127, 2377
26, /home/yrong/devel/llvm/benchmark/build/tools/llvm-size/llvm-size-driver.cpp, 2504, 127, 2377
27, /home/yrong/devel/llvm/benchmark/build/tools/sancov/sancov-driver.cpp, 2504, 127, 2377
28, /home/yrong/devel/llvm/benchmark/llvm-project/bolt/lib/Core/BinaryBasicBlock.cpp, 9706, 4357, 5349
29, /home/yrong/devel/llvm/benchmark/llvm-project/bolt/lib/Core/BinaryContext.cpp, 11091, 5333, 5758
30, /home/yrong/devel/llvm/benchmark/llvm-project/bolt/lib/Core/BinaryData.cpp, 7062, 2528, 4534
31, /home/yrong/devel/llvm/benchmark/llvm-project/bolt/lib/Core/BinaryEmitter.cpp, 10090, 4577, 5513
32, /home/yrong/devel/llvm/benchmark/llvm-project/bolt/lib/Core/BinaryFunction.cpp, 13292, 6090, 7202
33, /home/yrong/devel/llvm/benchmark/llvm-project/bolt/lib/Core/BinaryFunctionProfile.cpp, 9799, 4345, 5454
34, /home/yrong/devel/llvm/benchmark/llvm-project/bolt/lib/Core/BinarySection.cpp, 8543, 3649, 4894
35, /home/yrong/devel/llvm/benchmark/llvm-project/bolt/lib/Core/DIEBuilder.cpp, 9859, 4361, 5498
36, /home/yrong/devel/llvm/benchmark/llvm-project/bolt/lib/Core/DebugData.cpp, 9259, 4223, 5036
37, /home/yrong/devel/llvm/benchmark/llvm-project/bolt/lib/Core/DynoStats.cpp, 9863, 4404, 5459
38, /home/yrong/devel/llvm/benchmark/llvm-project/bolt/lib/Core/Exceptions.cpp, 10121, 4616, 5505
39, /home/yrong/devel/llvm/benchmark/llvm-project/bolt/lib/Core/FunctionLayout.cpp, 9594, 4256, 5338
40, /home/yrong/devel/llvm/benchmark/llvm-project/bolt/lib/Core/HashUtilities.cpp, 9533, 4240, 5293
41, /home/yrong/devel/llvm/benchmark/llvm-project/bolt/lib/Core/JumpTable.cpp, 9707, 4278, 5429
42, /home/yrong/devel/llvm/benchmark/llvm-project/bolt/lib/Core/MCPlusBuilder.cpp, 5076, 1180, 3896
43, /home/yrong/devel/llvm/benchmark/llvm-project/bolt/lib/Core/ParallelUtilities.cpp, 10546, 4626, 5920
44, /home/yrong/devel/llvm/benchmark/llvm-project/bolt/lib/Core/Relocation.cpp, 4908, 1199, 3709
45, /home/yrong/devel/llvm/benchmark/llvm-project/bolt/lib/Passes/ADRRelaxationPass.cpp, 9799, 4354, 5445
46, /home/yrong/devel/llvm/benchmark/llvm-project/bolt/lib/Passes/Aligner.cpp, 9827, 4375, 5452
47, /home/yrong/devel/llvm/benchmark/llvm-project/bolt/lib/Passes/AllocCombiner.cpp, 9808, 4352, 5456
48, /home/yrong/devel/llvm/benchmark/llvm-project/bolt/lib/Passes/AsmDump.cpp, 12433, 5553, 6880
49, /home/yrong/devel/llvm/benchmark/llvm-project/bolt/lib/Passes/BinaryFunctionCallGraph.cpp, 10281, 4478, 5803
50, /home/yrong/devel/llvm/benchmark/llvm-project/bolt/lib/Passes/BinaryPasses.cpp, 11490, 5386, 6104
51, /home/yrong/devel/llvm/benchmark/llvm-project/bolt/lib/Passes/CMOVConversion.cpp, 9946, 4424, 5522
52, /home/yrong/devel/llvm/benchmark/llvm-project/bolt/lib/Passes/CacheMetrics.cpp, 9855, 4399, 5456
53, /home/yrong/devel/llvm/benchmark/llvm-project/bolt/lib/Passes/CallGraph.cpp, 3464, 531, 2933
54, /home/yrong/devel/llvm/benchmark/llvm-project/bolt/lib/Passes/CallGraphWalker.cpp, 4334, 702, 3632
55, /home/yrong/devel/llvm/benchmark/llvm-project/bolt/lib/Passes/DataflowAnalysis.cpp, 10007, 4319, 5688
56, /home/yrong/devel/llvm/benchmark/llvm-project/bolt/lib/Passes/DataflowInfoManager.cpp, 11274, 5282, 5992
57, /home/yrong/devel/llvm/benchmark/llvm-project/bolt/lib/Passes/FixRISCVCallsPass.cpp, 9756, 4316, 5440
58, /home/yrong/devel/llvm/benchmark/llvm-project/bolt/lib/Passes/FixRelaxationPass.cpp, 9759, 4318, 5441
59, /home/yrong/devel/llvm/benchmark/llvm-project/bolt/lib/Passes/FrameAnalysis.cpp, 11552, 5003, 6549
60, /home/yrong/devel/llvm/benchmark/llvm-project/bolt/lib/Passes/FrameOptimizer.cpp, 11637, 5515, 6122
61, /home/yrong/devel/llvm/benchmark/llvm-project/bolt/lib/Passes/HFSort.cpp, 4144, 712, 3432
62, /home/yrong/devel/llvm/benchmark/llvm-project/bolt/lib/Passes/HFSortPlus.cpp, 4870, 941, 3929
63, /home/yrong/devel/llvm/benchmark/llvm-project/bolt/lib/Passes/Hugify.cpp, 9759, 4319, 5440
64, /home/yrong/devel/llvm/benchmark/llvm-project/bolt/lib/Passes/IdenticalCodeFolding.cpp, 10600, 4679, 5921
65, /home/yrong/devel/llvm/benchmark/llvm-project/bolt/lib/Passes/IndirectCallPromotion.cpp, 11918, 5768, 6150
66, /home/yrong/devel/llvm/benchmark/llvm-project/bolt/lib/Passes/Inliner.cpp, 10059, 4567, 5492
67, /home/yrong/devel/llvm/benchmark/llvm-project/bolt/lib/Passes/Instrumentation.cpp, 10776, 4880, 5896
68, /home/yrong/devel/llvm/benchmark/llvm-project/bolt/lib/Passes/JTFootprintReduction.cpp, 11313, 5262, 6051
69, /home/yrong/devel/llvm/benchmark/llvm-project/bolt/lib/Passes/LivenessAnalysis.cpp, 10328, 4467, 5861
70, /home/yrong/devel/llvm/benchmark/llvm-project/bolt/lib/Passes/LongJmp.cpp, 10105, 4485, 5620
71, /home/yrong/devel/llvm/benchmark/llvm-project/bolt/lib/Passes/LoopInversionPass.cpp, 9807, 4351, 5456
72, /home/yrong/devel/llvm/benchmark/llvm-project/bolt/lib/Passes/MCF.cpp, 11182, 5153, 6029
73, /home/yrong/devel/llvm/benchmark/llvm-project/bolt/lib/Passes/PLTCall.cpp, 9807, 4355, 5452
74, /home/yrong/devel/llvm/benchmark/llvm-project/bolt/lib/Passes/PatchEntries.cpp, 9809, 4364, 5445
75, /home/yrong/devel/llvm/benchmark/llvm-project/bolt/lib/Passes/PettisAndHansen.cpp, 3773, 632, 3141
76, /home/yrong/devel/llvm/benchmark/llvm-project/bolt/lib/Passes/RegAnalysis.cpp, 10179, 4407, 5772
77, /home/yrong/devel/llvm/benchmark/llvm-project/bolt/lib/Passes/RegReAssign.cpp, 11335, 5244, 6091
78, /home/yrong/devel/llvm/benchmark/llvm-project/bolt/lib/Passes/ReorderAlgorithm.cpp, 11188, 4664, 6524
79, /home/yrong/devel/llvm/benchmark/llvm-project/bolt/lib/Passes/ReorderData.cpp, 10235, 4714, 5521
80, /home/yrong/devel/llvm/benchmark/llvm-project/bolt/lib/Passes/ReorderFunctions.cpp, 11151, 4754, 6397
81, /home/yrong/devel/llvm/benchmark/llvm-project/bolt/lib/Passes/RetpolineInsertion.cpp, 9896, 4409, 5487
82, /home/yrong/devel/llvm/benchmark/llvm-project/bolt/lib/Passes/ShrinkWrapping.cpp, 12135, 5811, 6324
83, /home/yrong/devel/llvm/benchmark/llvm-project/bolt/lib/Passes/SplitFunctions.cpp, 10892, 4675, 6217
84, /home/yrong/devel/llvm/benchmark/llvm-project/bolt/lib/Passes/StackAllocationAnalysis.cpp, 10471, 4603, 5868
85, /home/yrong/devel/llvm/benchmark/llvm-project/bolt/lib/Passes/StackAvailableExpressions.cpp, 10601, 4694, 5907
86, /home/yrong/devel/llvm/benchmark/llvm-project/bolt/lib/Passes/StackPointerTracking.cpp, 10304, 4466, 5838
87, /home/yrong/devel/llvm/benchmark/llvm-project/bolt/lib/Passes/StackReachingUses.cpp, 10530, 4649, 5881
88, /home/yrong/devel/llvm/benchmark/llvm-project/bolt/lib/Passes/StokeInfo.cpp, 11714, 5174, 6540
89, /home/yrong/devel/llvm/benchmark/llvm-project/bolt/lib/Passes/TailDuplication.cpp, 10483, 4556, 5927
90, /home/yrong/devel/llvm/benchmark/llvm-project/bolt/lib/Passes/ThreeWayBranch.cpp, 9773, 4329, 5444
91, /home/yrong/devel/llvm/benchmark/llvm-project/bolt/lib/Passes/ValidateInternalCalls.cpp, 11313, 5312, 6001
92, /home/yrong/devel/llvm/benchmark/llvm-project/bolt/lib/Passes/ValidateMemRefs.cpp, 9780, 4333, 5447
93, /home/yrong/devel/llvm/benchmark/llvm-project/bolt/lib/Passes/VeneerElimination.cpp, 9792, 4345, 5447
94, /home/yrong/devel/llvm/benchmark/llvm-project/bolt/lib/Profile/BoltAddressTranslation.cpp, 9720, 4402, 5318
95, /home/yrong/devel/llvm/benchmark/llvm-project/bolt/lib/Profile/DataAggregator.cpp, 11147, 5214, 5933
96, /home/yrong/devel/llvm/benchmark/llvm-project/bolt/lib/Profile/DataReader.cpp, 10597, 4909, 5688
97, /home/yrong/devel/llvm/benchmark/llvm-project/bolt/lib/Profile/Heatmap.cpp, 4558, 715, 3843
98, /home/yrong/devel/llvm/benchmark/llvm-project/bolt/lib/Profile/ProfileReaderBase.cpp, 2859, 326, 2533
99, /home/yrong/devel/llvm/benchmark/llvm-project/bolt/lib/Profile/StaleProfileMatching.cpp, 10886, 4841, 6045
100, /home/yrong/devel/llvm/benchmark/llvm-project/bolt/lib/Profile/YAMLProfileReader.cpp, 10274, 4643, 5631
101, /home/yrong/devel/llvm/benchmark/llvm-project/bolt/lib/Profile/YAMLProfileWriter.cpp, 10680, 4744, 5936
102, /home/yrong/devel/llvm/benchmark/llvm-project/bolt/lib/Rewrite/BinaryPassManager.cpp, 12171, 5761, 6410
103, /home/yrong/devel/llvm/benchmark/llvm-project/bolt/lib/Rewrite/BoltDiff.cpp, 10579, 5030, 5549
104, /home/yrong/devel/llvm/benchmark/llvm-project/bolt/lib/Rewrite/DWARFRewriter.cpp, 14533, 7217, 7316
105, /home/yrong/devel/llvm/benchmark/llvm-project/bolt/lib/Rewrite/ExecutableFileMemoryManager.cpp, 9965, 4668, 5297
106, /home/yrong/devel/llvm/benchmark/llvm-project/bolt/lib/Rewrite/JITLinkLinker.cpp, 10036, 4711, 5325
107, /home/yrong/devel/llvm/benchmark/llvm-project/bolt/lib/Rewrite/LinuxKernelRewriter.cpp, 10003, 4519, 5484
108, /home/yrong/devel/llvm/benchmark/llvm-project/bolt/lib/Rewrite/MachORewriteInstance.cpp, 11580, 5508, 6072
109, /home/yrong/devel/llvm/benchmark/llvm-project/bolt/lib/Rewrite/MetadataManager.cpp, 8284, 3555, 4729
110, /home/yrong/devel/llvm/benchmark/llvm-project/bolt/lib/Rewrite/PseudoProbeRewriter.cpp, 10321, 4649, 5672
111, /home/yrong/devel/llvm/benchmark/llvm-project/bolt/lib/Rewrite/RewriteInstance.cpp, 16787, 9082, 7705
112, /home/yrong/devel/llvm/benchmark/llvm-project/bolt/lib/Rewrite/SDTRewriter.cpp, 9837, 4400, 5437
113, /home/yrong/devel/llvm/benchmark/llvm-project/bolt/lib/RuntimeLibs/HugifyRuntimeLibrary.cpp, 9725, 4290, 5435
114, /home/yrong/devel/llvm/benchmark/llvm-project/bolt/lib/RuntimeLibs/InstrumentationRuntimeLibrary.cpp, 9783, 4347, 5436
115, /home/yrong/devel/llvm/benchmark/llvm-project/bolt/lib/RuntimeLibs/RuntimeLibrary.cpp, 3767, 734, 3033
116, /home/yrong/devel/llvm/benchmark/llvm-project/bolt/lib/Target/AArch64/AArch64MCPlusBuilder.cpp, 4974, 1289, 3685
117, /home/yrong/devel/llvm/benchmark/llvm-project/bolt/lib/Target/RISCV/RISCVMCPlusBuilder.cpp, 4567, 1059, 3508
118, /home/yrong/devel/llvm/benchmark/llvm-project/bolt/lib/Target/X86/X86MCPlusBuilder.cpp, 10608, 5046, 5562
119, /home/yrong/devel/llvm/benchmark/llvm-project/bolt/lib/Target/X86/X86MCSymbolizer.cpp, 9615, 4294, 5321
120, /home/yrong/devel/llvm/benchmark/llvm-project/bolt/lib/Utils/CommandLineOpts.cpp, 3367, 469, 2898
121, /home/yrong/devel/llvm/benchmark/llvm-project/bolt/lib/Utils/Utils.cpp, 3478, 554, 2924
122, /home/yrong/devel/llvm/benchmark/llvm-project/bolt/runtime/hugify.cpp, 19, 0, 19
123, /home/yrong/devel/llvm/benchmark/llvm-project/bolt/runtime/instr.cpp, 37, 0, 37
124, /home/yrong/devel/llvm/benchmark/llvm-project/bolt/tools/bat-dump/bat-dump.cpp, 5782, 1539, 4243
125, /home/yrong/devel/llvm/benchmark/llvm-project/bolt/tools/driver/llvm-bolt.cpp, 9315, 4050, 5265
126, /home/yrong/devel/llvm/benchmark/llvm-project/bolt/tools/heatmap/heatmap.cpp, 9262, 4006, 5256
127, /home/yrong/devel/llvm/benchmark/llvm-project/bolt/tools/merge-fdata/merge-fdata.cpp, 11221, 5121, 6100
128, /home/yrong/devel/llvm/benchmark/llvm-project/clang-tools-extra/clang-apply-replacements/lib/Tooling/ApplyReplacements.cpp, 10297, 4145, 6152
129, /home/yrong/devel/llvm/benchmark/llvm-project/clang-tools-extra/clang-apply-replacements/tool/ClangApplyReplacementsMain.cpp, 10119, 4036, 6083
130, /home/yrong/devel/llvm/benchmark/llvm-project/clang-tools-extra/clang-change-namespace/ChangeNamespace.cpp, 12138, 5701, 6437
131, /home/yrong/devel/llvm/benchmark/llvm-project/clang-tools-extra/clang-change-namespace/tool/ClangChangeNamespace.cpp, 13001, 6008, 6993
132, /home/yrong/devel/llvm/benchmark/llvm-project/clang-tools-extra/clang-doc/BitcodeReader.cpp, 12274, 5585, 6689
133, /home/yrong/devel/llvm/benchmark/llvm-project/clang-tools-extra/clang-doc/BitcodeWriter.cpp, 11841, 5202, 6639
134, /home/yrong/devel/llvm/benchmark/llvm-project/clang-tools-extra/clang-doc/ClangDoc.cpp, 13371, 5842, 7529
135, /home/yrong/devel/llvm/benchmark/llvm-project/clang-tools-extra/clang-doc/Generators.cpp, 9850, 3923, 5927
136, /home/yrong/devel/llvm/benchmark/llvm-project/clang-tools-extra/clang-doc/HTMLGenerator.cpp, 10912, 4637, 6275
137, /home/yrong/devel/llvm/benchmark/llvm-project/clang-tools-extra/clang-doc/MDGenerator.cpp, 10075, 4148, 5927
138, /home/yrong/devel/llvm/benchmark/llvm-project/clang-tools-extra/clang-doc/Mapper.cpp, 13118, 5797, 7321
139, /home/yrong/devel/llvm/benchmark/llvm-project/clang-tools-extra/clang-doc/Representation.cpp, 10178, 4181, 5997
140, /home/yrong/devel/llvm/benchmark/llvm-project/clang-tools-extra/clang-doc/Serialize.cpp, 12116, 5441, 6675
141, /home/yrong/devel/llvm/benchmark/llvm-project/clang-tools-extra/clang-doc/YAMLGenerator.cpp, 10409, 4287, 6122
142, /home/yrong/devel/llvm/benchmark/llvm-project/clang-tools-extra/clang-doc/tool/ClangDocMain.cpp, 13728, 6464, 7264
143, /home/yrong/devel/llvm/benchmark/llvm-project/clang-tools-extra/clang-include-fixer/FuzzySymbolIndex.cpp, 3910, 733, 3177
144, /home/yrong/devel/llvm/benchmark/llvm-project/clang-tools-extra/clang-include-fixer/InMemorySymbolIndex.cpp, 3659, 555, 3104
145, /home/yrong/devel/llvm/benchmark/llvm-project/clang-tools-extra/clang-include-fixer/IncludeFixer.cpp, 14144, 6689, 7455
146, /home/yrong/devel/llvm/benchmark/llvm-project/clang-tools-extra/clang-include-fixer/IncludeFixerContext.cpp, 4187, 941, 3246
147, /home/yrong/devel/llvm/benchmark/llvm-project/clang-tools-extra/clang-include-fixer/SymbolIndexManager.cpp, 4393, 859, 3534
148, /home/yrong/devel/llvm/benchmark/llvm-project/clang-tools-extra/clang-include-fixer/YamlSymbolIndex.cpp, 4329, 803, 3526
149, /home/yrong/devel/llvm/benchmark/llvm-project/clang-tools-extra/clang-include-fixer/find-all-symbols/FindAllMacros.cpp, 5788, 1574, 4214
150, /home/yrong/devel/llvm/benchmark/llvm-project/clang-tools-extra/clang-include-fixer/find-all-symbols/FindAllSymbols.cpp, 13586, 6530, 7056
151, /home/yrong/devel/llvm/benchmark/llvm-project/clang-tools-extra/clang-include-fixer/find-all-symbols/FindAllSymbolsAction.cpp, 13743, 6423, 7320
152, /home/yrong/devel/llvm/benchmark/llvm-project/clang-tools-extra/clang-include-fixer/find-all-symbols/HeaderMapCollector.cpp, 1751, 174, 1577
153, /home/yrong/devel/llvm/benchmark/llvm-project/clang-tools-extra/clang-include-fixer/find-all-symbols/PathConfig.cpp, 5063, 1202, 3861
154, /home/yrong/devel/llvm/benchmark/llvm-project/clang-tools-extra/clang-include-fixer/find-all-symbols/PragmaCommentHandler.cpp, 11903, 5292, 6611
155, /home/yrong/devel/llvm/benchmark/llvm-project/clang-tools-extra/clang-include-fixer/find-all-symbols/STLPostfixHeaderMap.cpp, 3022, 1448, 1574
156, /home/yrong/devel/llvm/benchmark/llvm-project/clang-tools-extra/clang-include-fixer/find-all-symbols/SymbolInfo.cpp, 4748, 874, 3874
157, /home/yrong/devel/llvm/benchmark/llvm-project/clang-tools-extra/clang-include-fixer/find-all-symbols/tool/FindAllSymbolsMain.cpp, 14177, 6714, 7463
158, /home/yrong/devel/llvm/benchmark/llvm-project/clang-tools-extra/clang-include-fixer/plugin/IncludeFixerPlugin.cpp, 14078, 6646, 7432
159, /home/yrong/devel/llvm/benchmark/llvm-project/clang-tools-extra/clang-include-fixer/tool/ClangIncludeFixer.cpp, 10844, 4575, 6269
160, /home/yrong/devel/llvm/benchmark/llvm-project/clang-tools-extra/clang-move/HelperDeclRefGraph.cpp, 14068, 6447, 7621
161, /home/yrong/devel/llvm/benchmark/llvm-project/clang-tools-extra/clang-move/Move.cpp, 16192, 7994, 8198
162, /home/yrong/devel/llvm/benchmark/llvm-project/clang-tools-extra/clang-move/tool/ClangMove.cpp, 14418, 6697, 7721
163, /home/yrong/devel/llvm/benchmark/llvm-project/clang-tools-extra/clang-query/Query.cpp, 13194, 5935, 7259
164, /home/yrong/devel/llvm/benchmark/llvm-project/clang-tools-extra/clang-query/QueryParser.cpp, 10894, 4740, 6154
165, /home/yrong/devel/llvm/benchmark/llvm-project/clang-tools-extra/clang-query/tool/ClangQuery.cpp, 12716, 5826, 6890
166, /home/yrong/devel/llvm/benchmark/llvm-project/clang-tools-extra/clang-reorder-fields/ReorderFieldsAction.cpp, 13824, 6283, 7541
167, /home/yrong/devel/llvm/benchmark/llvm-project/clang-tools-extra/clang-reorder-fields/tool/ClangReorderFields.cpp, 9889, 3928, 5961
168, /home/yrong/devel/llvm/benchmark/llvm-project/clang-tools-extra/clang-tidy/ClangTidy.cpp, 14598, 7152, 7446
169, /home/yrong/devel/llvm/benchmark/llvm-project/clang-tools-extra/clang-tidy/ClangTidyCheck.cpp, 11015, 4824, 6191
170, /home/yrong/devel/llvm/benchmark/llvm-project/clang-tools-extra/clang-tidy/ClangTidyDiagnosticConsumer.cpp, 7818, 2822, 4996
171, /home/yrong/devel/llvm/benchmark/llvm-project/clang-tools-extra/clang-tidy/ClangTidyModule.cpp, 10880, 4718, 6162
172, /home/yrong/devel/llvm/benchmark/llvm-project/clang-tools-extra/clang-tidy/ClangTidyOptions.cpp, 4848, 1229, 3619
173, /home/yrong/devel/llvm/benchmark/llvm-project/clang-tools-extra/clang-tidy/ClangTidyProfiling.cpp, 3462, 518, 2944
174, /home/yrong/devel/llvm/benchmark/llvm-project/clang-tools-extra/clang-tidy/ExpandModularHeadersPPCallbacks.cpp, 13936, 6592, 7344
175, /home/yrong/devel/llvm/benchmark/llvm-project/clang-tools-extra/clang-tidy/GlobList.cpp, 2670, 193, 2477
176, /home/yrong/devel/llvm/benchmark/llvm-project/clang-tools-extra/clang-tidy/NoLintDirectiveHandler.cpp, 5699, 1643, 4056
177, /home/yrong/devel/llvm/benchmark/llvm-project/clang-tools-extra/clang-tidy/abseil/AbseilTidyModule.cpp, 12074, 5689, 6385
178, /home/yrong/devel/llvm/benchmark/llvm-project/clang-tools-extra/clang-tidy/abseil/CleanupCtadCheck.cpp, 11434, 5085, 6349
179, /home/yrong/devel/llvm/benchmark/llvm-project/clang-tools-extra/clang-tidy/abseil/DurationAdditionCheck.cpp, 11013, 4843, 6170
180, /home/yrong/devel/llvm/benchmark/llvm-project/clang-tools-extra/clang-tidy/abseil/DurationComparisonCheck.cpp, 10981, 4812, 6169
181, /home/yrong/devel/llvm/benchmark/llvm-project/clang-tools-extra/clang-tidy/abseil/DurationConversionCastCheck.cpp, 11080, 4895, 6185
182, /home/yrong/devel/llvm/benchmark/llvm-project/clang-tools-extra/clang-tidy/abseil/DurationDivisionCheck.cpp, 11001, 4799, 6202
183, /home/yrong/devel/llvm/benchmark/llvm-project/clang-tools-extra/clang-tidy/abseil/DurationFactoryFloatCheck.cpp, 11094, 4880, 6214
184, /home/yrong/devel/llvm/benchmark/llvm-project/clang-tools-extra/clang-tidy/abseil/DurationFactoryScaleCheck.cpp, 11226, 5034, 6192
185, /home/yrong/devel/llvm/benchmark/llvm-project/clang-tools-extra/clang-tidy/abseil/DurationRewriter.cpp, 11400, 4941, 6459
186, /home/yrong/devel/llvm/benchmark/llvm-project/clang-tools-extra/clang-tidy/abseil/DurationSubtractionCheck.cpp, 11005, 4835, 6170
187, /home/yrong/devel/llvm/benchmark/llvm-project/clang-tools-extra/clang-tidy/abseil/DurationUnnecessaryConversionCheck.cpp, 11089, 4916, 6173
188, /home/yrong/devel/llvm/benchmark/llvm-project/clang-tools-extra/clang-tidy/abseil/FasterStrsplitDelimiterCheck.cpp, 11029, 4846, 6183
189, /home/yrong/devel/llvm/benchmark/llvm-project/clang-tools-extra/clang-tidy/abseil/NoInternalDependenciesCheck.cpp, 10897, 4730, 6167
190, /home/yrong/devel/llvm/benchmark/llvm-project/clang-tools-extra/clang-tidy/abseil/NoNamespaceCheck.cpp, 10872, 4709, 6163
191, /home/yrong/devel/llvm/benchmark/llvm-project/clang-tools-extra/clang-tidy/abseil/RedundantStrcatCallsCheck.cpp, 10989, 4804, 6185
192, /home/yrong/devel/llvm/benchmark/llvm-project/clang-tools-extra/clang-tidy/abseil/StrCatAppendCheck.cpp, 11002, 4819, 6183
193, /home/yrong/devel/llvm/benchmark/llvm-project/clang-tools-extra/clang-tidy/abseil/StringFindStartswithCheck.cpp, 13464, 6397, 7067
194, /home/yrong/devel/llvm/benchmark/llvm-project/clang-tools-extra/clang-tidy/abseil/StringFindStrContainsCheck.cpp, 13062, 6127, 6935
195, /home/yrong/devel/llvm/benchmark/llvm-project/clang-tools-extra/clang-tidy/abseil/TimeComparisonCheck.cpp, 10981, 4812, 6169
196, /home/yrong/devel/llvm/benchmark/llvm-project/clang-tools-extra/clang-tidy/abseil/TimeSubtractionCheck.cpp, 11274, 5050, 6224
197, /home/yrong/devel/llvm/benchmark/llvm-project/clang-tools-extra/clang-tidy/abseil/UpgradeDurationConversionsCheck.cpp, 11348, 5105, 6243
198, /home/yrong/devel/llvm/benchmark/llvm-project/clang-tools-extra/clang-tidy/altera/AlteraTidyModule.cpp, 11123, 4947, 6176
199, /home/yrong/devel/llvm/benchmark/llvm-project/clang-tools-extra/clang-tidy/altera/IdDependentBackwardBranchCheck.cpp, 11346, 5127, 6219
200, /home/yrong/devel/llvm/benchmark/llvm-project/clang-tools-extra/clang-tidy/altera/KernelNameRestrictionCheck.cpp, 13189, 6154, 7035
201, /home/yrong/devel/llvm/benchmark/llvm-project/clang-tools-extra/clang-tidy/altera/SingleWorkItemBarrierCheck.cpp, 10909, 4740, 6169
202, /home/yrong/devel/llvm/benchmark/llvm-project/clang-tools-extra/clang-tidy/altera/StructPackAlignCheck.cpp, 11307, 4835, 6472
203, /home/yrong/devel/llvm/benchmark/llvm-project/clang-tools-extra/clang-tidy/altera/UnrollLoopsCheck.cpp, 11300, 4845, 6455
204, /home/yrong/devel/llvm/benchmark/llvm-project/clang-tools-extra/clang-tidy/android/AndroidTidyModule.cpp, 11457, 5251, 6206
205, /home/yrong/devel/llvm/benchmark/llvm-project/clang-tools-extra/clang-tidy/android/CloexecAccept4Check.cpp, 10969, 4756, 6213
206, /home/yrong/devel/llvm/benchmark/llvm-project/clang-tools-extra/clang-tidy/android/CloexecAcceptCheck.cpp, 10919, 4749, 6170
207, /home/yrong/devel/llvm/benchmark/llvm-project/clang-tools-extra/clang-tidy/android/CloexecCheck.cpp, 11000, 4761, 6239
208, /home/yrong/devel/llvm/benchmark/llvm-project/clang-tools-extra/clang-tidy/android/CloexecCreatCheck.cpp, 10897, 4731, 6166
209, /home/yrong/devel/llvm/benchmark/llvm-project/clang-tools-extra/clang-tidy/android/CloexecDupCheck.cpp, 10858, 4696, 6162
210, /home/yrong/devel/llvm/benchmark/llvm-project/clang-tools-extra/clang-tidy/android/CloexecEpollCreate1Check.cpp, 10912, 4707, 6205
211, /home/yrong/devel/llvm/benchmark/llvm-project/clang-tools-extra/clang-tidy/android/CloexecEpollCreateCheck.cpp, 10852, 4690, 6162
212, /home/yrong/devel/llvm/benchmark/llvm-project/clang-tools-extra/clang-tidy/android/CloexecFopenCheck.cpp, 10899, 4708, 6191
213, /home/yrong/devel/llvm/benchmark/llvm-project/clang-tools-extra/clang-tidy/android/CloexecInotifyInit1Check.cpp, 10912, 4707, 6205
214, /home/yrong/devel/llvm/benchmark/llvm-project/clang-tools-extra/clang-tidy/android/CloexecInotifyInitCheck.cpp, 10840, 4680, 6160
215, /home/yrong/devel/llvm/benchmark/llvm-project/clang-tools-extra/clang-tidy/android/CloexecMemfdCreateCheck.cpp, 10864, 4701, 6163
216, /home/yrong/devel/llvm/benchmark/llvm-project/clang-tools-extra/clang-tidy/android/CloexecOpenCheck.cpp, 10893, 4729, 6164
217, /home/yrong/devel/llvm/benchmark/llvm-project/clang-tools-extra/clang-tidy/android/CloexecPipe2Check.cpp, 10919, 4714, 6205
218, /home/yrong/devel/llvm/benchmark/llvm-project/clang-tools-extra/clang-tidy/android/CloexecPipeCheck.cpp, 10859, 4697, 6162
219, /home/yrong/devel/llvm/benchmark/llvm-project/clang-tools-extra/clang-tidy/android/CloexecSocketCheck.cpp, 10866, 4704, 6162
220, /home/yrong/devel/llvm/benchmark/llvm-project/clang-tools-extra/clang-tidy/android/ComparisonInTempFailureRetryCheck.cpp, 11040, 4786, 6254
221, /home/yrong/devel/llvm/benchmark/llvm-project/clang-tools-extra/clang-tidy/boost/BoostTidyModule.cpp, 10939, 4775, 6164
222, /home/yrong/devel/llvm/benchmark/llvm-project/clang-tools-extra/clang-tidy/boost/UseToStringCheck.cpp, 10967, 4790, 6177
223, /home/yrong/devel/llvm/benchmark/llvm-project/clang-tools-extra/clang-tidy/bugprone/ArgumentCommentCheck.cpp, 11079, 4862, 6217
224, /home/yrong/devel/llvm/benchmark/llvm-project/clang-tools-extra/clang-tidy/bugprone/AssertSideEffectCheck.cpp, 12565, 5727, 6838
225, /home/yrong/devel/llvm/benchmark/llvm-project/clang-tools-extra/clang-tidy/bugprone/AssignmentInIfConditionCheck.cpp, 12835, 5947, 6888
226, /home/yrong/devel/llvm/benchmark/llvm-project/clang-tools-extra/clang-tidy/bugprone/BadSignalToKillThreadCheck.cpp, 11918, 5377, 6541
227, /home/yrong/devel/llvm/benchmark/llvm-project/clang-tools-extra/clang-tidy/bugprone/BoolPointerImplicitConversionCheck.cpp, 11095, 4901, 6194
228, /home/yrong/devel/llvm/benchmark/llvm-project/clang-tools-extra/clang-tidy/bugprone/BranchCloneCheck.cpp, 12474, 5536, 6938
229, /home/yrong/devel/llvm/benchmark/llvm-project/clang-tools-extra/clang-tidy/bugprone/BugproneTidyModule.cpp, 16542, 8681, 7861
230, /home/yrong/devel/llvm/benchmark/llvm-project/clang-tools-extra/clang-tidy/bugprone/CopyConstructorInitCheck.cpp, 10941, 4745, 6196
231, /home/yrong/devel/llvm/benchmark/llvm-project/clang-tools-extra/clang-tidy/bugprone/DanglingHandleCheck.cpp, 11530, 5244, 6286
232, /home/yrong/devel/llvm/benchmark/llvm-project/clang-tools-extra/clang-tidy/bugprone/DynamicStaticInitializersCheck.cpp, 10895, 4727, 6168
233, /home/yrong/devel/llvm/benchmark/llvm-project/clang-tools-extra/clang-tidy/bugprone/EasilySwappableParametersCheck.cpp, 13139, 6047, 7092
234, /home/yrong/devel/llvm/benchmark/llvm-project/clang-tools-extra/clang-tidy/bugprone/EmptyCatchCheck.cpp, 11127, 4870, 6257
235, /home/yrong/devel/llvm/benchmark/llvm-project/clang-tools-extra/clang-tidy/bugprone/ExceptionEscapeCheck.cpp, 10963, 4795, 6168
236, /home/yrong/devel/llvm/benchmark/llvm-project/clang-tools-extra/clang-tidy/bugprone/FoldInitTypeCheck.cpp, 11105, 4907, 6198
237, /home/yrong/devel/llvm/benchmark/llvm-project/clang-tools-extra/clang-tidy/bugprone/ForwardDeclarationNamespaceCheck.cpp, 11022, 4839, 6183
238, /home/yrong/devel/llvm/benchmark/llvm-project/clang-tools-extra/clang-tidy/bugprone/ForwardingReferenceOverloadCheck.cpp, 11115, 4915, 6200
239, /home/yrong/devel/llvm/benchmark/llvm-project/clang-tools-extra/clang-tidy/bugprone/ImplicitWideningOfMultiplicationResultCheck.cpp, 11126, 4934, 6192
240, /home/yrong/devel/llvm/benchmark/llvm-project/clang-tools-extra/clang-tidy/bugprone/InaccurateEraseCheck.cpp, 11014, 4808, 6206
241, /home/yrong/devel/llvm/benchmark/llvm-project/clang-tools-extra/clang-tidy/bugprone/IncDecInConditionsCheck.cpp, 11122, 4891, 6231
242, /home/yrong/devel/llvm/benchmark/llvm-project/clang-tools-extra/clang-tidy/bugprone/IncorrectRoundingsCheck.cpp, 10985, 4784, 6201
243, /home/yrong/devel/llvm/benchmark/llvm-project/clang-tools-extra/clang-tidy/bugprone/InfiniteLoopCheck.cpp, 12900, 5781, 7119
244, /home/yrong/devel/llvm/benchmark/llvm-project/clang-tools-extra/clang-tidy/bugprone/IntegerDivisionCheck.cpp, 11034, 4850, 6184
245, /home/yrong/devel/llvm/benchmark/llvm-project/clang-tools-extra/clang-tidy/bugprone/LambdaFunctionNameCheck.cpp, 13266, 6219, 7047
246, /home/yrong/devel/llvm/benchmark/llvm-project/clang-tools-extra/clang-tidy/bugprone/MacroParenthesesCheck.cpp, 13188, 6152, 7036
247, /home/yrong/devel/llvm/benchmark/llvm-project/clang-tools-extra/clang-tidy/bugprone/MacroRepeatedSideEffectsCheck.cpp, 13202, 6161, 7041
248, /home/yrong/devel/llvm/benchmark/llvm-project/clang-tools-extra/clang-tidy/bugprone/MisplacedOperatorInStrlenInAllocCheck.cpp, 11125, 4917, 6208
249, /home/yrong/devel/llvm/benchmark/llvm-project/clang-tools-extra/clang-tidy/bugprone/MisplacedPointerArithmeticInAllocCheck.cpp, 11079, 4865, 6214
250, /home/yrong/devel/llvm/benchmark/llvm-project/clang-tools-extra/clang-tidy/bugprone/MisplacedWideningCastCheck.cpp, 11178, 4930, 6248
251, /home/yrong/devel/llvm/benchmark/llvm-project/clang-tools-extra/clang-tidy/bugprone/MoveForwardingReferenceCheck.cpp, 11074, 4858, 6216
252, /home/yrong/devel/llvm/benchmark/llvm-project/clang-tools-extra/clang-tidy/bugprone/MultiLevelImplicitPointerConversionCheck.cpp, 10880, 4717, 6163
253, /home/yrong/devel/llvm/benchmark/llvm-project/clang-tools-extra/clang-tidy/bugprone/MultipleNewInOneExpressionCheck.cpp, 11156, 4937, 6219
254, /home/yrong/devel/llvm/benchmark/llvm-project/clang-tools-extra/clang-tidy/bugprone/MultipleStatementMacroCheck.cpp, 10957, 4783, 6174
255, /home/yrong/devel/llvm/benchmark/llvm-project/clang-tools-extra/clang-tidy/bugprone/NoEscapeCheck.cpp, 10910, 4738, 6172
256, /home/yrong/devel/llvm/benchmark/llvm-project/clang-tools-extra/clang-tidy/bugprone/NonZeroEnumToBoolConversionCheck.cpp, 11116, 4879, 6237
257, /home/yrong/devel/llvm/benchmark/llvm-project/clang-tools-extra/clang-tidy/bugprone/NotNullTerminatedResultCheck.cpp, 14233, 7098, 7135
258, /home/yrong/devel/llvm/benchmark/llvm-project/clang-tools-extra/clang-tidy/bugprone/OptionalValueConversionCheck.cpp, 11186, 4916, 6270
259, /home/yrong/devel/llvm/benchmark/llvm-project/clang-tools-extra/clang-tidy/bugprone/ParentVirtualCallCheck.cpp, 11038, 4836, 6202
260, /home/yrong/devel/llvm/benchmark/llvm-project/clang-tools-extra/clang-tidy/bugprone/PosixReturnCheck.cpp, 11147, 4886, 6261
261, /home/yrong/devel/llvm/benchmark/llvm-project/clang-tools-extra/clang-tidy/bugprone/RedundantBranchConditionCheck.cpp, 11226, 4964, 6262
262, /home/yrong/devel/llvm/benchmark/llvm-project/clang-tools-extra/clang-tidy/bugprone/ReservedIdentifierCheck.cpp, 11079, 4808, 6271
263, /home/yrong/devel/llvm/benchmark/llvm-project/clang-tools-extra/clang-tidy/bugprone/SharedPtrArrayMismatchCheck.cpp, 10882, 4716, 6166
264, /home/yrong/devel/llvm/benchmark/llvm-project/clang-tools-extra/clang-tidy/bugprone/SignalHandlerCheck.cpp, 12568, 5586, 6982
265, /home/yrong/devel/llvm/benchmark/llvm-project/clang-tools-extra/clang-tidy/bugprone/SignedCharMisuseCheck.cpp, 11168, 4965, 6203
266, /home/yrong/devel/llvm/benchmark/llvm-project/clang-tools-extra/clang-tidy/bugprone/SizeofContainerCheck.cpp, 10940, 4771, 6169
267, /home/yrong/devel/llvm/benchmark/llvm-project/clang-tools-extra/clang-tidy/bugprone/SizeofExpressionCheck.cpp, 11688, 5406, 6282
268, /home/yrong/devel/llvm/benchmark/llvm-project/clang-tools-extra/clang-tidy/bugprone/SmartPtrArrayMismatchCheck.cpp, 11049, 4802, 6247
269, /home/yrong/devel/llvm/benchmark/llvm-project/clang-tools-extra/clang-tidy/bugprone/SpuriouslyWakeUpFunctionsCheck.cpp, 11324, 5110, 6214
270, /home/yrong/devel/llvm/benchmark/llvm-project/clang-tools-extra/clang-tidy/bugprone/StandaloneEmptyCheck.cpp, 11067, 4852, 6215
271, /home/yrong/devel/llvm/benchmark/llvm-project/clang-tools-extra/clang-tidy/bugprone/StringConstructorCheck.cpp, 11301, 5101, 6200
272, /home/yrong/devel/llvm/benchmark/llvm-project/clang-tools-extra/clang-tidy/bugprone/StringIntegerAssignmentCheck.cpp, 11014, 4803, 6211
273, /home/yrong/devel/llvm/benchmark/llvm-project/clang-tools-extra/clang-tidy/bugprone/StringLiteralWithEmbeddedNulCheck.cpp, 10933, 4760, 6173
274, /home/yrong/devel/llvm/benchmark/llvm-project/clang-tools-extra/clang-tidy/bugprone/StringviewNullptrCheck.cpp, 11961, 5561, 6400
275, /home/yrong/devel/llvm/benchmark/llvm-project/clang-tools-extra/clang-tidy/bugprone/SuspiciousEnumUsageCheck.cpp, 11024, 4846, 6178
276, /home/yrong/devel/llvm/benchmark/llvm-project/clang-tools-extra/clang-tidy/bugprone/SuspiciousIncludeCheck.cpp, 11924, 5390, 6534
277, /home/yrong/devel/llvm/benchmark/llvm-project/clang-tools-extra/clang-tidy/bugprone/SuspiciousMemoryComparisonCheck.cpp, 10906, 4735, 6171
278, /home/yrong/devel/llvm/benchmark/llvm-project/clang-tools-extra/clang-tidy/bugprone/SuspiciousMemsetUsageCheck.cpp, 11049, 4844, 6205
279, /home/yrong/devel/llvm/benchmark/llvm-project/clang-tools-extra/clang-tidy/bugprone/SuspiciousMissingCommaCheck.cpp, 10927, 4750, 6177
280, /home/yrong/devel/llvm/benchmark/llvm-project/clang-tools-extra/clang-tidy/bugprone/SuspiciousReallocUsageCheck.cpp, 11117, 4854, 6263
281, /home/yrong/devel/llvm/benchmark/llvm-project/clang-tools-extra/clang-tidy/bugprone/SuspiciousSemicolonCheck.cpp, 11029, 4822, 6207
282, /home/yrong/devel/llvm/benchmark/llvm-project/clang-tools-extra/clang-tidy/bugprone/SuspiciousStringCompareCheck.cpp, 11462, 5172, 6290
283, /home/yrong/devel/llvm/benchmark/llvm-project/clang-tools-extra/clang-tidy/bugprone/SwappedArgumentsCheck.cpp, 10907, 4713, 6194
284, /home/yrong/devel/llvm/benchmark/llvm-project/clang-tools-extra/clang-tidy/bugprone/SwitchMissingDefaultCaseCheck.cpp, 10913, 4748, 6165
285, /home/yrong/devel/llvm/benchmark/llvm-project/clang-tools-extra/clang-tidy/bugprone/TerminatingContinueCheck.cpp, 11049, 4832, 6217
286, /home/yrong/devel/llvm/benchmark/llvm-project/clang-tools-extra/clang-tidy/bugprone/ThrowKeywordMissingCheck.cpp, 11061, 4870, 6191
287, /home/yrong/devel/llvm/benchmark/llvm-project/clang-tools-extra/clang-tidy/bugprone/TooSmallLoopVariableCheck.cpp, 11116, 4925, 6191
288, /home/yrong/devel/llvm/benchmark/llvm-project/clang-tools-extra/clang-tidy/bugprone/UncheckedOptionalAccessCheck.cpp, 11999, 5247, 6752
289, /home/yrong/devel/llvm/benchmark/llvm-project/clang-tools-extra/clang-tidy/bugprone/UndefinedMemoryManipulationCheck.cpp, 10892, 4728, 6164
290, /home/yrong/devel/llvm/benchmark/llvm-project/clang-tools-extra/clang-tidy/bugprone/UndelegatedConstructorCheck.cpp, 10948, 4747, 6201
291, /home/yrong/devel/llvm/benchmark/llvm-project/clang-tools-extra/clang-tidy/bugprone/UnhandledExceptionAtNewCheck.cpp, 10968, 4791, 6177
292, /home/yrong/devel/llvm/benchmark/llvm-project/clang-tools-extra/clang-tidy/bugprone/UnhandledSelfAssignmentCheck.cpp, 11408, 5181, 6227
293, /home/yrong/devel/llvm/benchmark/llvm-project/clang-tools-extra/clang-tidy/bugprone/UniquePtrArrayMismatchCheck.cpp, 10906, 4739, 6167
294, /home/yrong/devel/llvm/benchmark/llvm-project/clang-tools-extra/clang-tidy/bugprone/UnsafeFunctionsCheck.cpp, 12029, 5492, 6537
295, /home/yrong/devel/llvm/benchmark/llvm-project/clang-tools-extra/clang-tidy/bugprone/UnusedRaiiCheck.cpp, 11072, 4855, 6217
296, /home/yrong/devel/llvm/benchmark/llvm-project/clang-tools-extra/clang-tidy/bugprone/UnusedReturnValueCheck.cpp, 11252, 4993, 6259
297, /home/yrong/devel/llvm/benchmark/llvm-project/clang-tools-extra/clang-tidy/bugprone/UseAfterMoveCheck.cpp, 12087, 5550, 6537
298, /home/yrong/devel/llvm/benchmark/llvm-project/clang-tools-extra/clang-tidy/bugprone/VirtualNearMissCheck.cpp, 11066, 4825, 6241
299, /home/yrong/devel/llvm/benchmark/llvm-project/clang-tools-extra/clang-tidy/cert/CERTTidyModule.cpp, 13445, 6421, 7024
300, /home/yrong/devel/llvm/benchmark/llvm-project/clang-tools-extra/clang-tidy/cert/CommandProcessorCheck.cpp, 10891, 4726, 6165
301, /home/yrong/devel/llvm/benchmark/llvm-project/clang-tools-extra/clang-tidy/cert/DefaultOperatorNewAlignmentCheck.cpp, 11038, 4833, 6205
302, /home/yrong/devel/llvm/benchmark/llvm-project/clang-tools-extra/clang-tidy/cert/DontModifyStdNamespaceCheck.cpp, 11082, 4896, 6186
303, /home/yrong/devel/llvm/benchmark/llvm-project/clang-tools-extra/clang-tidy/cert/FloatLoopCounter.cpp, 10862, 4700, 6162
304, /home/yrong/devel/llvm/benchmark/llvm-project/clang-tools-extra/clang-tidy/cert/LimitedRandomnessCheck.cpp, 10878, 4711, 6167
305, /home/yrong/devel/llvm/benchmark/llvm-project/clang-tools-extra/clang-tidy/cert/MutatingCopyCheck.cpp, 11186, 4988, 6198
306, /home/yrong/devel/llvm/benchmark/llvm-project/clang-tools-extra/clang-tidy/cert/NonTrivialTypesLibcMemoryCallsCheck.cpp, 11020, 4843, 6177
307, /home/yrong/devel/llvm/benchmark/llvm-project/clang-tools-extra/clang-tidy/cert/PostfixOperatorCheck.cpp, 10911, 4720, 6191
308, /home/yrong/devel/llvm/benchmark/llvm-project/clang-tools-extra/clang-tidy/cert/ProperlySeededRandomGeneratorCheck.cpp, 11015, 4822, 6193
309, /home/yrong/devel/llvm/benchmark/llvm-project/clang-tools-extra/clang-tidy/cert/SetLongJmpCheck.cpp, 13207, 6167, 7040
310, /home/yrong/devel/llvm/benchmark/llvm-project/clang-tools-extra/clang-tidy/cert/StaticObjectExceptionCheck.cpp, 11118, 4891, 6227
311, /home/yrong/devel/llvm/benchmark/llvm-project/clang-tools-extra/clang-tidy/cert/StrToNumCheck.cpp, 10924, 4746, 6178
312, /home/yrong/devel/llvm/benchmark/llvm-project/clang-tools-extra/clang-tidy/cert/ThrownExceptionTypeCheck.cpp, 11012, 4787, 6225
313, /home/yrong/devel/llvm/benchmark/llvm-project/clang-tools-extra/clang-tidy/cert/VariadicFunctionDefCheck.cpp, 10853, 4694, 6159
314, /home/yrong/devel/llvm/benchmark/llvm-project/clang-tools-extra/clang-tidy/concurrency/ConcurrencyTidyModule.cpp, 10976, 4809, 6167
315, /home/yrong/devel/llvm/benchmark/llvm-project/clang-tools-extra/clang-tidy/concurrency/MtUnsafeCheck.cpp, 10917, 4747, 6170
316, /home/yrong/devel/llvm/benchmark/llvm-project/clang-tools-extra/clang-tidy/concurrency/ThreadCanceltypeAsynchronousCheck.cpp, 11895, 5366, 6529
317, /home/yrong/devel/llvm/benchmark/llvm-project/clang-tools-extra/clang-tidy/cppcoreguidelines/AvoidCapturingLambdaCoroutinesCheck.cpp, 10857, 4695, 6162
318, /home/yrong/devel/llvm/benchmark/llvm-project/clang-tools-extra/clang-tidy/cppcoreguidelines/AvoidConstOrRefDataMembersCheck.cpp, 10922, 4754, 6168
319, /home/yrong/devel/llvm/benchmark/llvm-project/clang-tools-extra/clang-tidy/cppcoreguidelines/AvoidDoWhileCheck.cpp, 10860, 4696, 6164
320, /home/yrong/devel/llvm/benchmark/llvm-project/clang-tools-extra/clang-tidy/cppcoreguidelines/AvoidGotoCheck.cpp, 11050, 4864, 6186
321, /home/yrong/devel/llvm/benchmark/llvm-project/clang-tools-extra/clang-tidy/cppcoreguidelines/AvoidNonConstGlobalVariablesCheck.cpp, 10953, 4786, 6167
322, /home/yrong/devel/llvm/benchmark/llvm-project/clang-tools-extra/clang-tidy/cppcoreguidelines/AvoidReferenceCoroutineParametersCheck.cpp, 10952, 4775, 6177
323, /home/yrong/devel/llvm/benchmark/llvm-project/clang-tools-extra/clang-tidy/cppcoreguidelines/CppCoreGuidelinesTidyModule.cpp, 12479, 6147, 6332
324, /home/yrong/devel/llvm/benchmark/llvm-project/clang-tools-extra/clang-tidy/cppcoreguidelines/InitVariablesCheck.cpp, 12104, 5559, 6545
325, /home/yrong/devel/llvm/benchmark/llvm-project/clang-tools-extra/clang-tidy/cppcoreguidelines/InterfacesGlobalInitCheck.cpp, 10981, 4806, 6175
326, /home/yrong/devel/llvm/benchmark/llvm-project/clang-tools-extra/clang-tidy/cppcoreguidelines/MacroUsageCheck.cpp, 13180, 6146, 7034
327, /home/yrong/devel/llvm/benchmark/llvm-project/clang-tools-extra/clang-tidy/cppcoreguidelines/MisleadingCaptureDefaultByValueCheck.cpp, 10918, 4726, 6192
328, /home/yrong/devel/llvm/benchmark/llvm-project/clang-tools-extra/clang-tidy/cppcoreguidelines/MissingStdForwardCheck.cpp, 11237, 4986, 6251
329, /home/yrong/devel/llvm/benchmark/llvm-project/clang-tools-extra/clang-tidy/cppcoreguidelines/NarrowingConversionsCheck.cpp, 11241, 5041, 6200
330, /home/yrong/devel/llvm/benchmark/llvm-project/clang-tools-extra/clang-tidy/cppcoreguidelines/NoMallocCheck.cpp, 11021, 4795, 6226
331, /home/yrong/devel/llvm/benchmark/llvm-project/clang-tools-extra/clang-tidy/cppcoreguidelines/OwningMemoryCheck.cpp, 11610, 5323, 6287
332, /home/yrong/devel/llvm/benchmark/llvm-project/clang-tools-extra/clang-tidy/cppcoreguidelines/PreferMemberInitializerCheck.cpp, 11237, 4985, 6252
333, /home/yrong/devel/llvm/benchmark/llvm-project/clang-tools-extra/clang-tidy/cppcoreguidelines/ProBoundsArrayToPointerDecayCheck.cpp, 11021, 4839, 6182
334, /home/yrong/devel/llvm/benchmark/llvm-project/clang-tools-extra/clang-tidy/cppcoreguidelines/ProBoundsConstantArrayIndexCheck.cpp, 13378, 6318, 7060
335, /home/yrong/devel/llvm/benchmark/llvm-project/clang-tools-extra/clang-tidy/cppcoreguidelines/ProBoundsPointerArithmeticCheck.cpp, 11042, 4855, 6187
336, /home/yrong/devel/llvm/benchmark/llvm-project/clang-tools-extra/clang-tidy/cppcoreguidelines/ProTypeConstCastCheck.cpp, 10858, 4694, 6164
337, /home/yrong/devel/llvm/benchmark/llvm-project/clang-tools-extra/clang-tidy/cppcoreguidelines/ProTypeCstyleCastCheck.cpp, 10921, 4724, 6197
338, /home/yrong/devel/llvm/benchmark/llvm-project/clang-tools-extra/clang-tidy/cppcoreguidelines/ProTypeMemberInitCheck.cpp, 11535, 5190, 6345
339, /home/yrong/devel/llvm/benchmark/llvm-project/clang-tools-extra/clang-tidy/cppcoreguidelines/ProTypeReinterpretCastCheck.cpp, 10858, 4694, 6164
340, /home/yrong/devel/llvm/benchmark/llvm-project/clang-tools-extra/clang-tidy/cppcoreguidelines/ProTypeStaticCastDowncastCheck.cpp, 10873, 4707, 6166
341, /home/yrong/devel/llvm/benchmark/llvm-project/clang-tools-extra/clang-tidy/cppcoreguidelines/ProTypeUnionAccessCheck.cpp, 10886, 4716, 6170
342, /home/yrong/devel/llvm/benchmark/llvm-project/clang-tools-extra/clang-tidy/cppcoreguidelines/ProTypeVarargCheck.cpp, 12199, 5607, 6592
343, /home/yrong/devel/llvm/benchmark/llvm-project/clang-tools-extra/clang-tidy/cppcoreguidelines/RvalueReferenceParamNotMovedCheck.cpp, 11382, 5116, 6266
344, /home/yrong/devel/llvm/benchmark/llvm-project/clang-tools-extra/clang-tidy/cppcoreguidelines/SlicingCheck.cpp, 11108, 4876, 6232
345, /home/yrong/devel/llvm/benchmark/llvm-project/clang-tools-extra/clang-tidy/cppcoreguidelines/SpecialMemberFunctionsCheck.cpp, 10987, 4792, 6195
346, /home/yrong/devel/llvm/benchmark/llvm-project/clang-tools-extra/clang-tidy/cppcoreguidelines/VirtualClassDestructorCheck.cpp, 11023, 4827, 6196
347, /home/yrong/devel/llvm/benchmark/llvm-project/clang-tools-extra/clang-tidy/darwin/AvoidSpinlockCheck.cpp, 10857, 4694, 6163
348, /home/yrong/devel/llvm/benchmark/llvm-project/clang-tools-extra/clang-tidy/darwin/DarwinTidyModule.cpp, 10976, 4809, 6167
349, /home/yrong/devel/llvm/benchmark/llvm-project/clang-tools-extra/clang-tidy/darwin/DispatchOnceNonstaticCheck.cpp, 10895, 4725, 6170
350, /home/yrong/devel/llvm/benchmark/llvm-project/clang-tools-extra/clang-tidy/fuchsia/DefaultArgumentsCallsCheck.cpp, 10859, 4694, 6165
351, /home/yrong/devel/llvm/benchmark/llvm-project/clang-tools-extra/clang-tidy/fuchsia/DefaultArgumentsDeclarationsCheck.cpp, 10908, 4716, 6192
352, /home/yrong/devel/llvm/benchmark/llvm-project/clang-tools-extra/clang-tidy/fuchsia/FuchsiaTidyModule.cpp, 11198, 5013, 6185
353, /home/yrong/devel/llvm/benchmark/llvm-project/clang-tools-extra/clang-tidy/fuchsia/MultipleInheritanceCheck.cpp, 10869, 4703, 6166
354, /home/yrong/devel/llvm/benchmark/llvm-project/clang-tools-extra/clang-tidy/fuchsia/OverloadedOperatorCheck.cpp, 10851, 4689, 6162
355, /home/yrong/devel/llvm/benchmark/llvm-project/clang-tools-extra/clang-tidy/fuchsia/StaticallyConstructedObjectsCheck.cpp, 10893, 4730, 6163
356, /home/yrong/devel/llvm/benchmark/llvm-project/clang-tools-extra/clang-tidy/fuchsia/TrailingReturnCheck.cpp, 10907, 4741, 6166
357, /home/yrong/devel/llvm/benchmark/llvm-project/clang-tools-extra/clang-tidy/fuchsia/VirtualInheritanceCheck.cpp, 10842, 4683, 6159
358, /home/yrong/devel/llvm/benchmark/llvm-project/clang-tools-extra/clang-tidy/google/AvoidCStyleCastsCheck.cpp, 11082, 4863, 6219
359, /home/yrong/devel/llvm/benchmark/llvm-project/clang-tools-extra/clang-tidy/google/AvoidNSObjectNewCheck.cpp, 11002, 4799, 6203
360, /home/yrong/devel/llvm/benchmark/llvm-project/clang-tools-extra/clang-tidy/google/AvoidThrowingObjCExceptionCheck.cpp, 10896, 4729, 6167
361, /home/yrong/devel/llvm/benchmark/llvm-project/clang-tools-extra/clang-tidy/google/AvoidUnderscoreInGoogletestNameCheck.cpp, 13176, 6144, 7032
362, /home/yrong/devel/llvm/benchmark/llvm-project/clang-tools-extra/clang-tidy/google/DefaultArgumentsCheck.cpp, 10886, 4721, 6165
363, /home/yrong/devel/llvm/benchmark/llvm-project/clang-tools-extra/clang-tidy/google/ExplicitConstructorCheck.cpp, 10997, 4794, 6203
364, /home/yrong/devel/llvm/benchmark/llvm-project/clang-tools-extra/clang-tidy/google/ExplicitMakePairCheck.cpp, 10890, 4726, 6164
365, /home/yrong/devel/llvm/benchmark/llvm-project/clang-tools-extra/clang-tidy/google/FunctionNamingCheck.cpp, 10945, 4777, 6168
366, /home/yrong/devel/llvm/benchmark/llvm-project/clang-tools-extra/clang-tidy/google/GlobalNamesInHeadersCheck.cpp, 10952, 4748, 6204
367, /home/yrong/devel/llvm/benchmark/llvm-project/clang-tools-extra/clang-tidy/google/GlobalVariableDeclarationCheck.cpp, 10919, 4755, 6164
368, /home/yrong/devel/llvm/benchmark/llvm-project/clang-tools-extra/clang-tidy/google/GoogleTidyModule.cpp, 11654, 5433, 6221
369, /home/yrong/devel/llvm/benchmark/llvm-project/clang-tools-extra/clang-tidy/google/IntegerTypesCheck.cpp, 11115, 4877, 6238
370, /home/yrong/devel/llvm/benchmark/llvm-project/clang-tools-extra/clang-tidy/google/OverloadedUnaryAndCheck.cpp, 10862, 4702, 6160
371, /home/yrong/devel/llvm/benchmark/llvm-project/clang-tools-extra/clang-tidy/google/TodoCommentCheck.cpp, 13180, 6144, 7036
372, /home/yrong/devel/llvm/benchmark/llvm-project/clang-tools-extra/clang-tidy/google/UnnamedNamespaceInHeaderCheck.cpp, 10877, 4709, 6168
373, /home/yrong/devel/llvm/benchmark/llvm-project/clang-tools-extra/clang-tidy/google/UpgradeGoogletestCaseCheck.cpp, 12372, 5778, 6594
374, /home/yrong/devel/llvm/benchmark/llvm-project/clang-tools-extra/clang-tidy/google/UsingNamespaceDirectiveCheck.cpp, 10861, 4696, 6165
375, /home/yrong/devel/llvm/benchmark/llvm-project/clang-tools-extra/clang-tidy/hicpp/ExceptionBaseclassCheck.cpp, 11012, 4823, 6189
376, /home/yrong/devel/llvm/benchmark/llvm-project/clang-tools-extra/clang-tidy/hicpp/HICPPTidyModule.cpp, 12081, 5824, 6257
377, /home/yrong/devel/llvm/benchmark/llvm-project/clang-tools-extra/clang-tidy/hicpp/MultiwayPathsCoveredCheck.cpp, 11026, 4842, 6184
378, /home/yrong/devel/llvm/benchmark/llvm-project/clang-tools-extra/clang-tidy/hicpp/NoAssemblerCheck.cpp, 10910, 4736, 6174
379, /home/yrong/devel/llvm/benchmark/llvm-project/clang-tools-extra/clang-tidy/hicpp/SignedBitwiseCheck.cpp, 11038, 4860, 6178
380, /home/yrong/devel/llvm/benchmark/llvm-project/clang-tools-extra/clang-tidy/linuxkernel/LinuxKernelTidyModule.cpp, 10939, 4775, 6164
381, /home/yrong/devel/llvm/benchmark/llvm-project/clang-tools-extra/clang-tidy/linuxkernel/MustCheckErrsCheck.cpp, 10940, 4767, 6173
382, /home/yrong/devel/llvm/benchmark/llvm-project/clang-tools-extra/clang-tidy/llvm/HeaderGuardCheck.cpp, 12748, 5872, 6876
383, /home/yrong/devel/llvm/benchmark/llvm-project/clang-tools-extra/clang-tidy/llvm/IncludeOrderCheck.cpp, 13263, 6218, 7045
384, /home/yrong/devel/llvm/benchmark/llvm-project/clang-tools-extra/clang-tidy/llvm/LLVMTidyModule.cpp, 11242, 5050, 6192
385, /home/yrong/devel/llvm/benchmark/llvm-project/clang-tools-extra/clang-tidy/llvm/PreferIsaOrDynCastInConditionalsCheck.cpp, 11269, 5033, 6236
386, /home/yrong/devel/llvm/benchmark/llvm-project/clang-tools-extra/clang-tidy/llvm/PreferRegisterOverUnsignedCheck.cpp, 11037, 4843, 6194
387, /home/yrong/devel/llvm/benchmark/llvm-project/clang-tools-extra/clang-tidy/llvm/TwineLocalCheck.cpp, 10935, 4739, 6196
388, /home/yrong/devel/llvm/benchmark/llvm-project/clang-tools-extra/clang-tidy/llvmlibc/CalleeNamespaceCheck.cpp, 10885, 4718, 6167
389, /home/yrong/devel/llvm/benchmark/llvm-project/clang-tools-extra/clang-tidy/llvmlibc/ImplementationInNamespaceCheck.cpp, 10889, 4722, 6167
390, /home/yrong/devel/llvm/benchmark/llvm-project/clang-tools-extra/clang-tidy/llvmlibc/InlineFunctionDeclCheck.cpp, 10906, 4712, 6194
391, /home/yrong/devel/llvm/benchmark/llvm-project/clang-tools-extra/clang-tidy/llvmlibc/LLVMLibcTidyModule.cpp, 11255, 5022, 6233
392, /home/yrong/devel/llvm/benchmark/llvm-project/clang-tools-extra/clang-tidy/llvmlibc/RestrictSystemLibcHeadersCheck.cpp, 11974, 5420, 6554
393, /home/yrong/devel/llvm/benchmark/llvm-project/clang-tools-extra/clang-tidy/misc/ConfusableIdentifierCheck.cpp, 13248, 6197, 7051
394, /home/yrong/devel/llvm/benchmark/llvm-project/clang-tools-extra/clang-tidy/misc/ConfusableTable/BuildConfusableTable.cpp, 2930, 348, 2582
395, /home/yrong/devel/llvm/benchmark/llvm-project/clang-tools-extra/clang-tidy/misc/ConstCorrectnessCheck.cpp, 11638, 5217, 6421
396, /home/yrong/devel/llvm/benchmark/llvm-project/clang-tools-extra/clang-tidy/misc/DefinitionsInHeadersCheck.cpp, 10985, 4803, 6182
397, /home/yrong/devel/llvm/benchmark/llvm-project/clang-tools-extra/clang-tidy/misc/HeaderIncludeCycleCheck.cpp, 11960, 5423, 6537
398, /home/yrong/devel/llvm/benchmark/llvm-project/clang-tools-extra/clang-tidy/misc/IncludeCleanerCheck.cpp, 12482, 5708, 6774
399, /home/yrong/devel/llvm/benchmark/llvm-project/clang-tools-extra/clang-tidy/misc/MiscTidyModule.cpp, 12559, 6065, 6494
400, /home/yrong/devel/llvm/benchmark/llvm-project/clang-tools-extra/clang-tidy/misc/MisleadingBidirectional.cpp, 13204, 6158, 7046
401, /home/yrong/devel/llvm/benchmark/llvm-project/clang-tools-extra/clang-tidy/misc/MisleadingIdentifier.cpp, 12302, 5576, 6726
402, /home/yrong/devel/llvm/benchmark/llvm-project/clang-tools-extra/clang-tidy/misc/MisplacedConstCheck.cpp, 11031, 4844, 6187
403, /home/yrong/devel/llvm/benchmark/llvm-project/clang-tools-extra/clang-tidy/misc/NewDeleteOverloadsCheck.cpp, 10955, 4789, 6166
404, /home/yrong/devel/llvm/benchmark/llvm-project/clang-tools-extra/clang-tidy/misc/NoRecursionCheck.cpp, 12490, 5393, 7097
405, /home/yrong/devel/llvm/benchmark/llvm-project/clang-tools-extra/clang-tidy/misc/NonCopyableObjects.cpp, 10992, 4814, 6178
406, /home/yrong/devel/llvm/benchmark/llvm-project/clang-tools-extra/clang-tidy/misc/NonPrivateMemberVariablesInClassesCheck.cpp, 10987, 4822, 6165
407, /home/yrong/devel/llvm/benchmark/llvm-project/clang-tools-extra/clang-tidy/misc/RedundantExpressionCheck.cpp, 11908, 5538, 6370
408, /home/yrong/devel/llvm/benchmark/llvm-project/clang-tools-extra/clang-tidy/misc/StaticAssertCheck.cpp, 12672, 5881, 6791
409, /home/yrong/devel/llvm/benchmark/llvm-project/clang-tools-extra/clang-tidy/misc/ThrowByValueCatchByReferenceCheck.cpp, 10907, 4729, 6178
410, /home/yrong/devel/llvm/benchmark/llvm-project/clang-tools-extra/clang-tidy/misc/UnconventionalAssignOperatorCheck.cpp, 11277, 5064, 6213
411, /home/yrong/devel/llvm/benchmark/llvm-project/clang-tools-extra/clang-tidy/misc/UniqueptrResetReleaseCheck.cpp, 11046, 4840, 6206
412, /home/yrong/devel/llvm/benchmark/llvm-project/clang-tools-extra/clang-tidy/misc/UnusedAliasDeclsCheck.cpp, 10957, 4739, 6218
413, /home/yrong/devel/llvm/benchmark/llvm-project/clang-tools-extra/clang-tidy/misc/UnusedParametersCheck.cpp, 12641, 5678, 6963
414, /home/yrong/devel/llvm/benchmark/llvm-project/clang-tools-extra/clang-tidy/misc/UnusedUsingDeclsCheck.cpp, 11186, 4939, 6247
415, /home/yrong/devel/llvm/benchmark/llvm-project/clang-tools-extra/clang-tidy/misc/UseAnonymousNamespaceCheck.cpp, 10967, 4793, 6174
416, /home/yrong/devel/llvm/benchmark/llvm-project/clang-tools-extra/clang-tidy/modernize/AvoidBindCheck.cpp, 11181, 4927, 6254
417, /home/yrong/devel/llvm/benchmark/llvm-project/clang-tools-extra/clang-tidy/modernize/AvoidCArraysCheck.cpp, 10987, 4808, 6179
418, /home/yrong/devel/llvm/benchmark/llvm-project/clang-tools-extra/clang-tidy/modernize/ConcatNestedNamespacesCheck.cpp, 10957, 4748, 6209
419, /home/yrong/devel/llvm/benchmark/llvm-project/clang-tools-extra/clang-tidy/modernize/DeprecatedHeadersCheck.cpp, 14799, 7039, 7760
420, /home/yrong/devel/llvm/benchmark/llvm-project/clang-tools-extra/clang-tidy/modernize/DeprecatedIosBaseAliasesCheck.cpp, 10971, 4796, 6175
421, /home/yrong/devel/llvm/benchmark/llvm-project/clang-tools-extra/clang-tidy/modernize/IntegralLiteralExpressionMatcher.cpp, 2782, 313, 2469
422, /home/yrong/devel/llvm/benchmark/llvm-project/clang-tools-extra/clang-tidy/modernize/LoopConvertCheck.cpp, 14702, 7638, 7064
423, /home/yrong/devel/llvm/benchmark/llvm-project/clang-tools-extra/clang-tidy/modernize/LoopConvertUtils.cpp, 14302, 7277, 7025
424, /home/yrong/devel/llvm/benchmark/llvm-project/clang-tools-extra/clang-tidy/modernize/MacroToEnumCheck.cpp, 11997, 5438, 6559
425, /home/yrong/devel/llvm/benchmark/llvm-project/clang-tools-extra/clang-tidy/modernize/MakeSharedCheck.cpp, 10938, 4768, 6170
426, /home/yrong/devel/llvm/benchmark/llvm-project/clang-tools-extra/clang-tidy/modernize/MakeSmartPtrCheck.cpp, 13489, 6418, 7071
427, /home/yrong/devel/llvm/benchmark/llvm-project/clang-tools-extra/clang-tidy/modernize/MakeUniqueCheck.cpp, 10964, 4793, 6171
428, /home/yrong/devel/llvm/benchmark/llvm-project/clang-tools-extra/clang-tidy/modernize/ModernizeTidyModule.cpp, 15052, 7932, 7120
429, /home/yrong/devel/llvm/benchmark/llvm-project/clang-tools-extra/clang-tidy/modernize/PassByValueCheck.cpp, 15010, 7228, 7782
430, /home/yrong/devel/llvm/benchmark/llvm-project/clang-tools-extra/clang-tidy/modernize/RawStringLiteralCheck.cpp, 11046, 4759, 6287
431, /home/yrong/devel/llvm/benchmark/llvm-project/clang-tools-extra/clang-tidy/modernize/RedundantVoidArgCheck.cpp, 12635, 5834, 6801
432, /home/yrong/devel/llvm/benchmark/llvm-project/clang-tools-extra/clang-tidy/modernize/ReplaceAutoPtrCheck.cpp, 13410, 6342, 7068
433, /home/yrong/devel/llvm/benchmark/llvm-project/clang-tools-extra/clang-tidy/modernize/ReplaceDisallowCopyAndAssignMacroCheck.cpp, 13221, 6180, 7041
434, /home/yrong/devel/llvm/benchmark/llvm-project/clang-tools-extra/clang-tidy/modernize/ReplaceRandomShuffleCheck.cpp, 13565, 6387, 7178
435, /home/yrong/devel/llvm/benchmark/llvm-project/clang-tools-extra/clang-tidy/modernize/ReturnBracedInitListCheck.cpp, 11034, 4830, 6204
436, /home/yrong/devel/llvm/benchmark/llvm-project/clang-tools-extra/clang-tidy/modernize/ShrinkToFitCheck.cpp, 11092, 4876, 6216
437, /home/yrong/devel/llvm/benchmark/llvm-project/clang-tools-extra/clang-tidy/modernize/TypeTraitsCheck.cpp, 11082, 4872, 6210
438, /home/yrong/devel/llvm/benchmark/llvm-project/clang-tools-extra/clang-tidy/modernize/UnaryStaticAssertCheck.cpp, 10866, 4701, 6165
439, /home/yrong/devel/llvm/benchmark/llvm-project/clang-tools-extra/clang-tidy/modernize/UseAutoCheck.cpp, 11481, 5250, 6231
440, /home/yrong/devel/llvm/benchmark/llvm-project/clang-tools-extra/clang-tidy/modernize/UseBoolLiteralsCheck.cpp, 11017, 4815, 6202
441, /home/yrong/devel/llvm/benchmark/llvm-project/clang-tools-extra/clang-tidy/modernize/UseConstraintsCheck.cpp, 11096, 4886, 6210
442, /home/yrong/devel/llvm/benchmark/llvm-project/clang-tools-extra/clang-tidy/modernize/UseDefaultMemberInitCheck.cpp, 11263, 5017, 6246
443, /home/yrong/devel/llvm/benchmark/llvm-project/clang-tools-extra/clang-tidy/modernize/UseEmplaceCheck.cpp, 11607, 5371, 6236
444, /home/yrong/devel/llvm/benchmark/llvm-project/clang-tools-extra/clang-tidy/modernize/UseEqualsDefaultCheck.cpp, 11900, 5548, 6352
445, /home/yrong/devel/llvm/benchmark/llvm-project/clang-tools-extra/clang-tidy/modernize/UseEqualsDeleteCheck.cpp, 11022, 4829, 6193
446, /home/yrong/devel/llvm/benchmark/llvm-project/clang-tools-extra/clang-tidy/modernize/UseNodiscardCheck.cpp, 10975, 4806, 6169
447, /home/yrong/devel/llvm/benchmark/llvm-project/clang-tools-extra/clang-tidy/modernize/UseNoexceptCheck.cpp, 11081, 4862, 6219
448, /home/yrong/devel/llvm/benchmark/llvm-project/clang-tools-extra/clang-tidy/modernize/UseNullptrCheck.cpp, 13122, 6174, 6948
449, /home/yrong/devel/llvm/benchmark/llvm-project/clang-tools-extra/clang-tidy/modernize/UseOverrideCheck.cpp, 10962, 4759, 6203
450, /home/yrong/devel/llvm/benchmark/llvm-project/clang-tools-extra/clang-tidy/modernize/UseStdPrintCheck.cpp, 11410, 5102, 6308
451, /home/yrong/devel/llvm/benchmark/llvm-project/clang-tools-extra/clang-tidy/modernize/UseTrailingReturnTypeCheck.cpp, 13563, 6288, 7275
452, /home/yrong/devel/llvm/benchmark/llvm-project/clang-tools-extra/clang-tidy/modernize/UseTransparentFunctorsCheck.cpp, 11017, 4841, 6176
453, /home/yrong/devel/llvm/benchmark/llvm-project/clang-tools-extra/clang-tidy/modernize/UseUncaughtExceptionsCheck.cpp, 10998, 4794, 6204
454, /home/yrong/devel/llvm/benchmark/llvm-project/clang-tools-extra/clang-tidy/modernize/UseUsingCheck.cpp, 11087, 4859, 6228
455, /home/yrong/devel/llvm/benchmark/llvm-project/clang-tools-extra/clang-tidy/mpi/BufferDerefCheck.cpp, 13980, 6563, 7417
456, /home/yrong/devel/llvm/benchmark/llvm-project/clang-tools-extra/clang-tidy/mpi/MPITidyModule.cpp, 14088, 6671, 7417
457, /home/yrong/devel/llvm/benchmark/llvm-project/clang-tools-extra/clang-tidy/mpi/TypeMismatchCheck.cpp, 14115, 6691, 7424
458, /home/yrong/devel/llvm/benchmark/llvm-project/clang-tools-extra/clang-tidy/objc/AssertEquals.cpp, 10940, 4772, 6168
459, /home/yrong/devel/llvm/benchmark/llvm-project/clang-tools-extra/clang-tidy/objc/AvoidNSErrorInitCheck.cpp, 10861, 4699, 6162
460, /home/yrong/devel/llvm/benchmark/llvm-project/clang-tools-extra/clang-tidy/objc/DeallocInCategoryCheck.cpp, 10892, 4722, 6170
461, /home/yrong/devel/llvm/benchmark/llvm-project/clang-tools-extra/clang-tidy/objc/ForbiddenSubclassingCheck.cpp, 10891, 4719, 6172
462, /home/yrong/devel/llvm/benchmark/llvm-project/clang-tools-extra/clang-tidy/objc/MissingHashCheck.cpp, 10929, 4747, 6182
463, /home/yrong/devel/llvm/benchmark/llvm-project/clang-tools-extra/clang-tidy/objc/NSDateFormatterCheck.cpp, 10898, 4720, 6178
464, /home/yrong/devel/llvm/benchmark/llvm-project/clang-tools-extra/clang-tidy/objc/NSInvocationArgumentLifetimeCheck.cpp, 11069, 4858, 6211
465, /home/yrong/devel/llvm/benchmark/llvm-project/clang-tools-extra/clang-tidy/objc/ObjCTidyModule.cpp, 11235, 5047, 6188
466, /home/yrong/devel/llvm/benchmark/llvm-project/clang-tools-extra/clang-tidy/objc/PropertyDeclarationCheck.cpp, 10891, 4721, 6170
467, /home/yrong/devel/llvm/benchmark/llvm-project/clang-tools-extra/clang-tidy/objc/SuperSelfCheck.cpp, 10928, 4749, 6179
468, /home/yrong/devel/llvm/benchmark/llvm-project/clang-tools-extra/clang-tidy/openmp/ExceptionEscapeCheck.cpp, 10912, 4743, 6169
469, /home/yrong/devel/llvm/benchmark/llvm-project/clang-tools-extra/clang-tidy/openmp/OpenMPTidyModule.cpp, 10992, 4825, 6167
470, /home/yrong/devel/llvm/benchmark/llvm-project/clang-tools-extra/clang-tidy/openmp/UseDefaultNoneCheck.cpp, 10929, 4760, 6169
471, /home/yrong/devel/llvm/benchmark/llvm-project/clang-tools-extra/clang-tidy/performance/AvoidEndlCheck.cpp, 10985, 4778, 6207
472, /home/yrong/devel/llvm/benchmark/llvm-project/clang-tools-extra/clang-tidy/performance/EnumSizeCheck.cpp, 11053, 4826, 6227
473, /home/yrong/devel/llvm/benchmark/llvm-project/clang-tools-extra/clang-tidy/performance/FasterStringFindCheck.cpp, 11050, 4865, 6185
474, /home/yrong/devel/llvm/benchmark/llvm-project/clang-tools-extra/clang-tidy/performance/ForRangeCopyCheck.cpp, 11502, 5105, 6397
475, /home/yrong/devel/llvm/benchmark/llvm-project/clang-tools-extra/clang-tidy/performance/ImplicitConversionInLoopCheck.cpp, 10987, 4785, 6202
476, /home/yrong/devel/llvm/benchmark/llvm-project/clang-tools-extra/clang-tidy/performance/InefficientAlgorithmCheck.cpp, 11065, 4854, 6211
477, /home/yrong/devel/llvm/benchmark/llvm-project/clang-tools-extra/clang-tidy/performance/InefficientStringConcatenationCheck.cpp, 11035, 4852, 6183
478, /home/yrong/devel/llvm/benchmark/llvm-project/clang-tools-extra/clang-tidy/performance/InefficientVectorOperationCheck.cpp, 11301, 5047, 6254
479, /home/yrong/devel/llvm/benchmark/llvm-project/clang-tools-extra/clang-tidy/performance/MoveConstArgCheck.cpp, 11258, 5010, 6248
480, /home/yrong/devel/llvm/benchmark/llvm-project/clang-tools-extra/clang-tidy/performance/MoveConstructorInitCheck.cpp, 11020, 4795, 6225
481, /home/yrong/devel/llvm/benchmark/llvm-project/clang-tools-extra/clang-tidy/performance/NoAutomaticMoveCheck.cpp, 11219, 4971, 6248
482, /home/yrong/devel/llvm/benchmark/llvm-project/clang-tools-extra/clang-tidy/performance/NoIntToPtrCheck.cpp, 10871, 4709, 6162
483, /home/yrong/devel/llvm/benchmark/llvm-project/clang-tools-extra/clang-tidy/performance/NoexceptDestructorCheck.cpp, 10885, 4720, 6165
484, /home/yrong/devel/llvm/benchmark/llvm-project/clang-tools-extra/clang-tidy/performance/NoexceptFunctionBaseCheck.cpp, 10906, 4715, 6191
485, /home/yrong/devel/llvm/benchmark/llvm-project/clang-tools-extra/clang-tidy/performance/NoexceptMoveConstructorCheck.cpp, 10888, 4725, 6163
486, /home/yrong/devel/llvm/benchmark/llvm-project/clang-tools-extra/clang-tidy/performance/NoexceptSwapCheck.cpp, 10869, 4707, 6162
487, /home/yrong/devel/llvm/benchmark/llvm-project/clang-tools-extra/clang-tidy/performance/PerformanceTidyModule.cpp, 11760, 5491, 6269
488, /home/yrong/devel/llvm/benchmark/llvm-project/clang-tools-extra/clang-tidy/performance/TriviallyDestructibleCheck.cpp, 11128, 4866, 6262
489, /home/yrong/devel/llvm/benchmark/llvm-project/clang-tools-extra/clang-tidy/performance/TypePromotionInMathFnCheck.cpp, 13468, 6414, 7054
490, /home/yrong/devel/llvm/benchmark/llvm-project/clang-tools-extra/clang-tidy/performance/UnnecessaryCopyInitialization.cpp, 11713, 5285, 6428
491, /home/yrong/devel/llvm/benchmark/llvm-project/clang-tools-extra/clang-tidy/performance/UnnecessaryValueParamCheck.cpp, 13991, 6702, 7289
492, /home/yrong/devel/llvm/benchmark/llvm-project/clang-tools-extra/clang-tidy/plugin/ClangTidyPlugin.cpp, 11544, 4904, 6640
493, /home/yrong/devel/llvm/benchmark/llvm-project/clang-tools-extra/clang-tidy/portability/PortabilityTidyModule.cpp, 11218, 4988, 6230
494, /home/yrong/devel/llvm/benchmark/llvm-project/clang-tools-extra/clang-tidy/portability/RestrictSystemIncludesCheck.cpp, 13244, 6172, 7072
495, /home/yrong/devel/llvm/benchmark/llvm-project/clang-tools-extra/clang-tidy/portability/SIMDIntrinsicsCheck.cpp, 11061, 4849, 6212
496, /home/yrong/devel/llvm/benchmark/llvm-project/clang-tools-extra/clang-tidy/portability/StdAllocatorConstCheck.cpp, 11034, 4853, 6181
497, /home/yrong/devel/llvm/benchmark/llvm-project/clang-tools-extra/clang-tidy/readability/AvoidConstParamsInDecls.cpp, 10966, 4771, 6195
498, /home/yrong/devel/llvm/benchmark/llvm-project/clang-tools-extra/clang-tidy/readability/AvoidUnconditionalPreprocessorIfCheck.cpp, 11893, 5368, 6525
499, /home/yrong/devel/llvm/benchmark/llvm-project/clang-tools-extra/clang-tidy/readability/BracesAroundStatementsCheck.cpp, 11080, 4855, 6225
500, /home/yrong/devel/llvm/benchmark/llvm-project/clang-tools-extra/clang-tidy/readability/ConstReturnTypeCheck.cpp, 11039, 4829, 6210
501, /home/yrong/devel/llvm/benchmark/llvm-project/clang-tools-extra/clang-tidy/readability/ContainerContainsCheck.cpp, 11118, 4935, 6183
502, /home/yrong/devel/llvm/benchmark/llvm-project/clang-tools-extra/clang-tidy/readability/ContainerDataPointerCheck.cpp, 11367, 5064, 6303
503, /home/yrong/devel/llvm/benchmark/llvm-project/clang-tools-extra/clang-tidy/readability/ContainerSizeEmptyCheck.cpp, 12266, 5871, 6395
504, /home/yrong/devel/llvm/benchmark/llvm-project/clang-tools-extra/clang-tidy/readability/ConvertMemberFunctionsToStatic.cpp, 12532, 5624, 6908
505, /home/yrong/devel/llvm/benchmark/llvm-project/clang-tools-extra/clang-tidy/readability/DeleteNullPointerCheck.cpp, 11131, 4916, 6215
506, /home/yrong/devel/llvm/benchmark/llvm-project/clang-tools-extra/clang-tidy/readability/DuplicateIncludeCheck.cpp, 13193, 6150, 7043
507, /home/yrong/devel/llvm/benchmark/llvm-project/clang-tools-extra/clang-tidy/readability/ElseAfterReturnCheck.cpp, 12171, 5590, 6581
508, /home/yrong/devel/llvm/benchmark/llvm-project/clang-tools-extra/clang-tidy/readability/FunctionCognitiveComplexityCheck.cpp, 12497, 5607, 6890
509, /home/yrong/devel/llvm/benchmark/llvm-project/clang-tools-extra/clang-tidy/readability/FunctionSizeCheck.cpp, 12438, 5556, 6882
510, /home/yrong/devel/llvm/benchmark/llvm-project/clang-tools-extra/clang-tidy/readability/IdentifierLengthCheck.cpp, 10999, 4822, 6177
511, /home/yrong/devel/llvm/benchmark/llvm-project/clang-tools-extra/clang-tidy/readability/IdentifierNamingCheck.cpp, 12304, 5660, 6644
512, /home/yrong/devel/llvm/benchmark/llvm-project/clang-tools-extra/clang-tidy/readability/ImplicitBoolConversionCheck.cpp, 11532, 5237, 6295
513, /home/yrong/devel/llvm/benchmark/llvm-project/clang-tools-extra/clang-tidy/readability/InconsistentDeclarationParameterNameCheck.cpp, 10966, 4761, 6205
514, /home/yrong/devel/llvm/benchmark/llvm-project/clang-tools-extra/clang-tidy/readability/IsolateDeclarationCheck.cpp, 11034, 4830, 6204
515, /home/yrong/devel/llvm/benchmark/llvm-project/clang-tools-extra/clang-tidy/readability/MagicNumbersCheck.cpp, 10967, 4746, 6221
516, /home/yrong/devel/llvm/benchmark/llvm-project/clang-tools-extra/clang-tidy/readability/MakeMemberFunctionConstCheck.cpp, 12534, 5625, 6909
517, /home/yrong/devel/llvm/benchmark/llvm-project/clang-tools-extra/clang-tidy/readability/MisleadingIndentationCheck.cpp, 10980, 4794, 6186
518, /home/yrong/devel/llvm/benchmark/llvm-project/clang-tools-extra/clang-tidy/readability/MisplacedArrayIndexCheck.cpp, 10921, 4728, 6193
519, /home/yrong/devel/llvm/benchmark/llvm-project/clang-tools-extra/clang-tidy/readability/NamedParameterCheck.cpp, 10871, 4707, 6164
520, /home/yrong/devel/llvm/benchmark/llvm-project/clang-tools-extra/clang-tidy/readability/NamespaceCommentCheck.cpp, 10943, 4749, 6194
521, /home/yrong/devel/llvm/benchmark/llvm-project/clang-tools-extra/clang-tidy/readability/NonConstParameterCheck.cpp, 11106, 4890, 6216
522, /home/yrong/devel/llvm/benchmark/llvm-project/clang-tools-extra/clang-tidy/readability/OperatorsRepresentationCheck.cpp, 11106, 4902, 6204
523, /home/yrong/devel/llvm/benchmark/llvm-project/clang-tools-extra/clang-tidy/readability/QualifiedAutoCheck.cpp, 11199, 4979, 6220
524, /home/yrong/devel/llvm/benchmark/llvm-project/clang-tools-extra/clang-tidy/readability/ReadabilityTidyModule.cpp, 12713, 6367, 6346
525, /home/yrong/devel/llvm/benchmark/llvm-project/clang-tools-extra/clang-tidy/readability/RedundantAccessSpecifiersCheck.cpp, 10875, 4710, 6165
526, /home/yrong/devel/llvm/benchmark/llvm-project/clang-tools-extra/clang-tidy/readability/RedundantControlFlowCheck.cpp, 11091, 4874, 6217
527, /home/yrong/devel/llvm/benchmark/llvm-project/clang-tools-extra/clang-tidy/readability/RedundantDeclarationCheck.cpp, 11036, 4829, 6207
528, /home/yrong/devel/llvm/benchmark/llvm-project/clang-tools-extra/clang-tidy/readability/RedundantFunctionPtrDereferenceCheck.cpp, 10897, 4728, 6169
529, /home/yrong/devel/llvm/benchmark/llvm-project/clang-tools-extra/clang-tidy/readability/RedundantMemberInitCheck.cpp, 11132, 4872, 6260
530, /home/yrong/devel/llvm/benchmark/llvm-project/clang-tools-extra/clang-tidy/readability/RedundantPreprocessorCheck.cpp, 13190, 6151, 7039
531, /home/yrong/devel/llvm/benchmark/llvm-project/clang-tools-extra/clang-tidy/readability/RedundantSmartptrGetCheck.cpp, 11365, 5106, 6259
532, /home/yrong/devel/llvm/benchmark/llvm-project/clang-tools-extra/clang-tidy/readability/RedundantStringCStrCheck.cpp, 11736, 5309, 6427
533, /home/yrong/devel/llvm/benchmark/llvm-project/clang-tools-extra/clang-tidy/readability/RedundantStringInitCheck.cpp, 11270, 5017, 6253
534, /home/yrong/devel/llvm/benchmark/llvm-project/clang-tools-extra/clang-tidy/readability/ReferenceToConstructedTemporaryCheck.cpp, 10979, 4799, 6180
535, /home/yrong/devel/llvm/benchmark/llvm-project/clang-tools-extra/clang-tidy/readability/SimplifyBooleanExprCheck.cpp, 12626, 5670, 6956
536, /home/yrong/devel/llvm/benchmark/llvm-project/clang-tools-extra/clang-tidy/readability/SimplifySubscriptExprCheck.cpp, 11041, 4857, 6184
537, /home/yrong/devel/llvm/benchmark/llvm-project/clang-tools-extra/clang-tidy/readability/StaticAccessedThroughInstanceCheck.cpp, 10929, 4759, 6170
538, /home/yrong/devel/llvm/benchmark/llvm-project/clang-tools-extra/clang-tidy/readability/StaticDefinitionInAnonymousNamespaceCheck.cpp, 10941, 4746, 6195
539, /home/yrong/devel/llvm/benchmark/llvm-project/clang-tools-extra/clang-tidy/readability/StringCompareCheck.cpp, 11260, 4930, 6330
540, /home/yrong/devel/llvm/benchmark/llvm-project/clang-tools-extra/clang-tidy/readability/SuspiciousCallArgumentCheck.cpp, 11531, 4876, 6655
541, /home/yrong/devel/llvm/benchmark/llvm-project/clang-tools-extra/clang-tidy/readability/UniqueptrDeleteReleaseCheck.cpp, 11022, 4807, 6215
542, /home/yrong/devel/llvm/benchmark/llvm-project/clang-tools-extra/clang-tidy/readability/UppercaseLiteralSuffixCheck.cpp, 11105, 4849, 6256
543, /home/yrong/devel/llvm/benchmark/llvm-project/clang-tools-extra/clang-tidy/readability/UseAnyOfAllOfCheck.cpp, 12608, 5816, 6792
544, /home/yrong/devel/llvm/benchmark/llvm-project/clang-tools-extra/clang-tidy/tool/ClangTidyMain.cpp, 5587, 1584, 4003
545, /home/yrong/devel/llvm/benchmark/llvm-project/clang-tools-extra/clang-tidy/tool/ClangTidyToolMain.cpp, 0, 0, 0
546, /home/yrong/devel/llvm/benchmark/llvm-project/clang-tools-extra/clang-tidy/utils/ASTUtils.cpp, 10781, 4553, 6228
547, /home/yrong/devel/llvm/benchmark/llvm-project/clang-tools-extra/clang-tidy/utils/Aliasing.cpp, 6797, 1970, 4827
548, /home/yrong/devel/llvm/benchmark/llvm-project/clang-tools-extra/clang-tidy/utils/DeclRefExprUtils.cpp, 11270, 5007, 6263
549, /home/yrong/devel/llvm/benchmark/llvm-project/clang-tools-extra/clang-tidy/utils/ExceptionAnalyzer.cpp, 10837, 4630, 6207
550, /home/yrong/devel/llvm/benchmark/llvm-project/clang-tools-extra/clang-tidy/utils/ExceptionSpecAnalyzer.cpp, 5908, 1428, 4480
551, /home/yrong/devel/llvm/benchmark/llvm-project/clang-tools-extra/clang-tidy/utils/ExprSequence.cpp, 8710, 2930, 5780
552, /home/yrong/devel/llvm/benchmark/llvm-project/clang-tools-extra/clang-tidy/utils/FileExtensionsUtils.cpp, 5163, 1239, 3924
553, /home/yrong/devel/llvm/benchmark/llvm-project/clang-tools-extra/clang-tidy/utils/FixItHintUtils.cpp, 7219, 2195, 5024
554, /home/yrong/devel/llvm/benchmark/llvm-project/clang-tools-extra/clang-tidy/utils/FormatStringConverter.cpp, 11267, 4905, 6362
555, /home/yrong/devel/llvm/benchmark/llvm-project/clang-tools-extra/clang-tidy/utils/HeaderGuard.cpp, 13841, 6592, 7249
556, /home/yrong/devel/llvm/benchmark/llvm-project/clang-tools-extra/clang-tidy/utils/IncludeInserter.cpp, 11964, 5412, 6552
557, /home/yrong/devel/llvm/benchmark/llvm-project/clang-tools-extra/clang-tidy/utils/IncludeSorter.cpp, 10934, 4739, 6195
558, /home/yrong/devel/llvm/benchmark/llvm-project/clang-tools-extra/clang-tidy/utils/LexerUtils.cpp, 9239, 3518, 5721
559, /home/yrong/devel/llvm/benchmark/llvm-project/clang-tools-extra/clang-tidy/utils/Matchers.cpp, 10753, 4556, 6197
560, /home/yrong/devel/llvm/benchmark/llvm-project/clang-tools-extra/clang-tidy/utils/NamespaceAliaser.cpp, 10933, 4678, 6255
561, /home/yrong/devel/llvm/benchmark/llvm-project/clang-tools-extra/clang-tidy/utils/OptionsUtils.cpp, 2786, 251, 2535
562, /home/yrong/devel/llvm/benchmark/llvm-project/clang-tools-extra/clang-tidy/utils/RenamerClangTidyCheck.cpp, 14910, 7094, 7816
563, /home/yrong/devel/llvm/benchmark/llvm-project/clang-tools-extra/clang-tidy/utils/TransformerClangTidyCheck.cpp, 12410, 5703, 6707
564, /home/yrong/devel/llvm/benchmark/llvm-project/clang-tools-extra/clang-tidy/utils/TypeTraits.cpp, 10667, 4516, 6151
565, /home/yrong/devel/llvm/benchmark/llvm-project/clang-tools-extra/clang-tidy/utils/UsingInserter.cpp, 10907, 4674, 6233
566, /home/yrong/devel/llvm/benchmark/llvm-project/clang-tools-extra/clang-tidy/zircon/TemporaryObjectsCheck.cpp, 10914, 4745, 6169
567, /home/yrong/devel/llvm/benchmark/llvm-project/clang-tools-extra/clang-tidy/zircon/ZirconTidyModule.cpp, 10939, 4775, 6164
568, /home/yrong/devel/llvm/benchmark/llvm-project/clang-tools-extra/clangd/AST.cpp, 15431, 7380, 8051
569, /home/yrong/devel/llvm/benchmark/llvm-project/clang-tools-extra/clangd/ASTSignals.cpp, 13309, 5964, 7345
570, /home/yrong/devel/llvm/benchmark/llvm-project/clang-tools-extra/clangd/ClangdLSPServer.cpp, 17870, 9160, 8710
571, /home/yrong/devel/llvm/benchmark/llvm-project/clang-tools-extra/clangd/ClangdServer.cpp, 15667, 7697, 7970
572, /home/yrong/devel/llvm/benchmark/llvm-project/clang-tools-extra/clangd/CodeComplete.cpp, 17145, 8910, 8235
573, /home/yrong/devel/llvm/benchmark/llvm-project/clang-tools-extra/clangd/CodeCompletionStrings.cpp, 8573, 2899, 5674
574, /home/yrong/devel/llvm/benchmark/llvm-project/clang-tools-extra/clangd/CollectMacros.cpp, 12165, 5230, 6935
575, /home/yrong/devel/llvm/benchmark/llvm-project/clang-tools-extra/clangd/CompileCommands.cpp, 12414, 5360, 7054
576, /home/yrong/devel/llvm/benchmark/llvm-project/clang-tools-extra/clangd/Compiler.cpp, 11925, 5022, 6903
577, /home/yrong/devel/llvm/benchmark/llvm-project/clang-tools-extra/clangd/Config.cpp, 2509, 228, 2281
578, /home/yrong/devel/llvm/benchmark/llvm-project/clang-tools-extra/clangd/ConfigCompile.cpp, 7465, 2659, 4806
579, /home/yrong/devel/llvm/benchmark/llvm-project/clang-tools-extra/clangd/ConfigProvider.cpp, 5060, 1177, 3883
580, /home/yrong/devel/llvm/benchmark/llvm-project/clang-tools-extra/clangd/ConfigYAML.cpp, 4198, 1168, 3030
581, /home/yrong/devel/llvm/benchmark/llvm-project/clang-tools-extra/clangd/DecisionForest.cpp, 6555, 1627, 4928
582, /home/yrong/devel/llvm/benchmark/llvm-project/clang-tools-extra/clangd/Diagnostics.cpp, 13039, 5892, 7147
583, /home/yrong/devel/llvm/benchmark/llvm-project/clang-tools-extra/clangd/DraftStore.cpp, 4092, 878, 3214
584, /home/yrong/devel/llvm/benchmark/llvm-project/clang-tools-extra/clangd/DumpAST.cpp, 13259, 5711, 7548
585, /home/yrong/devel/llvm/benchmark/llvm-project/clang-tools-extra/clangd/ExpectedTypes.cpp, 7022, 2078, 4944
586, /home/yrong/devel/llvm/benchmark/llvm-project/clang-tools-extra/clangd/FS.cpp, 3825, 747, 3078
587, /home/yrong/devel/llvm/benchmark/llvm-project/clang-tools-extra/clangd/Feature.cpp, 1202, 106, 1096
588, /home/yrong/devel/llvm/benchmark/llvm-project/clang-tools-extra/clangd/FeatureModule.cpp, 4728, 1016, 3712
589, /home/yrong/devel/llvm/benchmark/llvm-project/clang-tools-extra/clangd/FileDistance.cpp, 3935, 618, 3317
590, /home/yrong/devel/llvm/benchmark/llvm-project/clang-tools-extra/clangd/FindSymbols.cpp, 13623, 6217, 7406
591, /home/yrong/devel/llvm/benchmark/llvm-project/clang-tools-extra/clangd/FindTarget.cpp, 15114, 6991, 8123
592, /home/yrong/devel/llvm/benchmark/llvm-project/clang-tools-extra/clangd/Format.cpp, 5975, 1760, 4215
593, /home/yrong/devel/llvm/benchmark/llvm-project/clang-tools-extra/clangd/FuzzyMatch.cpp, 2677, 247, 2430
594, /home/yrong/devel/llvm/benchmark/llvm-project/clang-tools-extra/clangd/GlobalCompilationDatabase.cpp, 8410, 3332, 5078
595, /home/yrong/devel/llvm/benchmark/llvm-project/clang-tools-extra/clangd/HeaderSourceSwitch.cpp, 13374, 6031, 7343
596, /home/yrong/devel/llvm/benchmark/llvm-project/clang-tools-extra/clangd/Headers.cpp, 13044, 5804, 7240
597, /home/yrong/devel/llvm/benchmark/llvm-project/clang-tools-extra/clangd/HeuristicResolver.cpp, 7006, 2081, 4925
598, /home/yrong/devel/llvm/benchmark/llvm-project/clang-tools-extra/clangd/Hover.cpp, 14396, 6734, 7662
599, /home/yrong/devel/llvm/benchmark/llvm-project/clang-tools-extra/clangd/IncludeCleaner.cpp, 13903, 6259, 7644
600, /home/yrong/devel/llvm/benchmark/llvm-project/clang-tools-extra/clangd/IncludeFixer.cpp, 15058, 7297, 7761
601, /home/yrong/devel/llvm/benchmark/llvm-project/clang-tools-extra/clangd/InlayHints.cpp, 16221, 7755, 8466
602, /home/yrong/devel/llvm/benchmark/llvm-project/clang-tools-extra/clangd/JSONTransport.cpp, 4926, 1291, 3635
603, /home/yrong/devel/llvm/benchmark/llvm-project/clang-tools-extra/clangd/ParsedAST.cpp, 17753, 9221, 8532
604, /home/yrong/devel/llvm/benchmark/llvm-project/clang-tools-extra/clangd/PathMapping.cpp, 4091, 753, 3338
605, /home/yrong/devel/llvm/benchmark/llvm-project/clang-tools-extra/clangd/Preamble.cpp, 16656, 8515, 8141
606, /home/yrong/devel/llvm/benchmark/llvm-project/clang-tools-extra/clangd/Protocol.cpp, 5726, 1864, 3862
607, /home/yrong/devel/llvm/benchmark/llvm-project/clang-tools-extra/clangd/Quality.cpp, 14160, 6698, 7462
608, /home/yrong/devel/llvm/benchmark/llvm-project/clang-tools-extra/clangd/RIFF.cpp, 3118, 477, 2641
609, /home/yrong/devel/llvm/benchmark/llvm-project/clang-tools-extra/clangd/Selection.cpp, 14960, 6915, 8045
610, /home/yrong/devel/llvm/benchmark/llvm-project/clang-tools-extra/clangd/SemanticHighlighting.cpp, 16325, 7876, 8449
611, /home/yrong/devel/llvm/benchmark/llvm-project/clang-tools-extra/clangd/SemanticSelection.cpp, 13553, 6119, 7434
612, /home/yrong/devel/llvm/benchmark/llvm-project/clang-tools-extra/clangd/SourceCode.cpp, 13345, 6096, 7249
613, /home/yrong/devel/llvm/benchmark/llvm-project/clang-tools-extra/clangd/SystemIncludeExtractor.cpp, 7084, 2296, 4788
614, /home/yrong/devel/llvm/benchmark/llvm-project/clang-tools-extra/clangd/TUScheduler.cpp, 14486, 6953, 7533
615, /home/yrong/devel/llvm/benchmark/llvm-project/clang-tools-extra/clangd/TidyProvider.cpp, 4429, 1079, 3350
616, /home/yrong/devel/llvm/benchmark/llvm-project/clang-tools-extra/clangd/URI.cpp, 3264, 548, 2716
617, /home/yrong/devel/llvm/benchmark/llvm-project/clang-tools-extra/clangd/XRefs.cpp, 17222, 8543, 8679
618, /home/yrong/devel/llvm/benchmark/llvm-project/clang-tools-extra/clangd/fuzzer/FuzzerClangdMain.cpp, 1, 1, 0
619, /home/yrong/devel/llvm/benchmark/llvm-project/clang-tools-extra/clangd/fuzzer/clangd-fuzzer.cpp, 13903, 6506, 7397
620, /home/yrong/devel/llvm/benchmark/llvm-project/clang-tools-extra/clangd/index/Background.cpp, 14726, 6657, 8069
621, /home/yrong/devel/llvm/benchmark/llvm-project/clang-tools-extra/clangd/index/BackgroundIndexLoader.cpp, 12927, 5757, 7170
622, /home/yrong/devel/llvm/benchmark/llvm-project/clang-tools-extra/clangd/index/BackgroundIndexStorage.cpp, 13037, 5863, 7174
623, /home/yrong/devel/llvm/benchmark/llvm-project/clang-tools-extra/clangd/index/BackgroundQueue.cpp, 12890, 5719, 7171
624, /home/yrong/devel/llvm/benchmark/llvm-project/clang-tools-extra/clangd/index/BackgroundRebuild.cpp, 13222, 5515, 7707
625, /home/yrong/devel/llvm/benchmark/llvm-project/clang-tools-extra/clangd/index/CanonicalIncludes.cpp, 3399, 536, 2863
626, /home/yrong/devel/llvm/benchmark/llvm-project/clang-tools-extra/clangd/index/FileIndex.cpp, 14311, 6724, 7587
627, /home/yrong/devel/llvm/benchmark/llvm-project/clang-tools-extra/clangd/index/Index.cpp, 4506, 893, 3613
628, /home/yrong/devel/llvm/benchmark/llvm-project/clang-tools-extra/clangd/index/IndexAction.cpp, 12921, 5706, 7215
629, /home/yrong/devel/llvm/benchmark/llvm-project/clang-tools-extra/clangd/index/MemIndex.cpp, 7686, 2336, 5350
630, /home/yrong/devel/llvm/benchmark/llvm-project/clang-tools-extra/clangd/index/Merge.cpp, 4612, 952, 3660
631, /home/yrong/devel/llvm/benchmark/llvm-project/clang-tools-extra/clangd/index/ProjectAware.cpp, 4894, 1127, 3767
632, /home/yrong/devel/llvm/benchmark/llvm-project/clang-tools-extra/clangd/index/Ref.cpp, 3549, 547, 3002
633, /home/yrong/devel/llvm/benchmark/llvm-project/clang-tools-extra/clangd/index/Relation.cpp, 2866, 370, 2496
634, /home/yrong/devel/llvm/benchmark/llvm-project/clang-tools-extra/clangd/index/Serialization.cpp, 12819, 5766, 7053
635, /home/yrong/devel/llvm/benchmark/llvm-project/clang-tools-extra/clangd/index/StdLib.cpp, 14038, 6124, 7914
636, /home/yrong/devel/llvm/benchmark/llvm-project/clang-tools-extra/clangd/index/Symbol.cpp, 3707, 515, 3192
637, /home/yrong/devel/llvm/benchmark/llvm-project/clang-tools-extra/clangd/index/SymbolCollector.cpp, 13912, 6354, 7558
638, /home/yrong/devel/llvm/benchmark/llvm-project/clang-tools-extra/clangd/index/SymbolID.cpp, 3148, 453, 2695
639, /home/yrong/devel/llvm/benchmark/llvm-project/clang-tools-extra/clangd/index/SymbolLocation.cpp, 2476, 196, 2280
640, /home/yrong/devel/llvm/benchmark/llvm-project/clang-tools-extra/clangd/index/SymbolOrigin.cpp, 2446, 170, 2276
641, /home/yrong/devel/llvm/benchmark/llvm-project/clang-tools-extra/clangd/index/YAMLSerialization.cpp, 12439, 5453, 6986
642, /home/yrong/devel/llvm/benchmark/llvm-project/clang-tools-extra/clangd/index/dex/Dex.cpp, 8547, 2709, 5838
643, /home/yrong/devel/llvm/benchmark/llvm-project/clang-tools-extra/clangd/index/dex/Iterator.cpp, 2833, 374, 2459
644, /home/yrong/devel/llvm/benchmark/llvm-project/clang-tools-extra/clangd/index/dex/PostingList.cpp, 2719, 270, 2449
645, /home/yrong/devel/llvm/benchmark/llvm-project/clang-tools-extra/clangd/index/dex/Trigram.cpp, 3459, 343, 3116
646, /home/yrong/devel/llvm/benchmark/llvm-project/clang-tools-extra/clangd/index/dex/dexp/Dexp.cpp, 12867, 5842, 7025
647, /home/yrong/devel/llvm/benchmark/llvm-project/clang-tools-extra/clangd/index/remote/unimplemented/UnimplementedClient.cpp, 4437, 845, 3592
648, /home/yrong/devel/llvm/benchmark/llvm-project/clang-tools-extra/clangd/indexer/IndexerMain.cpp, 13546, 6196, 7350
649, /home/yrong/devel/llvm/benchmark/llvm-project/clang-tools-extra/clangd/refactor/InsertionPoint.cpp, 8299, 2849, 5450
650, /home/yrong/devel/llvm/benchmark/llvm-project/clang-tools-extra/clangd/refactor/Rename.cpp, 13997, 6490, 7507
651, /home/yrong/devel/llvm/benchmark/llvm-project/clang-tools-extra/clangd/refactor/Tweak.cpp, 13420, 6061, 7359
652, /home/yrong/devel/llvm/benchmark/llvm-project/clang-tools-extra/clangd/refactor/tweaks/AddUsing.cpp, 15908, 7574, 8334
653, /home/yrong/devel/llvm/benchmark/llvm-project/clang-tools-extra/clangd/refactor/tweaks/AnnotateHighlightings.cpp, 13494, 6117, 7377
654, /home/yrong/devel/llvm/benchmark/llvm-project/clang-tools-extra/clangd/refactor/tweaks/DefineInline.cpp, 15799, 7750, 8049
655, /home/yrong/devel/llvm/benchmark/llvm-project/clang-tools-extra/clangd/refactor/tweaks/DefineOutline.cpp, 13622, 6162, 7460
656, /home/yrong/devel/llvm/benchmark/llvm-project/clang-tools-extra/clangd/refactor/tweaks/DumpAST.cpp, 13582, 6203, 7379
657, /home/yrong/devel/llvm/benchmark/llvm-project/clang-tools-extra/clangd/refactor/tweaks/ExpandDeducedType.cpp, 13365, 6021, 7344
658, /home/yrong/devel/llvm/benchmark/llvm-project/clang-tools-extra/clangd/refactor/tweaks/ExpandMacro.cpp, 13350, 6016, 7334
659, /home/yrong/devel/llvm/benchmark/llvm-project/clang-tools-extra/clangd/refactor/tweaks/ExtractFunction.cpp, 16619, 8202, 8417
660, /home/yrong/devel/llvm/benchmark/llvm-project/clang-tools-extra/clangd/refactor/tweaks/ExtractVariable.cpp, 15912, 7562, 8350
661, /home/yrong/devel/llvm/benchmark/llvm-project/clang-tools-extra/clangd/refactor/tweaks/MemberwiseConstructor.cpp, 13428, 6072, 7356
662, /home/yrong/devel/llvm/benchmark/llvm-project/clang-tools-extra/clangd/refactor/tweaks/ObjCLocalizeStringLiteral.cpp, 13353, 6009, 7344
663, /home/yrong/devel/llvm/benchmark/llvm-project/clang-tools-extra/clangd/refactor/tweaks/ObjCMemberwiseInitializer.cpp, 13540, 6155, 7385
664, /home/yrong/devel/llvm/benchmark/llvm-project/clang-tools-extra/clangd/refactor/tweaks/PopulateSwitch.cpp, 13439, 6066, 7373
665, /home/yrong/devel/llvm/benchmark/llvm-project/clang-tools-extra/clangd/refactor/tweaks/RawStringLiteral.cpp, 13326, 5994, 7332
666, /home/yrong/devel/llvm/benchmark/llvm-project/clang-tools-extra/clangd/refactor/tweaks/RemoveUsingNamespace.cpp, 15891, 7554, 8337
667, /home/yrong/devel/llvm/benchmark/llvm-project/clang-tools-extra/clangd/refactor/tweaks/SpecialMembers.cpp, 15587, 7652, 7935
668, /home/yrong/devel/llvm/benchmark/llvm-project/clang-tools-extra/clangd/refactor/tweaks/SwapIfBranches.cpp, 13344, 6003, 7341
669, /home/yrong/devel/llvm/benchmark/llvm-project/clang-tools-extra/clangd/support/Cancellation.cpp, 2890, 393, 2497
670, /home/yrong/devel/llvm/benchmark/llvm-project/clang-tools-extra/clangd/support/Context.cpp, 2314, 155, 2159
671, /home/yrong/devel/llvm/benchmark/llvm-project/clang-tools-extra/clangd/support/FileCache.cpp, 3788, 719, 3069
672, /home/yrong/devel/llvm/benchmark/llvm-project/clang-tools-extra/clangd/support/Logger.cpp, 4039, 724, 3315
673, /home/yrong/devel/llvm/benchmark/llvm-project/clang-tools-extra/clangd/support/Markup.cpp, 3008, 466, 2542
674, /home/yrong/devel/llvm/benchmark/llvm-project/clang-tools-extra/clangd/support/MemoryTree.cpp, 4054, 717, 3337
675, /home/yrong/devel/llvm/benchmark/llvm-project/clang-tools-extra/clangd/support/Path.cpp, 2452, 154, 2298
676, /home/yrong/devel/llvm/benchmark/llvm-project/clang-tools-extra/clangd/support/Shutdown.cpp, 166, 64, 102
677, /home/yrong/devel/llvm/benchmark/llvm-project/clang-tools-extra/clangd/support/ThreadCrashReporter.cpp, 2380, 139, 2241
678, /home/yrong/devel/llvm/benchmark/llvm-project/clang-tools-extra/clangd/support/Threading.cpp, 4444, 931, 3513
679, /home/yrong/devel/llvm/benchmark/llvm-project/clang-tools-extra/clangd/support/ThreadsafeFS.cpp, 3855, 773, 3082
680, /home/yrong/devel/llvm/benchmark/llvm-project/clang-tools-extra/clangd/support/Trace.cpp, 4387, 981, 3406
681, /home/yrong/devel/llvm/benchmark/llvm-project/clang-tools-extra/clangd/tool/Check.cpp, 14657, 7184, 7473
682, /home/yrong/devel/llvm/benchmark/llvm-project/clang-tools-extra/clangd/tool/ClangdMain.cpp, 15381, 7767, 7614
683, /home/yrong/devel/llvm/benchmark/llvm-project/clang-tools-extra/clangd/tool/ClangdToolMain.cpp, 0, 0, 0
684, /home/yrong/devel/llvm/benchmark/llvm-project/clang-tools-extra/include-cleaner/lib/Analysis.cpp, 7597, 2579, 5018
685, /home/yrong/devel/llvm/benchmark/llvm-project/clang-tools-extra/include-cleaner/lib/FindHeaders.cpp, 8048, 2908, 5140
686, /home/yrong/devel/llvm/benchmark/llvm-project/clang-tools-extra/include-cleaner/lib/HTMLReport.cpp, 8989, 3350, 5639
687, /home/yrong/devel/llvm/benchmark/llvm-project/clang-tools-extra/include-cleaner/lib/IncludeSpeller.cpp, 6107, 1884, 4223
688, /home/yrong/devel/llvm/benchmark/llvm-project/clang-tools-extra/include-cleaner/lib/LocateSymbol.cpp, 9047, 3315, 5732
689, /home/yrong/devel/llvm/benchmark/llvm-project/clang-tools-extra/include-cleaner/lib/Record.cpp, 11273, 4634, 6639
690, /home/yrong/devel/llvm/benchmark/llvm-project/clang-tools-extra/include-cleaner/lib/Types.cpp, 5352, 1249, 4103
691, /home/yrong/devel/llvm/benchmark/llvm-project/clang-tools-extra/include-cleaner/lib/WalkAST.cpp, 11816, 4947, 6869
692, /home/yrong/devel/llvm/benchmark/llvm-project/clang-tools-extra/include-cleaner/tool/IncludeCleaner.cpp, 12046, 5150, 6896
693, /home/yrong/devel/llvm/benchmark/llvm-project/clang-tools-extra/modularize/CoverageChecker.cpp, 13310, 5777, 7533
694, /home/yrong/devel/llvm/benchmark/llvm-project/clang-tools-extra/modularize/Modularize.cpp, 14164, 6500, 7664
695, /home/yrong/devel/llvm/benchmark/llvm-project/clang-tools-extra/modularize/ModularizeUtilities.cpp, 11404, 4746, 6658
696, /home/yrong/devel/llvm/benchmark/llvm-project/clang-tools-extra/modularize/ModuleAssistant.cpp, 3508, 566, 2942
697, /home/yrong/devel/llvm/benchmark/llvm-project/clang-tools-extra/modularize/PreprocessorTracker.cpp, 7240, 2622, 4618
698, /home/yrong/devel/llvm/benchmark/llvm-project/clang-tools-extra/pp-trace/PPCallbacksTracker.cpp, 6617, 2165, 4452
699, /home/yrong/devel/llvm/benchmark/llvm-project/clang-tools-extra/pp-trace/PPTrace.cpp, 11470, 4794, 6676
700, /home/yrong/devel/llvm/benchmark/llvm-project/clang-tools-extra/pseudo/fuzzer/Fuzzer.cpp, 4054, 722, 3332
701, /home/yrong/devel/llvm/benchmark/llvm-project/clang-tools-extra/pseudo/fuzzer/Main.cpp, 1, 1, 0
702, /home/yrong/devel/llvm/benchmark/llvm-project/clang-tools-extra/pseudo/gen/Main.cpp, 4711, 1224, 3487
703, /home/yrong/devel/llvm/benchmark/llvm-project/clang-tools-extra/pseudo/lib/Bracket.cpp, 2676, 248, 2428
704, /home/yrong/devel/llvm/benchmark/llvm-project/clang-tools-extra/pseudo/lib/DirectiveTree.cpp, 3350, 595, 2755
705, /home/yrong/devel/llvm/benchmark/llvm-project/clang-tools-extra/pseudo/lib/Disambiguate.cpp, 3096, 356, 2740
706, /home/yrong/devel/llvm/benchmark/llvm-project/clang-tools-extra/pseudo/lib/Forest.cpp, 3423, 593, 2830
707, /home/yrong/devel/llvm/benchmark/llvm-project/clang-tools-extra/pseudo/lib/GLR.cpp, 4564, 930, 3634
708, /home/yrong/devel/llvm/benchmark/llvm-project/clang-tools-extra/pseudo/lib/Lex.cpp, 3790, 674, 3116
709, /home/yrong/devel/llvm/benchmark/llvm-project/clang-tools-extra/pseudo/lib/Token.cpp, 3586, 637, 2949
710, /home/yrong/devel/llvm/benchmark/llvm-project/clang-tools-extra/pseudo/lib/cli/CLI.cpp, 3727, 507, 3220
711, /home/yrong/devel/llvm/benchmark/llvm-project/clang-tools-extra/pseudo/lib/cxx/CXX.cpp, 3712, 638, 3074
712, /home/yrong/devel/llvm/benchmark/llvm-project/clang-tools-extra/pseudo/lib/grammar/Grammar.cpp, 3823, 1107, 2716
713, /home/yrong/devel/llvm/benchmark/llvm-project/clang-tools-extra/pseudo/lib/grammar/GrammarBNF.cpp, 3600, 726, 2874
714, /home/yrong/devel/llvm/benchmark/llvm-project/clang-tools-extra/pseudo/lib/grammar/LRGraph.cpp, 3473, 632, 2841
715, /home/yrong/devel/llvm/benchmark/llvm-project/clang-tools-extra/pseudo/lib/grammar/LRTable.cpp, 3638, 568, 3070
716, /home/yrong/devel/llvm/benchmark/llvm-project/clang-tools-extra/pseudo/lib/grammar/LRTableBuild.cpp, 3550, 523, 3027
717, /home/yrong/devel/llvm/benchmark/llvm-project/clang-tools-extra/pseudo/tool/ClangPseudo.cpp, 4613, 1039, 3574
718, /home/yrong/devel/llvm/benchmark/llvm-project/clang-tools-extra/pseudo/tool/HTMLForest.cpp, 4285, 814, 3471
719, /home/yrong/devel/llvm/benchmark/llvm-project/clang-tools-extra/test/clang-tidy/CTTestTidyModule.cpp, 10964, 4794, 6170
720, /home/yrong/devel/llvm/benchmark/llvm-project/clang-tools-extra/tool-template/ToolTemplate.cpp, 12938, 5959, 6979
721, /home/yrong/devel/llvm/benchmark/llvm-project/clang/lib/APINotes/APINotesTypes.cpp, 2573, 288, 2285
722, /home/yrong/devel/llvm/benchmark/llvm-project/clang/lib/APINotes/APINotesYAMLCompiler.cpp, 3995, 864, 3131
723, /home/yrong/devel/llvm/benchmark/llvm-project/clang/lib/ARCMigrate/ARCMT.cpp, 14138, 6786, 7352
724, /home/yrong/devel/llvm/benchmark/llvm-project/clang/lib/ARCMigrate/ARCMTActions.cpp, 11198, 4579, 6619
725, /home/yrong/devel/llvm/benchmark/llvm-project/clang/lib/ARCMigrate/FileRemapper.cpp, 5538, 1135, 4403
726, /home/yrong/devel/llvm/benchmark/llvm-project/clang/lib/ARCMigrate/ObjCMT.cpp, 15387, 7318, 8069
727, /home/yrong/devel/llvm/benchmark/llvm-project/clang/lib/ARCMigrate/PlistReporter.cpp, 5357, 1403, 3954
728, /home/yrong/devel/llvm/benchmark/llvm-project/clang/lib/ARCMigrate/TransAPIUses.cpp, 9509, 3593, 5916
729, /home/yrong/devel/llvm/benchmark/llvm-project/clang/lib/ARCMigrate/TransARCAssign.cpp, 9525, 3591, 5934
730, /home/yrong/devel/llvm/benchmark/llvm-project/clang/lib/ARCMigrate/TransAutoreleasePool.cpp, 11967, 5446, 6521
731, /home/yrong/devel/llvm/benchmark/llvm-project/clang/lib/ARCMigrate/TransBlockObjCVariable.cpp, 11709, 5208, 6501
732, /home/yrong/devel/llvm/benchmark/llvm-project/clang/lib/ARCMigrate/TransEmptyStatementsAndDealloc.cpp, 10791, 4330, 6461
733, /home/yrong/devel/llvm/benchmark/llvm-project/clang/lib/ARCMigrate/TransGCAttrs.cpp, 10981, 4424, 6557
734, /home/yrong/devel/llvm/benchmark/llvm-project/clang/lib/ARCMigrate/TransGCCalls.cpp, 9493, 3574, 5919
735, /home/yrong/devel/llvm/benchmark/llvm-project/clang/lib/ARCMigrate/TransProperties.cpp, 10891, 4384, 6507
736, /home/yrong/devel/llvm/benchmark/llvm-project/clang/lib/ARCMigrate/TransProtectedScope.cpp, 11240, 4772, 6468
737, /home/yrong/devel/llvm/benchmark/llvm-project/clang/lib/ARCMigrate/TransRetainReleaseDealloc.cpp, 11114, 4590, 6524
738, /home/yrong/devel/llvm/benchmark/llvm-project/clang/lib/ARCMigrate/TransUnbridgedCasts.cpp, 11120, 4590, 6530
739, /home/yrong/devel/llvm/benchmark/llvm-project/clang/lib/ARCMigrate/TransUnusedInitDelegate.cpp, 9696, 3768, 5928
740, /home/yrong/devel/llvm/benchmark/llvm-project/clang/lib/ARCMigrate/TransZeroOutPropsInDealloc.cpp, 9554, 3598, 5956
741, /home/yrong/devel/llvm/benchmark/llvm-project/clang/lib/ARCMigrate/TransformActions.cpp, 8618, 3222, 5396
742, /home/yrong/devel/llvm/benchmark/llvm-project/clang/lib/ARCMigrate/Transforms.cpp, 15470, 7652, 7818
743, /home/yrong/devel/llvm/benchmark/llvm-project/clang/lib/AST/APValue.cpp, 6968, 2053, 4915
744, /home/yrong/devel/llvm/benchmark/llvm-project/clang/lib/AST/ASTConcept.cpp, 6023, 1630, 4393
745, /home/yrong/devel/llvm/benchmark/llvm-project/clang/lib/AST/ASTConsumer.cpp, 4806, 912, 3894
746, /home/yrong/devel/llvm/benchmark/llvm-project/clang/lib/AST/ASTContext.cpp, 16055, 7081, 8974
747, /home/yrong/devel/llvm/benchmark/llvm-project/clang/lib/AST/ASTDiagnostic.cpp, 7293, 2241, 5052
748, /home/yrong/devel/llvm/benchmark/llvm-project/clang/lib/AST/ASTDumper.cpp, 11445, 4655, 6790
749, /home/yrong/devel/llvm/benchmark/llvm-project/clang/lib/AST/ASTImporter.cpp, 13029, 5802, 7227
750, /home/yrong/devel/llvm/benchmark/llvm-project/clang/lib/AST/ASTImporterLookupTable.cpp, 9746, 3672, 6074
751, /home/yrong/devel/llvm/benchmark/llvm-project/clang/lib/AST/ASTStructuralEquivalence.cpp, 8829, 3173, 5656
752, /home/yrong/devel/llvm/benchmark/llvm-project/clang/lib/AST/ASTTypeTraits.cpp, 7215, 2369, 4846
753, /home/yrong/devel/llvm/benchmark/llvm-project/clang/lib/AST/AttrDocTable.cpp, 5094, 1090, 4004
754, /home/yrong/devel/llvm/benchmark/llvm-project/clang/lib/AST/AttrImpl.cpp, 8129, 3173, 4956
755, /home/yrong/devel/llvm/benchmark/llvm-project/clang/lib/AST/CXXInheritance.cpp, 7095, 2113, 4982
756, /home/yrong/devel/llvm/benchmark/llvm-project/clang/lib/AST/Comment.cpp, 6783, 1965, 4818
757, /home/yrong/devel/llvm/benchmark/llvm-project/clang/lib/AST/CommentBriefParser.cpp, 5064, 1192, 3872
758, /home/yrong/devel/llvm/benchmark/llvm-project/clang/lib/AST/CommentCommandTraits.cpp, 2678, 211, 2467
759, /home/yrong/devel/llvm/benchmark/llvm-project/clang/lib/AST/CommentLexer.cpp, 5266, 1253, 4013
760, /home/yrong/devel/llvm/benchmark/llvm-project/clang/lib/AST/CommentParser.cpp, 6448, 1830, 4618
761, /home/yrong/devel/llvm/benchmark/llvm-project/clang/lib/AST/CommentSema.cpp, 9452, 3593, 5859
762, /home/yrong/devel/llvm/benchmark/llvm-project/clang/lib/AST/ComparisonCategories.cpp, 6388, 1787, 4601
763, /home/yrong/devel/llvm/benchmark/llvm-project/clang/lib/AST/ComputeDependence.cpp, 7177, 2166, 5011
764, /home/yrong/devel/llvm/benchmark/llvm-project/clang/lib/AST/DataCollection.cpp, 6903, 2190, 4713
765, /home/yrong/devel/llvm/benchmark/llvm-project/clang/lib/AST/Decl.cpp, 10288, 4077, 6211
766, /home/yrong/devel/llvm/benchmark/llvm-project/clang/lib/AST/DeclBase.cpp, 8672, 3157, 5515
767, /home/yrong/devel/llvm/benchmark/llvm-project/clang/lib/AST/DeclCXX.cpp, 7817, 2523, 5294
768, /home/yrong/devel/llvm/benchmark/llvm-project/clang/lib/AST/DeclFriend.cpp, 6618, 1873, 4745
769, /home/yrong/devel/llvm/benchmark/llvm-project/clang/lib/AST/DeclGroup.cpp, 5520, 1410, 4110
770, /home/yrong/devel/llvm/benchmark/llvm-project/clang/lib/AST/DeclObjC.cpp, 6788, 1886, 4902
771, /home/yrong/devel/llvm/benchmark/llvm-project/clang/lib/AST/DeclOpenMP.cpp, 6721, 2174, 4547
772, /home/yrong/devel/llvm/benchmark/llvm-project/clang/lib/AST/DeclPrinter.cpp, 8177, 2926, 5251
773, /home/yrong/devel/llvm/benchmark/llvm-project/clang/lib/AST/DeclTemplate.cpp, 6719, 1920, 4799
774, /home/yrong/devel/llvm/benchmark/llvm-project/clang/lib/AST/DeclarationName.cpp, 7300, 2414, 4886
775, /home/yrong/devel/llvm/benchmark/llvm-project/clang/lib/AST/Expr.cpp, 11621, 4879, 6742
776, /home/yrong/devel/llvm/benchmark/llvm-project/clang/lib/AST/ExprCXX.cpp, 7012, 2057, 4955
777, /home/yrong/devel/llvm/benchmark/llvm-project/clang/lib/AST/ExprClassification.cpp, 7040, 2096, 4944
778, /home/yrong/devel/llvm/benchmark/llvm-project/clang/lib/AST/ExprConcepts.cpp, 6675, 1891, 4784
779, /home/yrong/devel/llvm/benchmark/llvm-project/clang/lib/AST/ExprConstant.cpp, 11916, 5159, 6757
780, /home/yrong/devel/llvm/benchmark/llvm-project/clang/lib/AST/ExprObjC.cpp, 6268, 1741, 4527
781, /home/yrong/devel/llvm/benchmark/llvm-project/clang/lib/AST/ExternalASTMerger.cpp, 7485, 2385, 5100
782, /home/yrong/devel/llvm/benchmark/llvm-project/clang/lib/AST/ExternalASTSource.cpp, 7028, 2296, 4732
783, /home/yrong/devel/llvm/benchmark/llvm-project/clang/lib/AST/FormatString.cpp, 6082, 1767, 4315
784, /home/yrong/devel/llvm/benchmark/llvm-project/clang/lib/AST/InheritViz.cpp, 7122, 2078, 5044
785, /home/yrong/devel/llvm/benchmark/llvm-project/clang/lib/AST/Interp/ByteCodeEmitter.cpp, 7489, 2414, 5075
786, /home/yrong/devel/llvm/benchmark/llvm-project/clang/lib/AST/Interp/ByteCodeExprGen.cpp, 9984, 4184, 5800
787, /home/yrong/devel/llvm/benchmark/llvm-project/clang/lib/AST/Interp/ByteCodeGenError.cpp, 5287, 1235, 4052
788, /home/yrong/devel/llvm/benchmark/llvm-project/clang/lib/AST/Interp/ByteCodeStmtGen.cpp, 8935, 3357, 5578
789, /home/yrong/devel/llvm/benchmark/llvm-project/clang/lib/AST/Interp/Context.cpp, 9164, 3563, 5601
790, /home/yrong/devel/llvm/benchmark/llvm-project/clang/lib/AST/Interp/Descriptor.cpp, 6765, 1954, 4811
791, /home/yrong/devel/llvm/benchmark/llvm-project/clang/lib/AST/Interp/Disasm.cpp, 6886, 2047, 4839
792, /home/yrong/devel/llvm/benchmark/llvm-project/clang/lib/AST/Interp/EvalEmitter.cpp, 10357, 5025, 5332
793, /home/yrong/devel/llvm/benchmark/llvm-project/clang/lib/AST/Interp/Floating.cpp, 3268, 364, 2904
794, /home/yrong/devel/llvm/benchmark/llvm-project/clang/lib/AST/Interp/Frame.cpp, 2473, 170, 2303
795, /home/yrong/devel/llvm/benchmark/llvm-project/clang/lib/AST/Interp/Function.cpp, 6860, 2043, 4817
796, /home/yrong/devel/llvm/benchmark/llvm-project/clang/lib/AST/Interp/Interp.cpp, 10402, 5016, 5386
797, /home/yrong/devel/llvm/benchmark/llvm-project/clang/lib/AST/Interp/InterpBlock.cpp, 5890, 1414, 4476
798, /home/yrong/devel/llvm/benchmark/llvm-project/clang/lib/AST/Interp/InterpBuiltin.cpp, 7820, 2658, 5162
799, /home/yrong/devel/llvm/benchmark/llvm-project/clang/lib/AST/Interp/InterpFrame.cpp, 7018, 2137, 4881
800, /home/yrong/devel/llvm/benchmark/llvm-project/clang/lib/AST/Interp/InterpStack.cpp, 6725, 1929, 4796
801, /home/yrong/devel/llvm/benchmark/llvm-project/clang/lib/AST/Interp/InterpState.cpp, 6894, 2083, 4811
802, /home/yrong/devel/llvm/benchmark/llvm-project/clang/lib/AST/Interp/Pointer.cpp, 6706, 1925, 4781
803, /home/yrong/devel/llvm/benchmark/llvm-project/clang/lib/AST/Interp/PrimType.cpp, 6717, 1929, 4788
804, /home/yrong/devel/llvm/benchmark/llvm-project/clang/lib/AST/Interp/Program.cpp, 8899, 3347, 5552
805, /home/yrong/devel/llvm/benchmark/llvm-project/clang/lib/AST/Interp/Record.cpp, 5940, 1439, 4501
806, /home/yrong/devel/llvm/benchmark/llvm-project/clang/lib/AST/Interp/Source.cpp, 5497, 1274, 4223
807, /home/yrong/devel/llvm/benchmark/llvm-project/clang/lib/AST/Interp/State.cpp, 7017, 2119, 4898
808, /home/yrong/devel/llvm/benchmark/llvm-project/clang/lib/AST/ItaniumCXXABI.cpp, 8339, 2999, 5340
809, /home/yrong/devel/llvm/benchmark/llvm-project/clang/lib/AST/ItaniumMangle.cpp, 10415, 4064, 6351
810, /home/yrong/devel/llvm/benchmark/llvm-project/clang/lib/AST/JSONNodeDumper.cpp, 11680, 4956, 6724
811, /home/yrong/devel/llvm/benchmark/llvm-project/clang/lib/AST/Mangle.cpp, 9928, 3916, 6012
812, /home/yrong/devel/llvm/benchmark/llvm-project/clang/lib/AST/MicrosoftCXXABI.cpp, 8430, 3046, 5384
813, /home/yrong/devel/llvm/benchmark/llvm-project/clang/lib/AST/MicrosoftMangle.cpp, 10374, 4184, 6190
814, /home/yrong/devel/llvm/benchmark/llvm-project/clang/lib/AST/NSAPI.cpp, 6185, 1773, 4412
815, /home/yrong/devel/llvm/benchmark/llvm-project/clang/lib/AST/NestedNameSpecifier.cpp, 6649, 1891, 4758
816, /home/yrong/devel/llvm/benchmark/llvm-project/clang/lib/AST/ODRDiagsEmitter.cpp, 7912, 2908, 5004
817, /home/yrong/devel/llvm/benchmark/llvm-project/clang/lib/AST/ODRHash.cpp, 8053, 2836, 5217
818, /home/yrong/devel/llvm/benchmark/llvm-project/clang/lib/AST/OSLog.cpp, 6722, 1935, 4787
819, /home/yrong/devel/llvm/benchmark/llvm-project/clang/lib/AST/OpenMPClause.cpp, 7735, 2640, 5095
820, /home/yrong/devel/llvm/benchmark/llvm-project/clang/lib/AST/ParentMap.cpp, 6864, 2006, 4858
821, /home/yrong/devel/llvm/benchmark/llvm-project/clang/lib/AST/ParentMapContext.cpp, 9944, 3890, 6054
822, /home/yrong/devel/llvm/benchmark/llvm-project/clang/lib/AST/PrintfFormatString.cpp, 6525, 1927, 4598
823, /home/yrong/devel/llvm/benchmark/llvm-project/clang/lib/AST/QualTypeNames.cpp, 7699, 2620, 5079
824, /home/yrong/devel/llvm/benchmark/llvm-project/clang/lib/AST/Randstruct.cpp, 7935, 1896, 6039
825, /home/yrong/devel/llvm/benchmark/llvm-project/clang/lib/AST/RawCommentList.cpp, 7184, 2359, 4825
826, /home/yrong/devel/llvm/benchmark/llvm-project/clang/lib/AST/RecordLayout.cpp, 6856, 2029, 4827
827, /home/yrong/devel/llvm/benchmark/llvm-project/clang/lib/AST/RecordLayoutBuilder.cpp, 8989, 3408, 5581
828, /home/yrong/devel/llvm/benchmark/llvm-project/clang/lib/AST/ScanfFormatString.cpp, 6047, 1730, 4317
829, /home/yrong/devel/llvm/benchmark/llvm-project/clang/lib/AST/SelectorLocationsKind.cpp, 5489, 1271, 4218
830, /home/yrong/devel/llvm/benchmark/llvm-project/clang/lib/AST/Stmt.cpp, 9668, 3420, 6248
831, /home/yrong/devel/llvm/benchmark/llvm-project/clang/lib/AST/StmtCXX.cpp, 6007, 1616, 4391
832, /home/yrong/devel/llvm/benchmark/llvm-project/clang/lib/AST/StmtIterator.cpp, 4826, 918, 3908
833, /home/yrong/devel/llvm/benchmark/llvm-project/clang/lib/AST/StmtObjC.cpp, 5998, 1610, 4388
834, /home/yrong/devel/llvm/benchmark/llvm-project/clang/lib/AST/StmtOpenMP.cpp, 6998, 2344, 4654
835, /home/yrong/devel/llvm/benchmark/llvm-project/clang/lib/AST/StmtPrinter.cpp, 9576, 3707, 5869
836, /home/yrong/devel/llvm/benchmark/llvm-project/clang/lib/AST/StmtProfile.cpp, 8072, 2892, 5180
837, /home/yrong/devel/llvm/benchmark/llvm-project/clang/lib/AST/StmtViz.cpp, 5949, 1484, 4465
838, /home/yrong/devel/llvm/benchmark/llvm-project/clang/lib/AST/TemplateBase.cpp, 6926, 2066, 4860
839, /home/yrong/devel/llvm/benchmark/llvm-project/clang/lib/AST/TemplateName.cpp, 6646, 1895, 4751
840, /home/yrong/devel/llvm/benchmark/llvm-project/clang/lib/AST/TextNodeDumper.cpp, 10192, 4047, 6145
841, /home/yrong/devel/llvm/benchmark/llvm-project/clang/lib/AST/Type.cpp, 8288, 3081, 5207
842, /home/yrong/devel/llvm/benchmark/llvm-project/clang/lib/AST/TypeLoc.cpp, 7011, 2078, 4933
843, /home/yrong/devel/llvm/benchmark/llvm-project/clang/lib/AST/TypePrinter.cpp, 9753, 3748, 6005
844, /home/yrong/devel/llvm/benchmark/llvm-project/clang/lib/AST/VTTBuilder.cpp, 6465, 1816, 4649
845, /home/yrong/devel/llvm/benchmark/llvm-project/clang/lib/AST/VTableBuilder.cpp, 9896, 3915, 5981
846, /home/yrong/devel/llvm/benchmark/llvm-project/clang/lib/ASTMatchers/ASTMatchFinder.cpp, 13420, 6341, 7079
847, /home/yrong/devel/llvm/benchmark/llvm-project/clang/lib/ASTMatchers/ASTMatchersInternal.cpp, 13820, 7041, 6779
848, /home/yrong/devel/llvm/benchmark/llvm-project/clang/lib/ASTMatchers/Dynamic/Diagnostics.cpp, 10729, 4570, 6159
849, /home/yrong/devel/llvm/benchmark/llvm-project/clang/lib/ASTMatchers/Dynamic/Marshallers.cpp, 11615, 5421, 6194
850, /home/yrong/devel/llvm/benchmark/llvm-project/clang/lib/ASTMatchers/Dynamic/Parser.cpp, 10866, 4679, 6187
851, /home/yrong/devel/llvm/benchmark/llvm-project/clang/lib/ASTMatchers/Dynamic/Registry.cpp, 28900, 19217, 9683
852, /home/yrong/devel/llvm/benchmark/llvm-project/clang/lib/ASTMatchers/Dynamic/VariantValue.cpp, 10713, 4560, 6153
853, /home/yrong/devel/llvm/benchmark/llvm-project/clang/lib/ASTMatchers/GtestMatchers.cpp, 11822, 5027, 6795
854, /home/yrong/devel/llvm/benchmark/llvm-project/clang/lib/Analysis/AnalysisDeclContext.cpp, 9893, 3851, 6042
855, /home/yrong/devel/llvm/benchmark/llvm-project/clang/lib/Analysis/BodyFarm.cpp, 7171, 2171, 5000
856, /home/yrong/devel/llvm/benchmark/llvm-project/clang/lib/Analysis/CFG.cpp, 10730, 4228, 6502
857, /home/yrong/devel/llvm/benchmark/llvm-project/clang/lib/Analysis/CFGReachabilityAnalysis.cpp, 7292, 2157, 5135
858, /home/yrong/devel/llvm/benchmark/llvm-project/clang/lib/Analysis/CFGStmtMap.cpp, 7232, 2130, 5102
859, /home/yrong/devel/llvm/benchmark/llvm-project/clang/lib/Analysis/CallGraph.cpp, 10233, 3728, 6505
860, /home/yrong/devel/llvm/benchmark/llvm-project/clang/lib/Analysis/CalledOnceCheck.cpp, 10672, 4041, 6631
861, /home/yrong/devel/llvm/benchmark/llvm-project/clang/lib/Analysis/CloneDetection.cpp, 9706, 3776, 5930
862, /home/yrong/devel/llvm/benchmark/llvm-project/clang/lib/Analysis/CocoaConventions.cpp, 4959, 978, 3981
863, /home/yrong/devel/llvm/benchmark/llvm-project/clang/lib/Analysis/CodeInjector.cpp, 0, 0, 0
864, /home/yrong/devel/llvm/benchmark/llvm-project/clang/lib/Analysis/ConstructionContext.cpp, 7011, 2051, 4960
865, /home/yrong/devel/llvm/benchmark/llvm-project/clang/lib/Analysis/Consumed.cpp, 8852, 3199, 5653
866, /home/yrong/devel/llvm/benchmark/llvm-project/clang/lib/Analysis/Dominators.cpp, 8499, 2496, 6003
867, /home/yrong/devel/llvm/benchmark/llvm-project/clang/lib/Analysis/ExprMutationAnalyzer.cpp, 12522, 6113, 6409
868, /home/yrong/devel/llvm/benchmark/llvm-project/clang/lib/Analysis/FlowSensitive/Arena.cpp, 5192, 1187, 4005
869, /home/yrong/devel/llvm/benchmark/llvm-project/clang/lib/Analysis/FlowSensitive/ControlFlowContext.cpp, 7526, 2308, 5218
870, /home/yrong/devel/llvm/benchmark/llvm-project/clang/lib/Analysis/FlowSensitive/DataflowAnalysisContext.cpp, 9048, 3054, 5994
871, /home/yrong/devel/llvm/benchmark/llvm-project/clang/lib/Analysis/FlowSensitive/DataflowEnvironment.cpp, 8474, 2890, 5584
872, /home/yrong/devel/llvm/benchmark/llvm-project/clang/lib/Analysis/FlowSensitive/DebugSupport.cpp, 4932, 999, 3933
873, /home/yrong/devel/llvm/benchmark/llvm-project/clang/lib/Analysis/FlowSensitive/Formula.cpp, 2943, 259, 2684
874, /home/yrong/devel/llvm/benchmark/llvm-project/clang/lib/Analysis/FlowSensitive/HTMLLogger.cpp, 10117, 3838, 6279
875, /home/yrong/devel/llvm/benchmark/llvm-project/clang/lib/Analysis/FlowSensitive/Logger.cpp, 7992, 2631, 5361
876, /home/yrong/devel/llvm/benchmark/llvm-project/clang/lib/Analysis/FlowSensitive/Models/ChromiumCheckModel.cpp, 11508, 4975, 6533
877, /home/yrong/devel/llvm/benchmark/llvm-project/clang/lib/Analysis/FlowSensitive/Models/UncheckedOptionalAccessModel.cpp, 13375, 6467, 6908
878, /home/yrong/devel/llvm/benchmark/llvm-project/clang/lib/Analysis/FlowSensitive/RecordOps.cpp, 7955, 2610, 5345
879, /home/yrong/devel/llvm/benchmark/llvm-project/clang/lib/Analysis/FlowSensitive/Transfer.cpp, 12077, 5213, 6864
880, /home/yrong/devel/llvm/benchmark/llvm-project/clang/lib/Analysis/FlowSensitive/TypeErasedDataflowAnalysis.cpp, 11310, 4537, 6773
881, /home/yrong/devel/llvm/benchmark/llvm-project/clang/lib/Analysis/FlowSensitive/Value.cpp, 4912, 981, 3931
882, /home/yrong/devel/llvm/benchmark/llvm-project/clang/lib/Analysis/FlowSensitive/WatchedLiteralsSolver.cpp, 3585, 450, 3135
883, /home/yrong/devel/llvm/benchmark/llvm-project/clang/lib/Analysis/IntervalPartition.cpp, 7957, 2333, 5624
884, /home/yrong/devel/llvm/benchmark/llvm-project/clang/lib/Analysis/IssueHash.cpp, 8233, 2579, 5654
885, /home/yrong/devel/llvm/benchmark/llvm-project/clang/lib/Analysis/LiveVariables.cpp, 9303, 3228, 6075
886, /home/yrong/devel/llvm/benchmark/llvm-project/clang/lib/Analysis/MacroExpansionContext.cpp, 6709, 2245, 4464
887, /home/yrong/devel/llvm/benchmark/llvm-project/clang/lib/Analysis/ObjCNoReturn.cpp, 6132, 1684, 4448
888, /home/yrong/devel/llvm/benchmark/llvm-project/clang/lib/Analysis/PathDiagnostic.cpp, 9279, 3442, 5837
889, /home/yrong/devel/llvm/benchmark/llvm-project/clang/lib/Analysis/PostOrderCFGView.cpp, 7551, 2329, 5222
890, /home/yrong/devel/llvm/benchmark/llvm-project/clang/lib/Analysis/ProgramPoint.cpp, 8928, 3225, 5703
891, /home/yrong/devel/llvm/benchmark/llvm-project/clang/lib/Analysis/ReachableCode.cpp, 9976, 3794, 6182
892, /home/yrong/devel/llvm/benchmark/llvm-project/clang/lib/Analysis/RetainSummaryManager.cpp, 11257, 4837, 6420
893, /home/yrong/devel/llvm/benchmark/llvm-project/clang/lib/Analysis/ThreadSafety.cpp, 10230, 3550, 6680
894, /home/yrong/devel/llvm/benchmark/llvm-project/clang/lib/Analysis/ThreadSafetyCommon.cpp, 8801, 2541, 6260
895, /home/yrong/devel/llvm/benchmark/llvm-project/clang/lib/Analysis/ThreadSafetyLogical.cpp, 5121, 931, 4190
896, /home/yrong/devel/llvm/benchmark/llvm-project/clang/lib/Analysis/ThreadSafetyTIL.cpp, 5140, 940, 4200
897, /home/yrong/devel/llvm/benchmark/llvm-project/clang/lib/Analysis/UninitializedValues.cpp, 9125, 3141, 5984
898, /home/yrong/devel/llvm/benchmark/llvm-project/clang/lib/Analysis/UnsafeBufferUsage.cpp, 15585, 7631, 7954
899, /home/yrong/devel/llvm/benchmark/llvm-project/clang/lib/Analysis/plugins/CheckerDependencyHandling/CheckerDependencyHandling.cpp, 11548, 4729, 6819
900, /home/yrong/devel/llvm/benchmark/llvm-project/clang/lib/Analysis/plugins/CheckerOptionHandling/CheckerOptionHandling.cpp, 11544, 4728, 6816
901, /home/yrong/devel/llvm/benchmark/llvm-project/clang/lib/Analysis/plugins/SampleAnalyzer/MainCallChecker.cpp, 11586, 4768, 6818
902, /home/yrong/devel/llvm/benchmark/llvm-project/clang/lib/Basic/Attributes.cpp, 4470, 925, 3545
903, /home/yrong/devel/llvm/benchmark/llvm-project/clang/lib/Basic/Builtins.cpp, 4083, 878, 3205
904, /home/yrong/devel/llvm/benchmark/llvm-project/clang/lib/Basic/CLWarnings.cpp, 89, 19, 70
905, /home/yrong/devel/llvm/benchmark/llvm-project/clang/lib/Basic/CharInfo.cpp, 2432, 143, 2289
906, /home/yrong/devel/llvm/benchmark/llvm-project/clang/lib/Basic/CodeGenOptions.cpp, 3010, 302, 2708
907, /home/yrong/devel/llvm/benchmark/llvm-project/clang/lib/Basic/Cuda.cpp, 2538, 193, 2345
908, /home/yrong/devel/llvm/benchmark/llvm-project/clang/lib/Basic/DarwinSDKInfo.cpp, 4886, 1095, 3791
909, /home/yrong/devel/llvm/benchmark/llvm-project/clang/lib/Basic/Diagnostic.cpp, 5519, 1475, 4044
910, /home/yrong/devel/llvm/benchmark/llvm-project/clang/lib/Basic/DiagnosticIDs.cpp, 5159, 1298, 3861
911, /home/yrong/devel/llvm/benchmark/llvm-project/clang/lib/Basic/DiagnosticOptions.cpp, 2497, 172, 2325
912, /home/yrong/devel/llvm/benchmark/llvm-project/clang/lib/Basic/ExpressionTraits.cpp, 2, 0, 2
913, /home/yrong/devel/llvm/benchmark/llvm-project/clang/lib/Basic/FileEntry.cpp, 3856, 754, 3102
914, /home/yrong/devel/llvm/benchmark/llvm-project/clang/lib/Basic/FileManager.cpp, 4694, 1024, 3670
915, /home/yrong/devel/llvm/benchmark/llvm-project/clang/lib/Basic/FileSystemStatCache.cpp, 3865, 758, 3107
916, /home/yrong/devel/llvm/benchmark/llvm-project/clang/lib/Basic/IdentifierTable.cpp, 4005, 643, 3362
917, /home/yrong/devel/llvm/benchmark/llvm-project/clang/lib/Basic/LangOptions.cpp, 3256, 453, 2803
918, /home/yrong/devel/llvm/benchmark/llvm-project/clang/lib/Basic/LangStandards.cpp, 2589, 221, 2368
919, /home/yrong/devel/llvm/benchmark/llvm-project/clang/lib/Basic/MakeSupport.cpp, 2437, 146, 2291
920, /home/yrong/devel/llvm/benchmark/llvm-project/clang/lib/Basic/Module.cpp, 5406, 1463, 3943
921, /home/yrong/devel/llvm/benchmark/llvm-project/clang/lib/Basic/NoSanitizeList.cpp, 5120, 1253, 3867
922, /home/yrong/devel/llvm/benchmark/llvm-project/clang/lib/Basic/ObjCRuntime.cpp, 2768, 282, 2486
923, /home/yrong/devel/llvm/benchmark/llvm-project/clang/lib/Basic/OpenCLOptions.cpp, 4532, 1002, 3530
924, /home/yrong/devel/llvm/benchmark/llvm-project/clang/lib/Basic/OpenMPKinds.cpp, 3606, 695, 2911
925, /home/yrong/devel/llvm/benchmark/llvm-project/clang/lib/Basic/OperatorPrecedence.cpp, 45, 0, 45
926, /home/yrong/devel/llvm/benchmark/llvm-project/clang/lib/Basic/ParsedAttrInfo.cpp, 2979, 184, 2795
927, /home/yrong/devel/llvm/benchmark/llvm-project/clang/lib/Basic/ProfileList.cpp, 5204, 1336, 3868
928, /home/yrong/devel/llvm/benchmark/llvm-project/clang/lib/Basic/SanitizerSpecialCaseList.cpp, 2791, 257, 2534
929, /home/yrong/devel/llvm/benchmark/llvm-project/clang/lib/Basic/Sanitizers.cpp, 2724, 231, 2493
930, /home/yrong/devel/llvm/benchmark/llvm-project/clang/lib/Basic/Sarif.cpp, 5906, 1605, 4301
931, /home/yrong/devel/llvm/benchmark/llvm-project/clang/lib/Basic/SourceLocation.cpp, 5085, 1192, 3893
932, /home/yrong/devel/llvm/benchmark/llvm-project/clang/lib/Basic/SourceManager.cpp, 5790, 1671, 4119
933, /home/yrong/devel/llvm/benchmark/llvm-project/clang/lib/Basic/Stack.cpp, 2293, 128, 2165
934, /home/yrong/devel/llvm/benchmark/llvm-project/clang/lib/Basic/TargetID.cpp, 3192, 416, 2776
935, /home/yrong/devel/llvm/benchmark/llvm-project/clang/lib/Basic/TargetInfo.cpp, 4511, 968, 3543
936, /home/yrong/devel/llvm/benchmark/llvm-project/clang/lib/Basic/Targets.cpp, 9092, 5387, 3705
937, /home/yrong/devel/llvm/benchmark/llvm-project/clang/lib/Basic/Targets/AArch64.cpp, 4613, 1341, 3272
938, /home/yrong/devel/llvm/benchmark/llvm-project/clang/lib/Basic/Targets/AMDGPU.cpp, 4505, 1001, 3504
939, /home/yrong/devel/llvm/benchmark/llvm-project/clang/lib/Basic/Targets/ARC.cpp, 3911, 799, 3112
940, /home/yrong/devel/llvm/benchmark/llvm-project/clang/lib/Basic/Targets/ARM.cpp, 5043, 1370, 3673
941, /home/yrong/devel/llvm/benchmark/llvm-project/clang/lib/Basic/Targets/AVR.cpp, 3959, 846, 3113
942, /home/yrong/devel/llvm/benchmark/llvm-project/clang/lib/Basic/Targets/BPF.cpp, 3919, 805, 3114
943, /home/yrong/devel/llvm/benchmark/llvm-project/clang/lib/Basic/Targets/CSKY.cpp, 3967, 854, 3113
944, /home/yrong/devel/llvm/benchmark/llvm-project/clang/lib/Basic/Targets/DirectX.cpp, 3911, 799, 3112
945, /home/yrong/devel/llvm/benchmark/llvm-project/clang/lib/Basic/Targets/Hexagon.cpp, 3994, 878, 3116
946, /home/yrong/devel/llvm/benchmark/llvm-project/clang/lib/Basic/Targets/Lanai.cpp, 3935, 820, 3115
947, /home/yrong/devel/llvm/benchmark/llvm-project/clang/lib/Basic/Targets/Le64.cpp, 3910, 798, 3112
948, /home/yrong/devel/llvm/benchmark/llvm-project/clang/lib/Basic/Targets/LoongArch.cpp, 4440, 939, 3501
949, /home/yrong/devel/llvm/benchmark/llvm-project/clang/lib/Basic/Targets/M68k.cpp, 4803, 1153, 3650
950, /home/yrong/devel/llvm/benchmark/llvm-project/clang/lib/Basic/Targets/MSP430.cpp, 3911, 799, 3112
951, /home/yrong/devel/llvm/benchmark/llvm-project/clang/lib/Basic/Targets/Mips.cpp, 4563, 1053, 3510
952, /home/yrong/devel/llvm/benchmark/llvm-project/clang/lib/Basic/Targets/NVPTX.cpp, 3953, 836, 3117
953, /home/yrong/devel/llvm/benchmark/llvm-project/clang/lib/Basic/Targets/OSTargets.cpp, 4271, 1068, 3203
954, /home/yrong/devel/llvm/benchmark/llvm-project/clang/lib/Basic/Targets/PNaCl.cpp, 3932, 815, 3117
955, /home/yrong/devel/llvm/benchmark/llvm-project/clang/lib/Basic/Targets/PPC.cpp, 5171, 1568, 3603
956, /home/yrong/devel/llvm/benchmark/llvm-project/clang/lib/Basic/Targets/RISCV.cpp, 4557, 1048, 3509
957, /home/yrong/devel/llvm/benchmark/llvm-project/clang/lib/Basic/Targets/SPIR.cpp, 3933, 820, 3113
958, /home/yrong/devel/llvm/benchmark/llvm-project/clang/lib/Basic/Targets/Sparc.cpp, 3958, 845, 3113
959, /home/yrong/devel/llvm/benchmark/llvm-project/clang/lib/Basic/Targets/SystemZ.cpp, 3933, 820, 3113
960, /home/yrong/devel/llvm/benchmark/llvm-project/clang/lib/Basic/Targets/TCE.cpp, 3915, 803, 3112
961, /home/yrong/devel/llvm/benchmark/llvm-project/clang/lib/Basic/Targets/VE.cpp, 3920, 808, 3112
962, /home/yrong/devel/llvm/benchmark/llvm-project/clang/lib/Basic/Targets/WebAssembly.cpp, 4448, 945, 3503
963, /home/yrong/devel/llvm/benchmark/llvm-project/clang/lib/Basic/Targets/X86.cpp, 5125, 1468, 3657
964, /home/yrong/devel/llvm/benchmark/llvm-project/clang/lib/Basic/Targets/XCore.cpp, 3912, 800, 3112
965, /home/yrong/devel/llvm/benchmark/llvm-project/clang/lib/Basic/TokenKinds.cpp, 45, 0, 45
966, /home/yrong/devel/llvm/benchmark/llvm-project/clang/lib/Basic/TypeTraits.cpp, 7, 0, 7
967, /home/yrong/devel/llvm/benchmark/llvm-project/clang/lib/Basic/Version.cpp, 2466, 171, 2295
968, /home/yrong/devel/llvm/benchmark/llvm-project/clang/lib/Basic/Warnings.cpp, 3395, 328, 3067
969, /home/yrong/devel/llvm/benchmark/llvm-project/clang/lib/Basic/XRayInstr.cpp, 2477, 160, 2317
970, /home/yrong/devel/llvm/benchmark/llvm-project/clang/lib/Basic/XRayLists.cpp, 5088, 1242, 3846
971, /home/yrong/devel/llvm/benchmark/llvm-project/clang/lib/CodeGen/ABIInfo.cpp, 16509, 7050, 9459
972, /home/yrong/devel/llvm/benchmark/llvm-project/clang/lib/CodeGen/ABIInfoImpl.cpp, 16559, 7089, 9470
973, /home/yrong/devel/llvm/benchmark/llvm-project/clang/lib/CodeGen/BackendUtil.cpp, 16359, 7624, 8735
974, /home/yrong/devel/llvm/benchmark/llvm-project/clang/lib/CodeGen/CGAtomic.cpp, 16766, 7232, 9534
975, /home/yrong/devel/llvm/benchmark/llvm-project/clang/lib/CodeGen/CGBlocks.cpp, 17603, 7781, 9822
976, /home/yrong/devel/llvm/benchmark/llvm-project/clang/lib/CodeGen/CGBuiltin.cpp, 26610, 15170, 11440
977, /home/yrong/devel/llvm/benchmark/llvm-project/clang/lib/CodeGen/CGCUDANV.cpp, 17165, 7491, 9674
978, /home/yrong/devel/llvm/benchmark/llvm-project/clang/lib/CodeGen/CGCUDARuntime.cpp, 16462, 7018, 9444
979, /home/yrong/devel/llvm/benchmark/llvm-project/clang/lib/CodeGen/CGCXX.cpp, 16523, 7061, 9462
980, /home/yrong/devel/llvm/benchmark/llvm-project/clang/lib/CodeGen/CGCXXABI.cpp, 16571, 7090, 9481
981, /home/yrong/devel/llvm/benchmark/llvm-project/clang/lib/CodeGen/CGCall.cpp, 18090, 7976, 10114
982, /home/yrong/devel/llvm/benchmark/llvm-project/clang/lib/CodeGen/CGClass.cpp, 17058, 7349, 9709
983, /home/yrong/devel/llvm/benchmark/llvm-project/clang/lib/CodeGen/CGCleanup.cpp, 16696, 7135, 9561
984, /home/yrong/devel/llvm/benchmark/llvm-project/clang/lib/CodeGen/CGCoroutine.cpp, 16774, 7192, 9582
985, /home/yrong/devel/llvm/benchmark/llvm-project/clang/lib/CodeGen/CGDebugInfo.cpp, 20806, 9821, 10985
986, /home/yrong/devel/llvm/benchmark/llvm-project/clang/lib/CodeGen/CGDecl.cpp, 19320, 8976, 10344
987, /home/yrong/devel/llvm/benchmark/llvm-project/clang/lib/CodeGen/CGDeclCXX.cpp, 16944, 7382, 9562
988, /home/yrong/devel/llvm/benchmark/llvm-project/clang/lib/CodeGen/CGException.cpp, 17070, 7347, 9723
989, /home/yrong/devel/llvm/benchmark/llvm-project/clang/lib/CodeGen/CGExpr.cpp, 18337, 8344, 9993
990, /home/yrong/devel/llvm/benchmark/llvm-project/clang/lib/CodeGen/CGExprAgg.cpp, 16938, 7311, 9627
991, /home/yrong/devel/llvm/benchmark/llvm-project/clang/lib/CodeGen/CGExprCXX.cpp, 16888, 7287, 9601
992, /home/yrong/devel/llvm/benchmark/llvm-project/clang/lib/CodeGen/CGExprComplex.cpp, 16906, 7340, 9566
993, /home/yrong/devel/llvm/benchmark/llvm-project/clang/lib/CodeGen/CGExprConstant.cpp, 17265, 7457, 9808
994, /home/yrong/devel/llvm/benchmark/llvm-project/clang/lib/CodeGen/CGExprScalar.cpp, 17588, 7838, 9750
995, /home/yrong/devel/llvm/benchmark/llvm-project/clang/lib/CodeGen/CGGPUBuiltin.cpp, 16490, 7036, 9454
996, /home/yrong/devel/llvm/benchmark/llvm-project/clang/lib/CodeGen/CGHLSLRuntime.cpp, 12266, 5430, 6836
997, /home/yrong/devel/llvm/benchmark/llvm-project/clang/lib/CodeGen/CGLoopInfo.cpp, 7305, 2216, 5089
998, /home/yrong/devel/llvm/benchmark/llvm-project/clang/lib/CodeGen/CGNonTrivialStruct.cpp, 17488, 7813, 9675
999, /home/yrong/devel/llvm/benchmark/llvm-project/clang/lib/CodeGen/CGObjC.cpp, 17131, 7439, 9692
1000, /home/yrong/devel/llvm/benchmark/llvm-project/clang/lib/CodeGen/CGObjCGNU.cpp, 17978, 8142, 9836
1001, /home/yrong/devel/llvm/benchmark/llvm-project/clang/lib/CodeGen/CGObjCMac.cpp, 18229, 8112, 10117
1002, /home/yrong/devel/llvm/benchmark/llvm-project/clang/lib/CodeGen/CGObjCRuntime.cpp, 16614, 7099, 9515
1003, /home/yrong/devel/llvm/benchmark/llvm-project/clang/lib/CodeGen/CGOpenCLRuntime.cpp, 16596, 7088, 9508
1004, /home/yrong/devel/llvm/benchmark/llvm-project/clang/lib/CodeGen/CGOpenMPRuntime.cpp, 20627, 9659, 10968
1005, /home/yrong/devel/llvm/benchmark/llvm-project/clang/lib/CodeGen/CGOpenMPRuntimeGPU.cpp, 17392, 7592, 9800
1006, /home/yrong/devel/llvm/benchmark/llvm-project/clang/lib/CodeGen/CGRecordLayoutBuilder.cpp, 16806, 7266, 9540
1007, /home/yrong/devel/llvm/benchmark/llvm-project/clang/lib/CodeGen/CGStmt.cpp, 18014, 8076, 9938
1008, /home/yrong/devel/llvm/benchmark/llvm-project/clang/lib/CodeGen/CGStmtOpenMP.cpp, 19236, 8919, 10317
1009, /home/yrong/devel/llvm/benchmark/llvm-project/clang/lib/CodeGen/CGVTT.cpp, 16603, 7101, 9502
1010, /home/yrong/devel/llvm/benchmark/llvm-project/clang/lib/CodeGen/CGVTables.cpp, 17267, 7537, 9730
1011, /home/yrong/devel/llvm/benchmark/llvm-project/clang/lib/CodeGen/CodeGenABITypes.cpp, 16601, 7108, 9493
1012, /home/yrong/devel/llvm/benchmark/llvm-project/clang/lib/CodeGen/CodeGenAction.cpp, 20758, 10475, 10283
1013, /home/yrong/devel/llvm/benchmark/llvm-project/clang/lib/CodeGen/CodeGenFunction.cpp, 17436, 7665, 9771
1014, /home/yrong/devel/llvm/benchmark/llvm-project/clang/lib/CodeGen/CodeGenModule.cpp, 23709, 11442, 12267
1015, /home/yrong/devel/llvm/benchmark/llvm-project/clang/lib/CodeGen/CodeGenPGO.cpp, 19578, 8920, 10658
1016, /home/yrong/devel/llvm/benchmark/llvm-project/clang/lib/CodeGen/CodeGenTBAA.cpp, 8541, 2974, 5567
1017, /home/yrong/devel/llvm/benchmark/llvm-project/clang/lib/CodeGen/CodeGenTypes.cpp, 16772, 7191, 9581
1018, /home/yrong/devel/llvm/benchmark/llvm-project/clang/lib/CodeGen/ConstantInitBuilder.cpp, 11022, 4602, 6420
1019, /home/yrong/devel/llvm/benchmark/llvm-project/clang/lib/CodeGen/CoverageMappingGen.cpp, 18755, 8608, 10147
1020, /home/yrong/devel/llvm/benchmark/llvm-project/clang/lib/CodeGen/ItaniumCXXABI.cpp, 17598, 7775, 9823
1021, /home/yrong/devel/llvm/benchmark/llvm-project/clang/lib/CodeGen/MacroPPCallbacks.cpp, 11135, 4452, 6683
1022, /home/yrong/devel/llvm/benchmark/llvm-project/clang/lib/CodeGen/MicrosoftCXXABI.cpp, 17390, 7582, 9808
1023, /home/yrong/devel/llvm/benchmark/llvm-project/clang/lib/CodeGen/ModuleBuilder.cpp, 12719, 5558, 7161
1024, /home/yrong/devel/llvm/benchmark/llvm-project/clang/lib/CodeGen/ObjectFilePCHContainerOperations.cpp, 18718, 9568, 9150
1025, /home/yrong/devel/llvm/benchmark/llvm-project/clang/lib/CodeGen/PatternInit.cpp, 10929, 4569, 6360
1026, /home/yrong/devel/llvm/benchmark/llvm-project/clang/lib/CodeGen/SanitizerMetadata.cpp, 11901, 5106, 6795
1027, /home/yrong/devel/llvm/benchmark/llvm-project/clang/lib/CodeGen/SwiftCallingConv.cpp, 11132, 4707, 6425
1028, /home/yrong/devel/llvm/benchmark/llvm-project/clang/lib/CodeGen/TargetInfo.cpp, 16586, 7133, 9453
1029, /home/yrong/devel/llvm/benchmark/llvm-project/clang/lib/CodeGen/Targets/AArch64.cpp, 16674, 7202, 9472
1030, /home/yrong/devel/llvm/benchmark/llvm-project/clang/lib/CodeGen/Targets/AMDGPU.cpp, 16667, 7178, 9489
1031, /home/yrong/devel/llvm/benchmark/llvm-project/clang/lib/CodeGen/Targets/ARC.cpp, 16580, 7124, 9456
1032, /home/yrong/devel/llvm/benchmark/llvm-project/clang/lib/CodeGen/Targets/ARM.cpp, 16684, 7213, 9471
1033, /home/yrong/devel/llvm/benchmark/llvm-project/clang/lib/CodeGen/Targets/AVR.cpp, 16586, 7128, 9458
1034, /home/yrong/devel/llvm/benchmark/llvm-project/clang/lib/CodeGen/Targets/BPF.cpp, 16573, 7121, 9452
1035, /home/yrong/devel/llvm/benchmark/llvm-project/clang/lib/CodeGen/Targets/CSKY.cpp, 16576, 7120, 9456
1036, /home/yrong/devel/llvm/benchmark/llvm-project/clang/lib/CodeGen/Targets/Hexagon.cpp, 16610, 7146, 9464
1037, /home/yrong/devel/llvm/benchmark/llvm-project/clang/lib/CodeGen/Targets/Lanai.cpp, 16578, 7123, 9455
1038, /home/yrong/devel/llvm/benchmark/llvm-project/clang/lib/CodeGen/Targets/LoongArch.cpp, 16599, 7134, 9465
1039, /home/yrong/devel/llvm/benchmark/llvm-project/clang/lib/CodeGen/Targets/M68k.cpp, 16574, 7119, 9455
1040, /home/yrong/devel/llvm/benchmark/llvm-project/clang/lib/CodeGen/Targets/MSP430.cpp, 16576, 7122, 9454
1041, /home/yrong/devel/llvm/benchmark/llvm-project/clang/lib/CodeGen/Targets/Mips.cpp, 16618, 7143, 9475
1042, /home/yrong/devel/llvm/benchmark/llvm-project/clang/lib/CodeGen/Targets/NVPTX.cpp, 16608, 7143, 9465
1043, /home/yrong/devel/llvm/benchmark/llvm-project/clang/lib/CodeGen/Targets/PNaCl.cpp, 16573, 7121, 9452
1044, /home/yrong/devel/llvm/benchmark/llvm-project/clang/lib/CodeGen/Targets/PPC.cpp, 16749, 7288, 9461
1045, /home/yrong/devel/llvm/benchmark/llvm-project/clang/lib/CodeGen/Targets/RISCV.cpp, 16610, 7135, 9475
1046, /home/yrong/devel/llvm/benchmark/llvm-project/clang/lib/CodeGen/Targets/SPIR.cpp, 16620, 7166, 9454
1047, /home/yrong/devel/llvm/benchmark/llvm-project/clang/lib/CodeGen/Targets/Sparc.cpp, 16633, 7177, 9456
1048, /home/yrong/devel/llvm/benchmark/llvm-project/clang/lib/CodeGen/Targets/SystemZ.cpp, 16662, 7194, 9468
1049, /home/yrong/devel/llvm/benchmark/llvm-project/clang/lib/CodeGen/Targets/TCE.cpp, 16578, 7121, 9457
1050, /home/yrong/devel/llvm/benchmark/llvm-project/clang/lib/CodeGen/Targets/VE.cpp, 16568, 7118, 9450
1051, /home/yrong/devel/llvm/benchmark/llvm-project/clang/lib/CodeGen/Targets/WebAssembly.cpp, 16592, 7131, 9461
1052, /home/yrong/devel/llvm/benchmark/llvm-project/clang/lib/CodeGen/Targets/X86.cpp, 16995, 7454, 9541
1053, /home/yrong/devel/llvm/benchmark/llvm-project/clang/lib/CodeGen/Targets/XCore.cpp, 16655, 7178, 9477
1054, /home/yrong/devel/llvm/benchmark/llvm-project/clang/lib/CodeGen/VarBypassDetector.cpp, 5609, 1328, 4281
1055, /home/yrong/devel/llvm/benchmark/llvm-project/clang/lib/CrossTU/CrossTranslationUnit.cpp, 12682, 5132, 7550
1056, /home/yrong/devel/llvm/benchmark/llvm-project/clang/lib/DirectoryWatcher/DirectoryScanner.cpp, 3405, 515, 2890
1057, /home/yrong/devel/llvm/benchmark/llvm-project/clang/lib/DirectoryWatcher/linux/DirectoryWatcher-linux.cpp, 3659, 632, 3027
1058, /home/yrong/devel/llvm/benchmark/llvm-project/clang/lib/Driver/Action.cpp, 3224, 310, 2914
1059, /home/yrong/devel/llvm/benchmark/llvm-project/clang/lib/Driver/Compilation.cpp, 5319, 1425, 3894
1060, /home/yrong/devel/llvm/benchmark/llvm-project/clang/lib/Driver/Distro.cpp, 3933, 818, 3115
1061, /home/yrong/devel/llvm/benchmark/llvm-project/clang/lib/Driver/Driver.cpp, 9133, 4372, 4761
1062, /home/yrong/devel/llvm/benchmark/llvm-project/clang/lib/Driver/DriverOptions.cpp, 6038, 3340, 2698
1063, /home/yrong/devel/llvm/benchmark/llvm-project/clang/lib/Driver/Job.cpp, 5313, 1376, 3937
1064, /home/yrong/devel/llvm/benchmark/llvm-project/clang/lib/Driver/Multilib.cpp, 3945, 765, 3180
1065, /home/yrong/devel/llvm/benchmark/llvm-project/clang/lib/Driver/MultilibBuilder.cpp, 4512, 1040, 3472
1066, /home/yrong/devel/llvm/benchmark/llvm-project/clang/lib/Driver/OffloadBundler.cpp, 4879, 1198, 3681
1067, /home/yrong/devel/llvm/benchmark/llvm-project/clang/lib/Driver/OptionUtils.cpp, 3599, 416, 3183
1068, /home/yrong/devel/llvm/benchmark/llvm-project/clang/lib/Driver/Phases.cpp, 0, 0, 0
1069, /home/yrong/devel/llvm/benchmark/llvm-project/clang/lib/Driver/SanitizerArgs.cpp, 5839, 1871, 3968
1070, /home/yrong/devel/llvm/benchmark/llvm-project/clang/lib/Driver/Tool.cpp, 3202, 309, 2893
1071, /home/yrong/devel/llvm/benchmark/llvm-project/clang/lib/Driver/ToolChain.cpp, 6374, 2061, 4313
1072, /home/yrong/devel/llvm/benchmark/llvm-project/clang/lib/Driver/ToolChains/AIX.cpp, 6942, 1812, 5130
1073, /home/yrong/devel/llvm/benchmark/llvm-project/clang/lib/Driver/ToolChains/AMDGPU.cpp, 6024, 1890, 4134
1074, /home/yrong/devel/llvm/benchmark/llvm-project/clang/lib/Driver/ToolChains/AMDGPUOpenMP.cpp, 5523, 1501, 4022
1075, /home/yrong/devel/llvm/benchmark/llvm-project/clang/lib/Driver/ToolChains/AVR.cpp, 5586, 1520, 4066
1076, /home/yrong/devel/llvm/benchmark/llvm-project/clang/lib/Driver/ToolChains/Ananas.cpp, 5459, 1456, 4003
1077, /home/yrong/devel/llvm/benchmark/llvm-project/clang/lib/Driver/ToolChains/Arch/AArch64.cpp, 4595, 1141, 3454
1078, /home/yrong/devel/llvm/benchmark/llvm-project/clang/lib/Driver/ToolChains/Arch/ARM.cpp, 4724, 1239, 3485
1079, /home/yrong/devel/llvm/benchmark/llvm-project/clang/lib/Driver/ToolChains/Arch/CSKY.cpp, 4489, 1038, 3451
1080, /home/yrong/devel/llvm/benchmark/llvm-project/clang/lib/Driver/ToolChains/Arch/LoongArch.cpp, 4466, 1016, 3450
1081, /home/yrong/devel/llvm/benchmark/llvm-project/clang/lib/Driver/ToolChains/Arch/M68k.cpp, 4904, 1010, 3894
1082, /home/yrong/devel/llvm/benchmark/llvm-project/clang/lib/Driver/ToolChains/Arch/Mips.cpp, 4568, 1112, 3456
1083, /home/yrong/devel/llvm/benchmark/llvm-project/clang/lib/Driver/ToolChains/Arch/PPC.cpp, 4448, 1002, 3446
1084, /home/yrong/devel/llvm/benchmark/llvm-project/clang/lib/Driver/ToolChains/Arch/RISCV.cpp, 5577, 1564, 4013
1085, /home/yrong/devel/llvm/benchmark/llvm-project/clang/lib/Driver/ToolChains/Arch/Sparc.cpp, 4448, 1002, 3446
1086, /home/yrong/devel/llvm/benchmark/llvm-project/clang/lib/Driver/ToolChains/Arch/SystemZ.cpp, 4410, 964, 3446
1087, /home/yrong/devel/llvm/benchmark/llvm-project/clang/lib/Driver/ToolChains/Arch/VE.cpp, 4378, 934, 3444
1088, /home/yrong/devel/llvm/benchmark/llvm-project/clang/lib/Driver/ToolChains/Arch/X86.cpp, 4617, 1099, 3518
1089, /home/yrong/devel/llvm/benchmark/llvm-project/clang/lib/Driver/ToolChains/BareMetal.cpp, 6261, 1705, 4556
1090, /home/yrong/devel/llvm/benchmark/llvm-project/clang/lib/Driver/ToolChains/CSKYToolChain.cpp, 5518, 1501, 4017
1091, /home/yrong/devel/llvm/benchmark/llvm-project/clang/lib/Driver/ToolChains/Clang.cpp, 7426, 3080, 4346
1092, /home/yrong/devel/llvm/benchmark/llvm-project/clang/lib/Driver/ToolChains/CloudABI.cpp, 5457, 1454, 4003
1093, /home/yrong/devel/llvm/benchmark/llvm-project/clang/lib/Driver/ToolChains/CommonArgs.cpp, 7406, 2719, 4687
1094, /home/yrong/devel/llvm/benchmark/llvm-project/clang/lib/Driver/ToolChains/Contiki.cpp, 4600, 1030, 3570
1095, /home/yrong/devel/llvm/benchmark/llvm-project/clang/lib/Driver/ToolChains/CrossWindows.cpp, 5459, 1460, 3999
1096, /home/yrong/devel/llvm/benchmark/llvm-project/clang/lib/Driver/ToolChains/Cuda.cpp, 5847, 1725, 4122
1097, /home/yrong/devel/llvm/benchmark/llvm-project/clang/lib/Driver/ToolChains/Darwin.cpp, 8372, 2843, 5529
1098, /home/yrong/devel/llvm/benchmark/llvm-project/clang/lib/Driver/ToolChains/DragonFly.cpp, 5459, 1457, 4002
1099, /home/yrong/devel/llvm/benchmark/llvm-project/clang/lib/Driver/ToolChains/Flang.cpp, 5298, 1416, 3882
1100, /home/yrong/devel/llvm/benchmark/llvm-project/clang/lib/Driver/ToolChains/FreeBSD.cpp, 5669, 1633, 4036
1101, /home/yrong/devel/llvm/benchmark/llvm-project/clang/lib/Driver/ToolChains/Fuchsia.cpp, 7252, 2010, 5242
1102, /home/yrong/devel/llvm/benchmark/llvm-project/clang/lib/Driver/ToolChains/Gnu.cpp, 6393, 2291, 4102
1103, /home/yrong/devel/llvm/benchmark/llvm-project/clang/lib/Driver/ToolChains/HIPAMD.cpp, 5567, 1540, 4027
1104, /home/yrong/devel/llvm/benchmark/llvm-project/clang/lib/Driver/ToolChains/HIPSPV.cpp, 5325, 1430, 3895
1105, /home/yrong/devel/llvm/benchmark/llvm-project/clang/lib/Driver/ToolChains/HIPUtility.cpp, 5278, 1402, 3876
1106, /home/yrong/devel/llvm/benchmark/llvm-project/clang/lib/Driver/ToolChains/HLSL.cpp, 5273, 1393, 3880
1107, /home/yrong/devel/llvm/benchmark/llvm-project/clang/lib/Driver/ToolChains/Haiku.cpp, 4604, 1033, 3571
1108, /home/yrong/devel/llvm/benchmark/llvm-project/clang/lib/Driver/ToolChains/Hexagon.cpp, 5872, 1770, 4102
1109, /home/yrong/devel/llvm/benchmark/llvm-project/clang/lib/Driver/ToolChains/Hurd.cpp, 5501, 1487, 4014
1110, /home/yrong/devel/llvm/benchmark/llvm-project/clang/lib/Driver/ToolChains/InterfaceStubs.cpp, 5223, 1349, 3874
1111, /home/yrong/devel/llvm/benchmark/llvm-project/clang/lib/Driver/ToolChains/Linux.cpp, 7723, 2345, 5378
1112, /home/yrong/devel/llvm/benchmark/llvm-project/clang/lib/Driver/ToolChains/MSP430.cpp, 5536, 1534, 4002
1113, /home/yrong/devel/llvm/benchmark/llvm-project/clang/lib/Driver/ToolChains/MSVC.cpp, 6056, 1927, 4129
1114, /home/yrong/devel/llvm/benchmark/llvm-project/clang/lib/Driver/ToolChains/MinGW.cpp, 5851, 1794, 4057
1115, /home/yrong/devel/llvm/benchmark/llvm-project/clang/lib/Driver/ToolChains/Minix.cpp, 5611, 1585, 4026
1116, /home/yrong/devel/llvm/benchmark/llvm-project/clang/lib/Driver/ToolChains/MipsLinux.cpp, 5329, 1334, 3995
1117, /home/yrong/devel/llvm/benchmark/llvm-project/clang/lib/Driver/ToolChains/Myriad.cpp, 5495, 1486, 4009
1118, /home/yrong/devel/llvm/benchmark/llvm-project/clang/lib/Driver/ToolChains/NaCl.cpp, 5516, 1509, 4007
1119, /home/yrong/devel/llvm/benchmark/llvm-project/clang/lib/Driver/ToolChains/NetBSD.cpp, 5651, 1620, 4031
1120, /home/yrong/devel/llvm/benchmark/llvm-project/clang/lib/Driver/ToolChains/OHOS.cpp, 7757, 2358, 5399
1121, /home/yrong/devel/llvm/benchmark/llvm-project/clang/lib/Driver/ToolChains/OpenBSD.cpp, 5637, 1607, 4030
1122, /home/yrong/devel/llvm/benchmark/llvm-project/clang/lib/Driver/ToolChains/PPCFreeBSD.cpp, 4599, 1029, 3570
1123, /home/yrong/devel/llvm/benchmark/llvm-project/clang/lib/Driver/ToolChains/PPCLinux.cpp, 5267, 1293, 3974
1124, /home/yrong/devel/llvm/benchmark/llvm-project/clang/lib/Driver/ToolChains/PS4CPU.cpp, 5550, 1526, 4024
1125, /home/yrong/devel/llvm/benchmark/llvm-project/clang/lib/Driver/ToolChains/RISCVToolchain.cpp, 5515, 1498, 4017
1126, /home/yrong/devel/llvm/benchmark/llvm-project/clang/lib/Driver/ToolChains/SPIRV.cpp, 5238, 1363, 3875
1127, /home/yrong/devel/llvm/benchmark/llvm-project/clang/lib/Driver/ToolChains/Solaris.cpp, 5488, 1488, 4000
1128, /home/yrong/devel/llvm/benchmark/llvm-project/clang/lib/Driver/ToolChains/TCE.cpp, 4426, 949, 3477
1129, /home/yrong/devel/llvm/benchmark/llvm-project/clang/lib/Driver/ToolChains/VEToolchain.cpp, 5432, 1431, 4001
1130, /home/yrong/devel/llvm/benchmark/llvm-project/clang/lib/Driver/ToolChains/WebAssembly.cpp, 5768, 1726, 4042
1131, /home/yrong/devel/llvm/benchmark/llvm-project/clang/lib/Driver/ToolChains/XCore.cpp, 5215, 1344, 3871
1132, /home/yrong/devel/llvm/benchmark/llvm-project/clang/lib/Driver/ToolChains/ZOS.cpp, 5460, 1554, 3906
1133, /home/yrong/devel/llvm/benchmark/llvm-project/clang/lib/Driver/Types.cpp, 4467, 1018, 3449
1134, /home/yrong/devel/llvm/benchmark/llvm-project/clang/lib/Driver/XRayArgs.cpp, 6137, 1832, 4305
1135, /home/yrong/devel/llvm/benchmark/llvm-project/clang/lib/Edit/Commit.cpp, 5621, 1613, 4008
1136, /home/yrong/devel/llvm/benchmark/llvm-project/clang/lib/Edit/EditedSource.cpp, 5551, 1553, 3998
1137, /home/yrong/devel/llvm/benchmark/llvm-project/clang/lib/Edit/RewriteObjCFoundationAPI.cpp, 7300, 2242, 5058
1138, /home/yrong/devel/llvm/benchmark/llvm-project/clang/lib/ExtractAPI/API.cpp, 8915, 3525, 5390
1139, /home/yrong/devel/llvm/benchmark/llvm-project/clang/lib/ExtractAPI/APIIgnoresList.cpp, 4422, 872, 3550
1140, /home/yrong/devel/llvm/benchmark/llvm-project/clang/lib/ExtractAPI/AvailabilityInfo.cpp, 5331, 1237, 4094
1141, /home/yrong/devel/llvm/benchmark/llvm-project/clang/lib/ExtractAPI/DeclarationFragments.cpp, 7191, 2424, 4767
1142, /home/yrong/devel/llvm/benchmark/llvm-project/clang/lib/ExtractAPI/ExtractAPIConsumer.cpp, 15884, 7711, 8173
1143, /home/yrong/devel/llvm/benchmark/llvm-project/clang/lib/ExtractAPI/Serialization/SymbolGraphSerializer.cpp, 9004, 3461, 5543
1144, /home/yrong/devel/llvm/benchmark/llvm-project/clang/lib/ExtractAPI/TypedefUnderlyingTypeResolver.cpp, 7082, 2342, 4740
1145, /home/yrong/devel/llvm/benchmark/llvm-project/clang/lib/Format/AffectedRangeManager.cpp, 6060, 1829, 4231
1146, /home/yrong/devel/llvm/benchmark/llvm-project/clang/lib/Format/BreakableToken.cpp, 6205, 1935, 4270
1147, /home/yrong/devel/llvm/benchmark/llvm-project/clang/lib/Format/ContinuationIndenter.cpp, 6356, 2074, 4282
1148, /home/yrong/devel/llvm/benchmark/llvm-project/clang/lib/Format/DefinitionBlockSeparator.cpp, 6202, 1907, 4295
1149, /home/yrong/devel/llvm/benchmark/llvm-project/clang/lib/Format/Format.cpp, 7226, 2665, 4561
1150, /home/yrong/devel/llvm/benchmark/llvm-project/clang/lib/Format/FormatToken.cpp, 4543, 1115, 3428
1151, /home/yrong/devel/llvm/benchmark/llvm-project/clang/lib/Format/FormatTokenLexer.cpp, 6328, 1982, 4346
1152, /home/yrong/devel/llvm/benchmark/llvm-project/clang/lib/Format/IntegerLiteralSeparatorFixer.cpp, 6200, 1913, 4287
1153, /home/yrong/devel/llvm/benchmark/llvm-project/clang/lib/Format/MacroCallReconstructor.cpp, 5427, 1259, 4168
1154, /home/yrong/devel/llvm/benchmark/llvm-project/clang/lib/Format/MacroExpander.cpp, 7426, 2675, 4751
1155, /home/yrong/devel/llvm/benchmark/llvm-project/clang/lib/Format/NamespaceEndCommentsFixer.cpp, 6205, 1914, 4291
1156, /home/yrong/devel/llvm/benchmark/llvm-project/clang/lib/Format/QualifierAlignmentFixer.cpp, 6285, 1980, 4305
1157, /home/yrong/devel/llvm/benchmark/llvm-project/clang/lib/Format/SortJavaScriptImports.cpp, 6333, 1999, 4334
1158, /home/yrong/devel/llvm/benchmark/llvm-project/clang/lib/Format/TokenAnalyzer.cpp, 6258, 1953, 4305
1159, /home/yrong/devel/llvm/benchmark/llvm-project/clang/lib/Format/TokenAnnotator.cpp, 6147, 1860, 4287
1160, /home/yrong/devel/llvm/benchmark/llvm-project/clang/lib/Format/UnwrappedLineFormatter.cpp, 6382, 2014, 4368
1161, /home/yrong/devel/llvm/benchmark/llvm-project/clang/lib/Format/UnwrappedLineParser.cpp, 6570, 1992, 4578
1162, /home/yrong/devel/llvm/benchmark/llvm-project/clang/lib/Format/UsingDeclarationsSorter.cpp, 6232, 1929, 4303
1163, /home/yrong/devel/llvm/benchmark/llvm-project/clang/lib/Format/WhitespaceManager.cpp, 6276, 1979, 4297
1164, /home/yrong/devel/llvm/benchmark/llvm-project/clang/lib/Frontend/ASTConsumers.cpp, 11352, 4850, 6502
1165, /home/yrong/devel/llvm/benchmark/llvm-project/clang/lib/Frontend/ASTMerge.cpp, 11401, 4687, 6714
1166, /home/yrong/devel/llvm/benchmark/llvm-project/clang/lib/Frontend/ASTUnit.cpp, 15143, 7453, 7690
1167, /home/yrong/devel/llvm/benchmark/llvm-project/clang/lib/Frontend/ChainedDiagnosticConsumer.cpp, 3343, 287, 3056
1168, /home/yrong/devel/llvm/benchmark/llvm-project/clang/lib/Frontend/ChainedIncludesSource.cpp, 14286, 6810, 7476
1169, /home/yrong/devel/llvm/benchmark/llvm-project/clang/lib/Frontend/CompilerInstance.cpp, 15452, 7578, 7874
1170, /home/yrong/devel/llvm/benchmark/llvm-project/clang/lib/Frontend/CompilerInvocation.cpp, 20632, 11016, 9616
1171, /home/yrong/devel/llvm/benchmark/llvm-project/clang/lib/Frontend/CreateInvocationFromCommandLine.cpp, 10298, 4118, 6180
1172, /home/yrong/devel/llvm/benchmark/llvm-project/clang/lib/Frontend/DependencyFile.cpp, 12630, 5814, 6816
1173, /home/yrong/devel/llvm/benchmark/llvm-project/clang/lib/Frontend/DependencyGraph.cpp, 6755, 2243, 4512
1174, /home/yrong/devel/llvm/benchmark/llvm-project/clang/lib/Frontend/DiagnosticRenderer.cpp, 5494, 1503, 3991
1175, /home/yrong/devel/llvm/benchmark/llvm-project/clang/lib/Frontend/FrontendAction.cpp, 14946, 7196, 7750
1176, /home/yrong/devel/llvm/benchmark/llvm-project/clang/lib/Frontend/FrontendActions.cpp, 15704, 8124, 7580
1177, /home/yrong/devel/llvm/benchmark/llvm-project/clang/lib/Frontend/FrontendOptions.cpp, 3623, 418, 3205
1178, /home/yrong/devel/llvm/benchmark/llvm-project/clang/lib/Frontend/HeaderIncludeGen.cpp, 7205, 2433, 4772
1179, /home/yrong/devel/llvm/benchmark/llvm-project/clang/lib/Frontend/InitPreprocessor.cpp, 13734, 6732, 7002
1180, /home/yrong/devel/llvm/benchmark/llvm-project/clang/lib/Frontend/InterfaceStubFunctionsConsumer.cpp, 15241, 7207, 8034
1181, /home/yrong/devel/llvm/benchmark/llvm-project/clang/lib/Frontend/LayoutOverrideSource.cpp, 6522, 1492, 5030
1182, /home/yrong/devel/llvm/benchmark/llvm-project/clang/lib/Frontend/LogDiagnosticPrinter.cpp, 5077, 1205, 3872
1183, /home/yrong/devel/llvm/benchmark/llvm-project/clang/lib/Frontend/ModuleDependencyCollector.cpp, 12623, 5811, 6812
1184, /home/yrong/devel/llvm/benchmark/llvm-project/clang/lib/Frontend/MultiplexConsumer.cpp, 4369, 794, 3575
1185, /home/yrong/devel/llvm/benchmark/llvm-project/clang/lib/Frontend/PrecompiledPreamble.cpp, 13948, 6550, 7398
1186, /home/yrong/devel/llvm/benchmark/llvm-project/clang/lib/Frontend/PrintPreprocessedOutput.cpp, 6671, 2196, 4475
1187, /home/yrong/devel/llvm/benchmark/llvm-project/clang/lib/Frontend/Rewrite/FixItRewriter.cpp, 5197, 1318, 3879
1188, /home/yrong/devel/llvm/benchmark/llvm-project/clang/lib/Frontend/Rewrite/FrontendActions.cpp, 14168, 6811, 7357
1189, /home/yrong/devel/llvm/benchmark/llvm-project/clang/lib/Frontend/Rewrite/HTMLPrint.cpp, 8021, 2941, 5080
1190, /home/yrong/devel/llvm/benchmark/llvm-project/clang/lib/Frontend/Rewrite/InclusionRewriter.cpp, 6670, 2249, 4421
1191, /home/yrong/devel/llvm/benchmark/llvm-project/clang/lib/Frontend/Rewrite/RewriteMacros.cpp, 6533, 2130, 4403
1192, /home/yrong/devel/llvm/benchmark/llvm-project/clang/lib/Frontend/Rewrite/RewriteModernObjC.cpp, 11122, 4620, 6502
1193, /home/yrong/devel/llvm/benchmark/llvm-project/clang/lib/Frontend/Rewrite/RewriteObjC.cpp, 10491, 4280, 6211
1194, /home/yrong/devel/llvm/benchmark/llvm-project/clang/lib/Frontend/Rewrite/RewriteTest.cpp, 6497, 2101, 4396
1195, /home/yrong/devel/llvm/benchmark/llvm-project/clang/lib/Frontend/SARIFDiagnostic.cpp, 6055, 1700, 4355
1196, /home/yrong/devel/llvm/benchmark/llvm-project/clang/lib/Frontend/SARIFDiagnosticPrinter.cpp, 5951, 1681, 4270
1197, /home/yrong/devel/llvm/benchmark/llvm-project/clang/lib/Frontend/SerializedDiagnosticPrinter.cpp, 5979, 1749, 4230
1198, /home/yrong/devel/llvm/benchmark/llvm-project/clang/lib/Frontend/SerializedDiagnosticReader.cpp, 4684, 1000, 3684
1199, /home/yrong/devel/llvm/benchmark/llvm-project/clang/lib/Frontend/TestModuleFileExtension.cpp, 12126, 5464, 6662
1200, /home/yrong/devel/llvm/benchmark/llvm-project/clang/lib/Frontend/TextDiagnostic.cpp, 5596, 1525, 4071
1201, /home/yrong/devel/llvm/benchmark/llvm-project/clang/lib/Frontend/TextDiagnosticBuffer.cpp, 3415, 341, 3074
1202, /home/yrong/devel/llvm/benchmark/llvm-project/clang/lib/Frontend/TextDiagnosticPrinter.cpp, 5335, 1403, 3932
1203, /home/yrong/devel/llvm/benchmark/llvm-project/clang/lib/Frontend/VerifyDiagnosticConsumer.cpp, 6823, 2375, 4448
1204, /home/yrong/devel/llvm/benchmark/llvm-project/clang/lib/FrontendTool/ExecuteCompilerInvocation.cpp, 12657, 5983, 6674
1205, /home/yrong/devel/llvm/benchmark/llvm-project/clang/lib/Index/CommentToXML.cpp, 7529, 2499, 5030
1206, /home/yrong/devel/llvm/benchmark/llvm-project/clang/lib/Index/FileIndexRecord.cpp, 8098, 2717, 5381
1207, /home/yrong/devel/llvm/benchmark/llvm-project/clang/lib/Index/IndexBody.cpp, 12047, 5111, 6936
1208, /home/yrong/devel/llvm/benchmark/llvm-project/clang/lib/Index/IndexDecl.cpp, 10200, 4079, 6121
1209, /home/yrong/devel/llvm/benchmark/llvm-project/clang/lib/Index/IndexSymbol.cpp, 6901, 1994, 4907
1210, /home/yrong/devel/llvm/benchmark/llvm-project/clang/lib/Index/IndexTypeSourceInfo.cpp, 11795, 4832, 6963
1211, /home/yrong/devel/llvm/benchmark/llvm-project/clang/lib/Index/IndexingAction.cpp, 14096, 6763, 7333
1212, /home/yrong/devel/llvm/benchmark/llvm-project/clang/lib/Index/IndexingContext.cpp, 9500, 3530, 5970
1213, /home/yrong/devel/llvm/benchmark/llvm-project/clang/lib/Index/USRGeneration.cpp, 9115, 3443, 5672
1214, /home/yrong/devel/llvm/benchmark/llvm-project/clang/lib/IndexSerialization/SerializablePathCollection.cpp, 4513, 910, 3603
1215, /home/yrong/devel/llvm/benchmark/llvm-project/clang/lib/Interpreter/DeviceOffload.cpp, 11770, 4977, 6793
1216, /home/yrong/devel/llvm/benchmark/llvm-project/clang/lib/Interpreter/IncrementalExecutor.cpp, 9773, 4141, 5632
1217, /home/yrong/devel/llvm/benchmark/llvm-project/clang/lib/Interpreter/IncrementalParser.cpp, 15998, 7657, 8341
1218, /home/yrong/devel/llvm/benchmark/llvm-project/clang/lib/Interpreter/Interpreter.cpp, 18990, 9974, 9016
1219, /home/yrong/devel/llvm/benchmark/llvm-project/clang/lib/Interpreter/InterpreterUtils.cpp, 13510, 6169, 7341
1220, /home/yrong/devel/llvm/benchmark/llvm-project/clang/lib/Interpreter/Value.cpp, 8069, 2840, 5229
1221, /home/yrong/devel/llvm/benchmark/llvm-project/clang/lib/Lex/DependencyDirectivesScanner.cpp, 4095, 715, 3380
1222, /home/yrong/devel/llvm/benchmark/llvm-project/clang/lib/Lex/HeaderMap.cpp, 4433, 888, 3545
1223, /home/yrong/devel/llvm/benchmark/llvm-project/clang/lib/Lex/HeaderSearch.cpp, 7127, 2523, 4604
1224, /home/yrong/devel/llvm/benchmark/llvm-project/clang/lib/Lex/InitHeaderSearch.cpp, 6309, 1987, 4322
1225, /home/yrong/devel/llvm/benchmark/llvm-project/clang/lib/Lex/Lexer.cpp, 7138, 2449, 4689
1226, /home/yrong/devel/llvm/benchmark/llvm-project/clang/lib/Lex/LiteralSupport.cpp, 7246, 2503, 4743
1227, /home/yrong/devel/llvm/benchmark/llvm-project/clang/lib/Lex/MacroArgs.cpp, 6552, 2132, 4420
1228, /home/yrong/devel/llvm/benchmark/llvm-project/clang/lib/Lex/MacroInfo.cpp, 6519, 2112, 4407
1229, /home/yrong/devel/llvm/benchmark/llvm-project/clang/lib/Lex/ModuleMap.cpp, 7177, 2453, 4724
1230, /home/yrong/devel/llvm/benchmark/llvm-project/clang/lib/Lex/PPCaching.cpp, 6535, 2113, 4422
1231, /home/yrong/devel/llvm/benchmark/llvm-project/clang/lib/Lex/PPCallbacks.cpp, 5211, 1315, 3896
1232, /home/yrong/devel/llvm/benchmark/llvm-project/clang/lib/Lex/PPConditionalDirectiveRecord.cpp, 5246, 1342, 3904
1233, /home/yrong/devel/llvm/benchmark/llvm-project/clang/lib/Lex/PPDirectives.cpp, 7306, 2546, 4760
1234, /home/yrong/devel/llvm/benchmark/llvm-project/clang/lib/Lex/PPExpressions.cpp, 7085, 2433, 4652
1235, /home/yrong/devel/llvm/benchmark/llvm-project/clang/lib/Lex/PPLexerChange.cpp, 6847, 2345, 4502
1236, /home/yrong/devel/llvm/benchmark/llvm-project/clang/lib/Lex/PPMacroExpansion.cpp, 7331, 2620, 4711
1237, /home/yrong/devel/llvm/benchmark/llvm-project/clang/lib/Lex/Pragma.cpp, 7110, 2452, 4658
1238, /home/yrong/devel/llvm/benchmark/llvm-project/clang/lib/Lex/PreprocessingRecord.cpp, 5495, 1454, 4041
1239, /home/yrong/devel/llvm/benchmark/llvm-project/clang/lib/Lex/Preprocessor.cpp, 7317, 2601, 4716
1240, /home/yrong/devel/llvm/benchmark/llvm-project/clang/lib/Lex/PreprocessorLexer.cpp, 6492, 2100, 4392
1241, /home/yrong/devel/llvm/benchmark/llvm-project/clang/lib/Lex/ScratchBuffer.cpp, 5043, 1201, 3842
1242, /home/yrong/devel/llvm/benchmark/llvm-project/clang/lib/Lex/TokenConcatenation.cpp, 6500, 2103, 4397
1243, /home/yrong/devel/llvm/benchmark/llvm-project/clang/lib/Lex/TokenLexer.cpp, 6607, 2144, 4463
1244, /home/yrong/devel/llvm/benchmark/llvm-project/clang/lib/Parse/ParseAST.cpp, 11973, 5308, 6665
1245, /home/yrong/devel/llvm/benchmark/llvm-project/clang/lib/Parse/ParseCXXInlineMethods.cpp, 12124, 5309, 6815
1246, /home/yrong/devel/llvm/benchmark/llvm-project/clang/lib/Parse/ParseDecl.cpp, 13173, 5959, 7214
1247, /home/yrong/devel/llvm/benchmark/llvm-project/clang/lib/Parse/ParseDeclCXX.cpp, 12840, 5764, 7076
1248, /home/yrong/devel/llvm/benchmark/llvm-project/clang/lib/Parse/ParseExpr.cpp, 12661, 5764, 6897
1249, /home/yrong/devel/llvm/benchmark/llvm-project/clang/lib/Parse/ParseExprCXX.cpp, 12557, 5546, 7011
1250, /home/yrong/devel/llvm/benchmark/llvm-project/clang/lib/Parse/ParseHLSL.cpp, 11994, 5284, 6710
1251, /home/yrong/devel/llvm/benchmark/llvm-project/clang/lib/Parse/ParseInit.cpp, 11989, 5264, 6725
1252, /home/yrong/devel/llvm/benchmark/llvm-project/clang/lib/Parse/ParseObjc.cpp, 12636, 5616, 7020
1253, /home/yrong/devel/llvm/benchmark/llvm-project/clang/lib/Parse/ParseOpenMP.cpp, 13283, 6113, 7170
1254, /home/yrong/devel/llvm/benchmark/llvm-project/clang/lib/Parse/ParsePragma.cpp, 13803, 6870, 6933
1255, /home/yrong/devel/llvm/benchmark/llvm-project/clang/lib/Parse/ParseStmt.cpp, 12460, 5605, 6855
1256, /home/yrong/devel/llvm/benchmark/llvm-project/clang/lib/Parse/ParseStmtAsm.cpp, 13431, 6247, 7184
1257, /home/yrong/devel/llvm/benchmark/llvm-project/clang/lib/Parse/ParseTemplate.cpp, 12128, 5345, 6783
1258, /home/yrong/devel/llvm/benchmark/llvm-project/clang/lib/Parse/ParseTentative.cpp, 11982, 5233, 6749
1259, /home/yrong/devel/llvm/benchmark/llvm-project/clang/lib/Parse/Parser.cpp, 12288, 5453, 6835
1260, /home/yrong/devel/llvm/benchmark/llvm-project/clang/lib/Rewrite/DeltaTree.cpp, 2413, 116, 2297
1261, /home/yrong/devel/llvm/benchmark/llvm-project/clang/lib/Rewrite/HTMLRewrite.cpp, 6555, 2139, 4416
1262, /home/yrong/devel/llvm/benchmark/llvm-project/clang/lib/Rewrite/RewriteRope.cpp, 2508, 151, 2357
1263, /home/yrong/devel/llvm/benchmark/llvm-project/clang/lib/Rewrite/Rewriter.cpp, 5402, 1460, 3942
1264, /home/yrong/devel/llvm/benchmark/llvm-project/clang/lib/Rewrite/TokenRewriter.cpp, 5393, 1459, 3934
1265, /home/yrong/devel/llvm/benchmark/llvm-project/clang/lib/Sema/AnalysisBasedWarnings.cpp, 15312, 7399, 7913
1266, /home/yrong/devel/llvm/benchmark/llvm-project/clang/lib/Sema/CodeCompleteConsumer.cpp, 11982, 5276, 6706
1267, /home/yrong/devel/llvm/benchmark/llvm-project/clang/lib/Sema/DeclSpec.cpp, 11237, 4801, 6436
1268, /home/yrong/devel/llvm/benchmark/llvm-project/clang/lib/Sema/DelayedDiagnostic.cpp, 10636, 4338, 6298
1269, /home/yrong/devel/llvm/benchmark/llvm-project/clang/lib/Sema/HLSLExternalSemaSource.cpp, 11077, 4631, 6446
1270, /home/yrong/devel/llvm/benchmark/llvm-project/clang/lib/Sema/IdentifierResolver.cpp, 7579, 2579, 5000
1271, /home/yrong/devel/llvm/benchmark/llvm-project/clang/lib/Sema/JumpDiagnostics.cpp, 11080, 4601, 6479
1272, /home/yrong/devel/llvm/benchmark/llvm-project/clang/lib/Sema/MultiplexExternalSemaSource.cpp, 10695, 4383, 6312
1273, /home/yrong/devel/llvm/benchmark/llvm-project/clang/lib/Sema/ParsedAttr.cpp, 13935, 7263, 6672
1274, /home/yrong/devel/llvm/benchmark/llvm-project/clang/lib/Sema/Scope.cpp, 4934, 1004, 3930
1275, /home/yrong/devel/llvm/benchmark/llvm-project/clang/lib/Sema/ScopeInfo.cpp, 7535, 2294, 5241
1276, /home/yrong/devel/llvm/benchmark/llvm-project/clang/lib/Sema/Sema.cpp, 13694, 6323, 7371
1277, /home/yrong/devel/llvm/benchmark/llvm-project/clang/lib/Sema/SemaAccess.cpp, 11346, 4782, 6564
1278, /home/yrong/devel/llvm/benchmark/llvm-project/clang/lib/Sema/SemaAttr.cpp, 12798, 5845, 6953
1279, /home/yrong/devel/llvm/benchmark/llvm-project/clang/lib/Sema/SemaAvailability.cpp, 14794, 7242, 7552
1280, /home/yrong/devel/llvm/benchmark/llvm-project/clang/lib/Sema/SemaCUDA.cpp, 12725, 5747, 6978
1281, /home/yrong/devel/llvm/benchmark/llvm-project/clang/lib/Sema/SemaCXXScopeSpec.cpp, 11288, 4783, 6505
1282, /home/yrong/devel/llvm/benchmark/llvm-project/clang/lib/Sema/SemaCast.cpp, 12979, 5988, 6991
1283, /home/yrong/devel/llvm/benchmark/llvm-project/clang/lib/Sema/SemaChecking.cpp, 18553, 11169, 7384
1284, /home/yrong/devel/llvm/benchmark/llvm-project/clang/lib/Sema/SemaCodeComplete.cpp, 15467, 7490, 7977
1285, /home/yrong/devel/llvm/benchmark/llvm-project/clang/lib/Sema/SemaConcept.cpp, 16713, 7511, 9202
1286, /home/yrong/devel/llvm/benchmark/llvm-project/clang/lib/Sema/SemaConsumer.cpp, 0, 0, 0
1287, /home/yrong/devel/llvm/benchmark/llvm-project/clang/lib/Sema/SemaCoroutine.cpp, 12687, 5704, 6983
1288, /home/yrong/devel/llvm/benchmark/llvm-project/clang/lib/Sema/SemaDecl.cpp, 17669, 9017, 8652
1289, /home/yrong/devel/llvm/benchmark/llvm-project/clang/lib/Sema/SemaDeclAttr.cpp, 16916, 8508, 8408
1290, /home/yrong/devel/llvm/benchmark/llvm-project/clang/lib/Sema/SemaDeclCXX.cpp, 18611, 9747, 8864
1291, /home/yrong/devel/llvm/benchmark/llvm-project/clang/lib/Sema/SemaDeclObjC.cpp, 14253, 6635, 7618
1292, /home/yrong/devel/llvm/benchmark/llvm-project/clang/lib/Sema/SemaExceptionSpec.cpp, 11406, 4931, 6475
1293, /home/yrong/devel/llvm/benchmark/llvm-project/clang/lib/Sema/SemaExpr.cpp, 23132, 12927, 10205
1294, /home/yrong/devel/llvm/benchmark/llvm-project/clang/lib/Sema/SemaExprCXX.cpp, 19094, 9442, 9652
1295, /home/yrong/devel/llvm/benchmark/llvm-project/clang/lib/Sema/SemaExprMember.cpp, 12702, 5771, 6931
1296, /home/yrong/devel/llvm/benchmark/llvm-project/clang/lib/Sema/SemaExprObjC.cpp, 13431, 6286, 7145
1297, /home/yrong/devel/llvm/benchmark/llvm-project/clang/lib/Sema/SemaFixItUtils.cpp, 11855, 5208, 6647
1298, /home/yrong/devel/llvm/benchmark/llvm-project/clang/lib/Sema/SemaHLSL.cpp, 10603, 4333, 6270
1299, /home/yrong/devel/llvm/benchmark/llvm-project/clang/lib/Sema/SemaInit.cpp, 12904, 6020, 6884
1300, /home/yrong/devel/llvm/benchmark/llvm-project/clang/lib/Sema/SemaLambda.cpp, 11805, 5059, 6746
1301, /home/yrong/devel/llvm/benchmark/llvm-project/clang/lib/Sema/SemaLookup.cpp, 16735, 9275, 7460
1302, /home/yrong/devel/llvm/benchmark/llvm-project/clang/lib/Sema/SemaModule.cpp, 12221, 5430, 6791
1303, /home/yrong/devel/llvm/benchmark/llvm-project/clang/lib/Sema/SemaObjCProperty.cpp, 12893, 5930, 6963
1304, /home/yrong/devel/llvm/benchmark/llvm-project/clang/lib/Sema/SemaOpenMP.cpp, 20851, 10984, 9867
1305, /home/yrong/devel/llvm/benchmark/llvm-project/clang/lib/Sema/SemaOverload.cpp, 13750, 6657, 7093
1306, /home/yrong/devel/llvm/benchmark/llvm-project/clang/lib/Sema/SemaPseudoObject.cpp, 12585, 5639, 6946
1307, /home/yrong/devel/llvm/benchmark/llvm-project/clang/lib/Sema/SemaRISCVVectorLookup.cpp, 12136, 5425, 6711
1308, /home/yrong/devel/llvm/benchmark/llvm-project/clang/lib/Sema/SemaSYCL.cpp, 10846, 4481, 6365
1309, /home/yrong/devel/llvm/benchmark/llvm-project/clang/lib/Sema/SemaStmt.cpp, 15319, 7348, 7971
1310, /home/yrong/devel/llvm/benchmark/llvm-project/clang/lib/Sema/SemaStmtAsm.cpp, 12885, 5835, 7050
1311, /home/yrong/devel/llvm/benchmark/llvm-project/clang/lib/Sema/SemaStmtAttr.cpp, 11819, 5194, 6625
1312, /home/yrong/devel/llvm/benchmark/llvm-project/clang/lib/Sema/SemaTemplate.cpp, 19850, 10120, 9730
1313, /home/yrong/devel/llvm/benchmark/llvm-project/clang/lib/Sema/SemaTemplateDeduction.cpp, 17313, 8088, 9225
1314, /home/yrong/devel/llvm/benchmark/llvm-project/clang/lib/Sema/SemaTemplateInstantiate.cpp, 16208, 7484, 8724
1315, /home/yrong/devel/llvm/benchmark/llvm-project/clang/lib/Sema/SemaTemplateInstantiateDecl.cpp, 16364, 7497, 8867
1316, /home/yrong/devel/llvm/benchmark/llvm-project/clang/lib/Sema/SemaTemplateVariadic.cpp, 12889, 5645, 7244
1317, /home/yrong/devel/llvm/benchmark/llvm-project/clang/lib/Sema/SemaType.cpp, 14444, 6933, 7511
1318, /home/yrong/devel/llvm/benchmark/llvm-project/clang/lib/Sema/TypeLocBuilder.cpp, 5998, 1655, 4343
1319, /home/yrong/devel/llvm/benchmark/llvm-project/clang/lib/Serialization/ASTCommon.cpp, 6799, 1969, 4830
1320, /home/yrong/devel/llvm/benchmark/llvm-project/clang/lib/Serialization/ASTReader.cpp, 18343, 9730, 8613
1321, /home/yrong/devel/llvm/benchmark/llvm-project/clang/lib/Serialization/ASTReaderDecl.cpp, 14377, 6601, 7776
1322, /home/yrong/devel/llvm/benchmark/llvm-project/clang/lib/Serialization/ASTReaderStmt.cpp, 12656, 5857, 6799
1323, /home/yrong/devel/llvm/benchmark/llvm-project/clang/lib/Serialization/ASTWriter.cpp, 16188, 7670, 8518
1324, /home/yrong/devel/llvm/benchmark/llvm-project/clang/lib/Serialization/ASTWriterDecl.cpp, 13531, 6432, 7099
1325, /home/yrong/devel/llvm/benchmark/llvm-project/clang/lib/Serialization/ASTWriterStmt.cpp, 11664, 4953, 6711
1326, /home/yrong/devel/llvm/benchmark/llvm-project/clang/lib/Serialization/GeneratePCH.cpp, 12114, 5318, 6796
1327, /home/yrong/devel/llvm/benchmark/llvm-project/clang/lib/Serialization/GlobalModuleIndex.cpp, 7377, 2502, 4875
1328, /home/yrong/devel/llvm/benchmark/llvm-project/clang/lib/Serialization/InMemoryModuleCache.cpp, 2800, 237, 2563
1329, /home/yrong/devel/llvm/benchmark/llvm-project/clang/lib/Serialization/ModuleFile.cpp, 6004, 1558, 4446
1330, /home/yrong/devel/llvm/benchmark/llvm-project/clang/lib/Serialization/ModuleFileExtension.cpp, 2645, 170, 2475
1331, /home/yrong/devel/llvm/benchmark/llvm-project/clang/lib/Serialization/ModuleManager.cpp, 6934, 2313, 4621
1332, /home/yrong/devel/llvm/benchmark/llvm-project/clang/lib/Serialization/PCHContainerOperations.cpp, 3916, 841, 3075
1333, /home/yrong/devel/llvm/benchmark/llvm-project/clang/lib/StaticAnalyzer/Checkers/AnalysisOrderChecker.cpp, 11681, 4792, 6889
1334, /home/yrong/devel/llvm/benchmark/llvm-project/clang/lib/StaticAnalyzer/Checkers/AnalyzerStatsChecker.cpp, 11489, 4681, 6808
1335, /home/yrong/devel/llvm/benchmark/llvm-project/clang/lib/StaticAnalyzer/Checkers/ArrayBoundChecker.cpp, 11574, 4760, 6814
1336, /home/yrong/devel/llvm/benchmark/llvm-project/clang/lib/StaticAnalyzer/Checkers/ArrayBoundCheckerV2.cpp, 11666, 4844, 6822
1337, /home/yrong/devel/llvm/benchmark/llvm-project/clang/lib/StaticAnalyzer/Checkers/BasicObjCFoundationChecks.cpp, 12180, 5128, 7052
1338, /home/yrong/devel/llvm/benchmark/llvm-project/clang/lib/StaticAnalyzer/Checkers/BlockInCriticalSectionChecker.cpp, 11681, 4820, 6861
1339, /home/yrong/devel/llvm/benchmark/llvm-project/clang/lib/StaticAnalyzer/Checkers/BoolAssignmentChecker.cpp, 11572, 4760, 6812
1340, /home/yrong/devel/llvm/benchmark/llvm-project/clang/lib/StaticAnalyzer/Checkers/BuiltinFunctionChecker.cpp, 11610, 4749, 6861
1341, /home/yrong/devel/llvm/benchmark/llvm-project/clang/lib/StaticAnalyzer/Checkers/CStringChecker.cpp, 12471, 5481, 6990
1342, /home/yrong/devel/llvm/benchmark/llvm-project/clang/lib/StaticAnalyzer/Checkers/CStringSyntaxChecker.cpp, 12625, 5523, 7102
1343, /home/yrong/devel/llvm/benchmark/llvm-project/clang/lib/StaticAnalyzer/Checkers/CXXSelfAssignmentChecker.cpp, 11560, 4740, 6820
1344, /home/yrong/devel/llvm/benchmark/llvm-project/clang/lib/StaticAnalyzer/Checkers/CallAndMessageChecker.cpp, 11926, 4976, 6950
1345, /home/yrong/devel/llvm/benchmark/llvm-project/clang/lib/StaticAnalyzer/Checkers/CastSizeChecker.cpp, 11572, 4756, 6816
1346, /home/yrong/devel/llvm/benchmark/llvm-project/clang/lib/StaticAnalyzer/Checkers/CastToStructChecker.cpp, 14004, 6212, 7792
1347, /home/yrong/devel/llvm/benchmark/llvm-project/clang/lib/StaticAnalyzer/Checkers/CastValueChecker.cpp, 11820, 4934, 6886
1348, /home/yrong/devel/llvm/benchmark/llvm-project/clang/lib/StaticAnalyzer/Checkers/CheckObjCDealloc.cpp, 12144, 5049, 7095
1349, /home/yrong/devel/llvm/benchmark/llvm-project/clang/lib/StaticAnalyzer/Checkers/CheckObjCInstMethSignature.cpp, 11243, 4490, 6753
1350, /home/yrong/devel/llvm/benchmark/llvm-project/clang/lib/StaticAnalyzer/Checkers/CheckPlacementNew.cpp, 11655, 4823, 6832
1351, /home/yrong/devel/llvm/benchmark/llvm-project/clang/lib/StaticAnalyzer/Checkers/CheckSecuritySyntaxOnly.cpp, 12501, 5462, 7039
1352, /home/yrong/devel/llvm/benchmark/llvm-project/clang/lib/StaticAnalyzer/Checkers/CheckSizeofPointer.cpp, 12159, 5187, 6972
1353, /home/yrong/devel/llvm/benchmark/llvm-project/clang/lib/StaticAnalyzer/Checkers/CheckerDocumentation.cpp, 11484, 4688, 6796
1354, /home/yrong/devel/llvm/benchmark/llvm-project/clang/lib/StaticAnalyzer/Checkers/ChrootChecker.cpp, 11657, 4798, 6859
1355, /home/yrong/devel/llvm/benchmark/llvm-project/clang/lib/StaticAnalyzer/Checkers/CloneChecker.cpp, 12558, 5498, 7060
1356, /home/yrong/devel/llvm/benchmark/llvm-project/clang/lib/StaticAnalyzer/Checkers/ContainerModeling.cpp, 12079, 5094, 6985
1357, /home/yrong/devel/llvm/benchmark/llvm-project/clang/lib/StaticAnalyzer/Checkers/ConversionChecker.cpp, 11578, 4758, 6820
1358, /home/yrong/devel/llvm/benchmark/llvm-project/clang/lib/StaticAnalyzer/Checkers/DeadStoresChecker.cpp, 14018, 6199, 7819
1359, /home/yrong/devel/llvm/benchmark/llvm-project/clang/lib/StaticAnalyzer/Checkers/DebugCheckers.cpp, 14942, 6424, 8518
1360, /home/yrong/devel/llvm/benchmark/llvm-project/clang/lib/StaticAnalyzer/Checkers/DebugContainerModeling.cpp, 11726, 4857, 6869
1361, /home/yrong/devel/llvm/benchmark/llvm-project/clang/lib/StaticAnalyzer/Checkers/DebugIteratorModeling.cpp, 11700, 4834, 6866
1362, /home/yrong/devel/llvm/benchmark/llvm-project/clang/lib/StaticAnalyzer/Checkers/DeleteWithNonVirtualDtorChecker.cpp, 11686, 4819, 6867
1363, /home/yrong/devel/llvm/benchmark/llvm-project/clang/lib/StaticAnalyzer/Checkers/DereferenceChecker.cpp, 11817, 4925, 6892
1364, /home/yrong/devel/llvm/benchmark/llvm-project/clang/lib/StaticAnalyzer/Checkers/DirectIvarAssignment.cpp, 12288, 5225, 7063
1365, /home/yrong/devel/llvm/benchmark/llvm-project/clang/lib/StaticAnalyzer/Checkers/DivZeroChecker.cpp, 11609, 4790, 6819
1366, /home/yrong/devel/llvm/benchmark/llvm-project/clang/lib/StaticAnalyzer/Checkers/DynamicTypeChecker.cpp, 11696, 4835, 6861
1367, /home/yrong/devel/llvm/benchmark/llvm-project/clang/lib/StaticAnalyzer/Checkers/DynamicTypePropagation.cpp, 14353, 6442, 7911
1368, /home/yrong/devel/llvm/benchmark/llvm-project/clang/lib/StaticAnalyzer/Checkers/EnumCastOutOfRangeChecker.cpp, 11596, 4776, 6820
1369, /home/yrong/devel/llvm/benchmark/llvm-project/clang/lib/StaticAnalyzer/Checkers/ErrnoChecker.cpp, 11739, 4845, 6894
1370, /home/yrong/devel/llvm/benchmark/llvm-project/clang/lib/StaticAnalyzer/Checkers/ErrnoModeling.cpp, 11812, 4906, 6906
1371, /home/yrong/devel/llvm/benchmark/llvm-project/clang/lib/StaticAnalyzer/Checkers/ErrnoTesterChecker.cpp, 11694, 4823, 6871
1372, /home/yrong/devel/llvm/benchmark/llvm-project/clang/lib/StaticAnalyzer/Checkers/ExprInspectionChecker.cpp, 12962, 5419, 7543
1373, /home/yrong/devel/llvm/benchmark/llvm-project/clang/lib/StaticAnalyzer/Checkers/FixedAddressChecker.cpp, 11562, 4750, 6812
1374, /home/yrong/devel/llvm/benchmark/llvm-project/clang/lib/StaticAnalyzer/Checkers/FuchsiaHandleChecker.cpp, 12015, 4973, 7042
1375, /home/yrong/devel/llvm/benchmark/llvm-project/clang/lib/StaticAnalyzer/Checkers/GCDAntipatternChecker.cpp, 13824, 6446, 7378
1376, /home/yrong/devel/llvm/benchmark/llvm-project/clang/lib/StaticAnalyzer/Checkers/GTestChecker.cpp, 11647, 4782, 6865
1377, /home/yrong/devel/llvm/benchmark/llvm-project/clang/lib/StaticAnalyzer/Checkers/GenericTaintChecker.cpp, 13649, 6466, 7183
1378, /home/yrong/devel/llvm/benchmark/llvm-project/clang/lib/StaticAnalyzer/Checkers/IdenticalExprChecker.cpp, 14048, 6236, 7812
1379, /home/yrong/devel/llvm/benchmark/llvm-project/clang/lib/StaticAnalyzer/Checkers/InnerPointerChecker.cpp, 11831, 4897, 6934
1380, /home/yrong/devel/llvm/benchmark/llvm-project/clang/lib/StaticAnalyzer/Checkers/InvalidatedIteratorChecker.cpp, 11661, 4795, 6866
1381, /home/yrong/devel/llvm/benchmark/llvm-project/clang/lib/StaticAnalyzer/Checkers/Iterator.cpp, 8175, 2694, 5481
1382, /home/yrong/devel/llvm/benchmark/llvm-project/clang/lib/StaticAnalyzer/Checkers/IteratorModeling.cpp, 11949, 4993, 6956
1383, /home/yrong/devel/llvm/benchmark/llvm-project/clang/lib/StaticAnalyzer/Checkers/IteratorRangeChecker.cpp, 11719, 4850, 6869
1384, /home/yrong/devel/llvm/benchmark/llvm-project/clang/lib/StaticAnalyzer/Checkers/IvarInvalidationChecker.cpp, 12515, 5342, 7173
1385, /home/yrong/devel/llvm/benchmark/llvm-project/clang/lib/StaticAnalyzer/Checkers/LLVMConventionsChecker.cpp, 12151, 5170, 6981
1386, /home/yrong/devel/llvm/benchmark/llvm-project/clang/lib/StaticAnalyzer/Checkers/LocalizationChecker.cpp, 15511, 7388, 8123
1387, /home/yrong/devel/llvm/benchmark/llvm-project/clang/lib/StaticAnalyzer/Checkers/MIGChecker.cpp, 12014, 5030, 6984
1388, /home/yrong/devel/llvm/benchmark/llvm-project/clang/lib/StaticAnalyzer/Checkers/MPI-Checker/MPIBugReporter.cpp, 11693, 4835, 6858
1389, /home/yrong/devel/llvm/benchmark/llvm-project/clang/lib/StaticAnalyzer/Checkers/MPI-Checker/MPIChecker.cpp, 11734, 4833, 6901
1390, /home/yrong/devel/llvm/benchmark/llvm-project/clang/lib/StaticAnalyzer/Checkers/MPI-Checker/MPIFunctionClassifier.cpp, 11517, 4691, 6826
1391, /home/yrong/devel/llvm/benchmark/llvm-project/clang/lib/StaticAnalyzer/Checkers/MacOSKeychainAPIChecker.cpp, 11870, 4935, 6935
1392, /home/yrong/devel/llvm/benchmark/llvm-project/clang/lib/StaticAnalyzer/Checkers/MacOSXAPIChecker.cpp, 11843, 4911, 6932
1393, /home/yrong/devel/llvm/benchmark/llvm-project/clang/lib/StaticAnalyzer/Checkers/MallocChecker.cpp, 15399, 7588, 7811
1394, /home/yrong/devel/llvm/benchmark/llvm-project/clang/lib/StaticAnalyzer/Checkers/MallocOverflowSecurityChecker.cpp, 12196, 5203, 6993
1395, /home/yrong/devel/llvm/benchmark/llvm-project/clang/lib/StaticAnalyzer/Checkers/MallocSizeofChecker.cpp, 12222, 5238, 6984
1396, /home/yrong/devel/llvm/benchmark/llvm-project/clang/lib/StaticAnalyzer/Checkers/MismatchedIteratorChecker.cpp, 11690, 4825, 6865
1397, /home/yrong/devel/llvm/benchmark/llvm-project/clang/lib/StaticAnalyzer/Checkers/MmapWriteExecChecker.cpp, 11650, 4795, 6855
1398, /home/yrong/devel/llvm/benchmark/llvm-project/clang/lib/StaticAnalyzer/Checkers/MoveChecker.cpp, 11911, 4922, 6989
1399, /home/yrong/devel/llvm/benchmark/llvm-project/clang/lib/StaticAnalyzer/Checkers/NSAutoreleasePoolChecker.cpp, 11638, 4782, 6856
1400, /home/yrong/devel/llvm/benchmark/llvm-project/clang/lib/StaticAnalyzer/Checkers/NSErrorChecker.cpp, 11708, 4837, 6871
1401, /home/yrong/devel/llvm/benchmark/llvm-project/clang/lib/StaticAnalyzer/Checkers/NoReturnFunctionChecker.cpp, 11701, 4770, 6931
1402, /home/yrong/devel/llvm/benchmark/llvm-project/clang/lib/StaticAnalyzer/Checkers/NonNullParamChecker.cpp, 11919, 4910, 7009
1403, /home/yrong/devel/llvm/benchmark/llvm-project/clang/lib/StaticAnalyzer/Checkers/NonnullGlobalConstantsChecker.cpp, 11563, 4745, 6818
1404, /home/yrong/devel/llvm/benchmark/llvm-project/clang/lib/StaticAnalyzer/Checkers/NullabilityChecker.cpp, 12125, 5099, 7026
1405, /home/yrong/devel/llvm/benchmark/llvm-project/clang/lib/StaticAnalyzer/Checkers/NumberObjectConversionChecker.cpp, 14191, 6786, 7405
1406, /home/yrong/devel/llvm/benchmark/llvm-project/clang/lib/StaticAnalyzer/Checkers/OSObjectCStyleCast.cpp, 13685, 6313, 7372
1407, /home/yrong/devel/llvm/benchmark/llvm-project/clang/lib/StaticAnalyzer/Checkers/ObjCAtSyncChecker.cpp, 11590, 4766, 6824
1408, /home/yrong/devel/llvm/benchmark/llvm-project/clang/lib/StaticAnalyzer/Checkers/ObjCAutoreleaseWriteChecker.cpp, 13929, 6534, 7395
1409, /home/yrong/devel/llvm/benchmark/llvm-project/clang/lib/StaticAnalyzer/Checkers/ObjCContainersASTChecker.cpp, 12319, 5304, 7015
1410, /home/yrong/devel/llvm/benchmark/llvm-project/clang/lib/StaticAnalyzer/Checkers/ObjCContainersChecker.cpp, 11683, 4815, 6868
1411, /home/yrong/devel/llvm/benchmark/llvm-project/clang/lib/StaticAnalyzer/Checkers/ObjCMissingSuperCallChecker.cpp, 13745, 6024, 7721
1412, /home/yrong/devel/llvm/benchmark/llvm-project/clang/lib/StaticAnalyzer/Checkers/ObjCPropertyChecker.cpp, 11215, 4478, 6737
1413, /home/yrong/devel/llvm/benchmark/llvm-project/clang/lib/StaticAnalyzer/Checkers/ObjCSelfInitChecker.cpp, 11729, 4828, 6901
1414, /home/yrong/devel/llvm/benchmark/llvm-project/clang/lib/StaticAnalyzer/Checkers/ObjCSuperDeallocChecker.cpp, 11742, 4848, 6894
1415, /home/yrong/devel/llvm/benchmark/llvm-project/clang/lib/StaticAnalyzer/Checkers/ObjCUnusedIVarsChecker.cpp, 11379, 4538, 6841
1416, /home/yrong/devel/llvm/benchmark/llvm-project/clang/lib/StaticAnalyzer/Checkers/PaddingChecker.cpp, 13971, 6139, 7832
1417, /home/yrong/devel/llvm/benchmark/llvm-project/clang/lib/StaticAnalyzer/Checkers/PointerArithChecker.cpp, 11693, 4822, 6871
1418, /home/yrong/devel/llvm/benchmark/llvm-project/clang/lib/StaticAnalyzer/Checkers/PointerIterationChecker.cpp, 13896, 6464, 7432
1419, /home/yrong/devel/llvm/benchmark/llvm-project/clang/lib/StaticAnalyzer/Checkers/PointerSortingChecker.cpp, 13894, 6468, 7426
1420, /home/yrong/devel/llvm/benchmark/llvm-project/clang/lib/StaticAnalyzer/Checkers/PointerSubChecker.cpp, 11565, 4752, 6813
1421, /home/yrong/devel/llvm/benchmark/llvm-project/clang/lib/StaticAnalyzer/Checkers/PthreadLockChecker.cpp, 12043, 5106, 6937
1422, /home/yrong/devel/llvm/benchmark/llvm-project/clang/lib/StaticAnalyzer/Checkers/RetainCountChecker/RetainCountChecker.cpp, 12362, 5225, 7137
1423, /home/yrong/devel/llvm/benchmark/llvm-project/clang/lib/StaticAnalyzer/Checkers/RetainCountChecker/RetainCountDiagnostics.cpp, 12196, 5115, 7081
1424, /home/yrong/devel/llvm/benchmark/llvm-project/clang/lib/StaticAnalyzer/Checkers/ReturnPointerRangeChecker.cpp, 11600, 4782, 6818
1425, /home/yrong/devel/llvm/benchmark/llvm-project/clang/lib/StaticAnalyzer/Checkers/ReturnUndefChecker.cpp, 11657, 4797, 6860
1426, /home/yrong/devel/llvm/benchmark/llvm-project/clang/lib/StaticAnalyzer/Checkers/ReturnValueChecker.cpp, 11737, 4873, 6864
1427, /home/yrong/devel/llvm/benchmark/llvm-project/clang/lib/StaticAnalyzer/Checkers/RunLoopAutoreleaseLeakChecker.cpp, 14039, 6560, 7479
1428, /home/yrong/devel/llvm/benchmark/llvm-project/clang/lib/StaticAnalyzer/Checkers/STLAlgorithmModeling.cpp, 11761, 4898, 6863
1429, /home/yrong/devel/llvm/benchmark/llvm-project/clang/lib/StaticAnalyzer/Checkers/SimpleStreamChecker.cpp, 11765, 4852, 6913
1430, /home/yrong/devel/llvm/benchmark/llvm-project/clang/lib/StaticAnalyzer/Checkers/SmartPtrChecker.cpp, 11623, 4767, 6856
1431, /home/yrong/devel/llvm/benchmark/llvm-project/clang/lib/StaticAnalyzer/Checkers/SmartPtrModeling.cpp, 12065, 5107, 6958
1432, /home/yrong/devel/llvm/benchmark/llvm-project/clang/lib/StaticAnalyzer/Checkers/StackAddrEscapeChecker.cpp, 11728, 4841, 6887
1433, /home/yrong/devel/llvm/benchmark/llvm-project/clang/lib/StaticAnalyzer/Checkers/StdLibraryFunctionsChecker.cpp, 13397, 6239, 7158
1434, /home/yrong/devel/llvm/benchmark/llvm-project/clang/lib/StaticAnalyzer/Checkers/StreamChecker.cpp, 12327, 5356, 6971
1435, /home/yrong/devel/llvm/benchmark/llvm-project/clang/lib/StaticAnalyzer/Checkers/StringChecker.cpp, 11662, 4803, 6859
1436, /home/yrong/devel/llvm/benchmark/llvm-project/clang/lib/StaticAnalyzer/Checkers/Taint.cpp, 11448, 4611, 6837
1437, /home/yrong/devel/llvm/benchmark/llvm-project/clang/lib/StaticAnalyzer/Checkers/TaintTesterChecker.cpp, 11561, 4749, 6812
1438, /home/yrong/devel/llvm/benchmark/llvm-project/clang/lib/StaticAnalyzer/Checkers/TestAfterDivZeroChecker.cpp, 11778, 4876, 6902
1439, /home/yrong/devel/llvm/benchmark/llvm-project/clang/lib/StaticAnalyzer/Checkers/TraversalChecker.cpp, 11619, 4751, 6868
1440, /home/yrong/devel/llvm/benchmark/llvm-project/clang/lib/StaticAnalyzer/Checkers/TrustNonnullChecker.cpp, 11731, 4831, 6900
1441, /home/yrong/devel/llvm/benchmark/llvm-project/clang/lib/StaticAnalyzer/Checkers/TrustReturnsNonnullChecker.cpp, 11685, 4761, 6924
1442, /home/yrong/devel/llvm/benchmark/llvm-project/clang/lib/StaticAnalyzer/Checkers/UndefBranchChecker.cpp, 11592, 4769, 6823
1443, /home/yrong/devel/llvm/benchmark/llvm-project/clang/lib/StaticAnalyzer/Checkers/UndefCapturedBlockVarChecker.cpp, 11669, 4784, 6885
1444, /home/yrong/devel/llvm/benchmark/llvm-project/clang/lib/StaticAnalyzer/Checkers/UndefResultChecker.cpp, 11589, 4768, 6821
1445, /home/yrong/devel/llvm/benchmark/llvm-project/clang/lib/StaticAnalyzer/Checkers/UndefinedArraySubscriptChecker.cpp, 11568, 4751, 6817
1446, /home/yrong/devel/llvm/benchmark/llvm-project/clang/lib/StaticAnalyzer/Checkers/UndefinedAssignmentChecker.cpp, 11573, 4754, 6819
1447, /home/yrong/devel/llvm/benchmark/llvm-project/clang/lib/StaticAnalyzer/Checkers/UndefinedNewArraySizeChecker.cpp, 11625, 4767, 6858
1448, /home/yrong/devel/llvm/benchmark/llvm-project/clang/lib/StaticAnalyzer/Checkers/UninitializedObject/UninitializedObjectChecker.cpp, 14146, 6650, 7496
1449, /home/yrong/devel/llvm/benchmark/llvm-project/clang/lib/StaticAnalyzer/Checkers/UninitializedObject/UninitializedPointee.cpp, 11551, 4738, 6813
1450, /home/yrong/devel/llvm/benchmark/llvm-project/clang/lib/StaticAnalyzer/Checkers/UnixAPIChecker.cpp, 11807, 4912, 6895
1451, /home/yrong/devel/llvm/benchmark/llvm-project/clang/lib/StaticAnalyzer/Checkers/UnreachableCodeChecker.cpp, 11637, 4818, 6819
1452, /home/yrong/devel/llvm/benchmark/llvm-project/clang/lib/StaticAnalyzer/Checkers/VLASizeChecker.cpp, 11618, 4791, 6827
1453, /home/yrong/devel/llvm/benchmark/llvm-project/clang/lib/StaticAnalyzer/Checkers/ValistChecker.cpp, 11842, 4931, 6911
1454, /home/yrong/devel/llvm/benchmark/llvm-project/clang/lib/StaticAnalyzer/Checkers/VforkChecker.cpp, 11714, 4852, 6862
1455, /home/yrong/devel/llvm/benchmark/llvm-project/clang/lib/StaticAnalyzer/Checkers/VirtualCallChecker.cpp, 11823, 4858, 6965
1456, /home/yrong/devel/llvm/benchmark/llvm-project/clang/lib/StaticAnalyzer/Checkers/WebKit/ASTUtils.cpp, 6940, 2026, 4914
1457, /home/yrong/devel/llvm/benchmark/llvm-project/clang/lib/StaticAnalyzer/Checkers/WebKit/NoUncountedMembersChecker.cpp, 13748, 6024, 7724
1458, /home/yrong/devel/llvm/benchmark/llvm-project/clang/lib/StaticAnalyzer/Checkers/WebKit/PtrTypesSemantics.cpp, 6969, 2053, 4916
1459, /home/yrong/devel/llvm/benchmark/llvm-project/clang/lib/StaticAnalyzer/Checkers/WebKit/RefCntblBaseVirtualDtorChecker.cpp, 13749, 6026, 7723
1460, /home/yrong/devel/llvm/benchmark/llvm-project/clang/lib/StaticAnalyzer/Checkers/WebKit/UncountedCallArgsChecker.cpp, 13766, 6038, 7728
1461, /home/yrong/devel/llvm/benchmark/llvm-project/clang/lib/StaticAnalyzer/Checkers/WebKit/UncountedLambdaCapturesChecker.cpp, 13743, 6021, 7722
1462, /home/yrong/devel/llvm/benchmark/llvm-project/clang/lib/StaticAnalyzer/Checkers/WebKit/UncountedLocalVarsChecker.cpp, 13875, 6108, 7767
1463, /home/yrong/devel/llvm/benchmark/llvm-project/clang/lib/StaticAnalyzer/Checkers/cert/InvalidPtrChecker.cpp, 11896, 4963, 6933
1464, /home/yrong/devel/llvm/benchmark/llvm-project/clang/lib/StaticAnalyzer/Checkers/cert/PutenvWithAutoChecker.cpp, 11636, 4778, 6858
1465, /home/yrong/devel/llvm/benchmark/llvm-project/clang/lib/StaticAnalyzer/Core/APSIntType.cpp, 246, 60, 186
1466, /home/yrong/devel/llvm/benchmark/llvm-project/clang/lib/StaticAnalyzer/Core/AnalysisManager.cpp, 11236, 4510, 6726
1467, /home/yrong/devel/llvm/benchmark/llvm-project/clang/lib/StaticAnalyzer/Core/AnalyzerOptions.cpp, 8796, 3001, 5795
1468, /home/yrong/devel/llvm/benchmark/llvm-project/clang/lib/StaticAnalyzer/Core/BasicValueFactory.cpp, 7678, 2414, 5264
1469, /home/yrong/devel/llvm/benchmark/llvm-project/clang/lib/StaticAnalyzer/Core/BlockCounter.cpp, 2990, 250, 2740
1470, /home/yrong/devel/llvm/benchmark/llvm-project/clang/lib/StaticAnalyzer/Core/BugReporter.cpp, 13009, 5765, 7244
1471, /home/yrong/devel/llvm/benchmark/llvm-project/clang/lib/StaticAnalyzer/Core/BugReporterVisitors.cpp, 15828, 7557, 8271
1472, /home/yrong/devel/llvm/benchmark/llvm-project/clang/lib/StaticAnalyzer/Core/CallDescription.cpp, 11617, 4767, 6850
1473, /home/yrong/devel/llvm/benchmark/llvm-project/clang/lib/StaticAnalyzer/Core/CallEvent.cpp, 12193, 5121, 7072
1474, /home/yrong/devel/llvm/benchmark/llvm-project/clang/lib/StaticAnalyzer/Core/Checker.cpp, 8042, 2589, 5453
1475, /home/yrong/devel/llvm/benchmark/llvm-project/clang/lib/StaticAnalyzer/Core/CheckerContext.cpp, 11538, 4716, 6822
1476, /home/yrong/devel/llvm/benchmark/llvm-project/clang/lib/StaticAnalyzer/Core/CheckerHelpers.cpp, 8341, 3072, 5269
1477, /home/yrong/devel/llvm/benchmark/llvm-project/clang/lib/StaticAnalyzer/Core/CheckerManager.cpp, 12026, 5068, 6958
1478, /home/yrong/devel/llvm/benchmark/llvm-project/clang/lib/StaticAnalyzer/Core/CheckerRegistryData.cpp, 7906, 2404, 5502
1479, /home/yrong/devel/llvm/benchmark/llvm-project/clang/lib/StaticAnalyzer/Core/CommonBugCategories.cpp, 0, 0, 0
1480, /home/yrong/devel/llvm/benchmark/llvm-project/clang/lib/StaticAnalyzer/Core/ConstraintManager.cpp, 7945, 2545, 5400
1481, /home/yrong/devel/llvm/benchmark/llvm-project/clang/lib/StaticAnalyzer/Core/CoreEngine.cpp, 11601, 4760, 6841
1482, /home/yrong/devel/llvm/benchmark/llvm-project/clang/lib/StaticAnalyzer/Core/DynamicExtent.cpp, 8005, 2578, 5427
1483, /home/yrong/devel/llvm/benchmark/llvm-project/clang/lib/StaticAnalyzer/Core/DynamicType.cpp, 9610, 3487, 6123
1484, /home/yrong/devel/llvm/benchmark/llvm-project/clang/lib/StaticAnalyzer/Core/Environment.cpp, 9433, 3395, 6038
1485, /home/yrong/devel/llvm/benchmark/llvm-project/clang/lib/StaticAnalyzer/Core/ExplodedGraph.cpp, 11757, 4849, 6908
1486, /home/yrong/devel/llvm/benchmark/llvm-project/clang/lib/StaticAnalyzer/Core/ExprEngine.cpp, 12847, 5533, 7314
1487, /home/yrong/devel/llvm/benchmark/llvm-project/clang/lib/StaticAnalyzer/Core/ExprEngineC.cpp, 11626, 4759, 6867
1488, /home/yrong/devel/llvm/benchmark/llvm-project/clang/lib/StaticAnalyzer/Core/ExprEngineCXX.cpp, 11786, 4861, 6925
1489, /home/yrong/devel/llvm/benchmark/llvm-project/clang/lib/StaticAnalyzer/Core/ExprEngineCallAndReturn.cpp, 12004, 5009, 6995
1490, /home/yrong/devel/llvm/benchmark/llvm-project/clang/lib/StaticAnalyzer/Core/ExprEngineObjC.cpp, 11534, 4678, 6856
1491, /home/yrong/devel/llvm/benchmark/llvm-project/clang/lib/StaticAnalyzer/Core/FunctionSummary.cpp, 5309, 1009, 4300
1492, /home/yrong/devel/llvm/benchmark/llvm-project/clang/lib/StaticAnalyzer/Core/HTMLDiagnostics.cpp, 10579, 3956, 6623
1493, /home/yrong/devel/llvm/benchmark/llvm-project/clang/lib/StaticAnalyzer/Core/LoopUnrolling.cpp, 14456, 6933, 7523
1494, /home/yrong/devel/llvm/benchmark/llvm-project/clang/lib/StaticAnalyzer/Core/LoopWidening.cpp, 12020, 5197, 6823
1495, /home/yrong/devel/llvm/benchmark/llvm-project/clang/lib/StaticAnalyzer/Core/MemRegion.cpp, 9990, 3619, 6371
1496, /home/yrong/devel/llvm/benchmark/llvm-project/clang/lib/StaticAnalyzer/Core/PlistDiagnostics.cpp, 10717, 4270, 6447
1497, /home/yrong/devel/llvm/benchmark/llvm-project/clang/lib/StaticAnalyzer/Core/ProgramState.cpp, 11737, 4824, 6913
1498, /home/yrong/devel/llvm/benchmark/llvm-project/clang/lib/StaticAnalyzer/Core/RangeConstraintManager.cpp, 10426, 3960, 6466
1499, /home/yrong/devel/llvm/benchmark/llvm-project/clang/lib/StaticAnalyzer/Core/RangedConstraintManager.cpp, 7966, 2557, 5409
1500, /home/yrong/devel/llvm/benchmark/llvm-project/clang/lib/StaticAnalyzer/Core/RegionStore.cpp, 14990, 7189, 7801
1501, /home/yrong/devel/llvm/benchmark/llvm-project/clang/lib/StaticAnalyzer/Core/SMTConstraintManager.cpp, 9843, 3645, 6198
1502, /home/yrong/devel/llvm/benchmark/llvm-project/clang/lib/StaticAnalyzer/Core/SValBuilder.cpp, 11718, 4796, 6922
1503, /home/yrong/devel/llvm/benchmark/llvm-project/clang/lib/StaticAnalyzer/Core/SVals.cpp, 9188, 3253, 5935
1504, /home/yrong/devel/llvm/benchmark/llvm-project/clang/lib/StaticAnalyzer/Core/SarifDiagnostics.cpp, 10533, 4080, 6453
1505, /home/yrong/devel/llvm/benchmark/llvm-project/clang/lib/StaticAnalyzer/Core/SimpleConstraintManager.cpp, 11411, 4617, 6794
1506, /home/yrong/devel/llvm/benchmark/llvm-project/clang/lib/StaticAnalyzer/Core/SimpleSValBuilder.cpp, 11809, 4871, 6938
1507, /home/yrong/devel/llvm/benchmark/llvm-project/clang/lib/StaticAnalyzer/Core/Store.cpp, 11618, 4756, 6862
1508, /home/yrong/devel/llvm/benchmark/llvm-project/clang/lib/StaticAnalyzer/Core/SymbolManager.cpp, 8012, 2520, 5492
1509, /home/yrong/devel/llvm/benchmark/llvm-project/clang/lib/StaticAnalyzer/Core/TextDiagnostics.cpp, 11075, 4527, 6548
1510, /home/yrong/devel/llvm/benchmark/llvm-project/clang/lib/StaticAnalyzer/Core/WorkList.cpp, 8860, 2934, 5926
1511, /home/yrong/devel/llvm/benchmark/llvm-project/clang/lib/StaticAnalyzer/Frontend/AnalysisConsumer.cpp, 15487, 7236, 8251
1512, /home/yrong/devel/llvm/benchmark/llvm-project/clang/lib/StaticAnalyzer/Frontend/AnalyzerHelpFlags.cpp, 12192, 5386, 6806
1513, /home/yrong/devel/llvm/benchmark/llvm-project/clang/lib/StaticAnalyzer/Frontend/CheckerRegistry.cpp, 8478, 2714, 5764
1514, /home/yrong/devel/llvm/benchmark/llvm-project/clang/lib/StaticAnalyzer/Frontend/CreateCheckerManager.cpp, 7829, 2516, 5313
1515, /home/yrong/devel/llvm/benchmark/llvm-project/clang/lib/StaticAnalyzer/Frontend/FrontendActions.cpp, 9564, 3679, 5885
1516, /home/yrong/devel/llvm/benchmark/llvm-project/clang/lib/StaticAnalyzer/Frontend/ModelConsumer.cpp, 4829, 928, 3901
1517, /home/yrong/devel/llvm/benchmark/llvm-project/clang/lib/StaticAnalyzer/Frontend/ModelInjector.cpp, 14014, 6669, 7345
1518, /home/yrong/devel/llvm/benchmark/llvm-project/clang/lib/Support/RISCVVIntrinsicUtils.cpp, 3483, 545, 2938
1519, /home/yrong/devel/llvm/benchmark/llvm-project/clang/lib/Tooling/ASTDiff/ASTDiff.cpp, 11414, 4756, 6658
1520, /home/yrong/devel/llvm/benchmark/llvm-project/clang/lib/Tooling/AllTUsExecution.cpp, 10255, 4158, 6097
1521, /home/yrong/devel/llvm/benchmark/llvm-project/clang/lib/Tooling/ArgumentsAdjusters.cpp, 2689, 275, 2414
1522, /home/yrong/devel/llvm/benchmark/llvm-project/clang/lib/Tooling/CommonOptionsParser.cpp, 9827, 3905, 5922
1523, /home/yrong/devel/llvm/benchmark/llvm-project/clang/lib/Tooling/CompilationDatabase.cpp, 10774, 4337, 6437
1524, /home/yrong/devel/llvm/benchmark/llvm-project/clang/lib/Tooling/Core/Diagnostic.cpp, 5394, 1456, 3938
1525, /home/yrong/devel/llvm/benchmark/llvm-project/clang/lib/Tooling/Core/Replacement.cpp, 5714, 1687, 4027
1526, /home/yrong/devel/llvm/benchmark/llvm-project/clang/lib/Tooling/DependencyScanning/DependencyScanningFilesystem.cpp, 4417, 942, 3475
1527, /home/yrong/devel/llvm/benchmark/llvm-project/clang/lib/Tooling/DependencyScanning/DependencyScanningService.cpp, 4215, 828, 3387
1528, /home/yrong/devel/llvm/benchmark/llvm-project/clang/lib/Tooling/DependencyScanning/DependencyScanningTool.cpp, 13239, 6163, 7076
1529, /home/yrong/devel/llvm/benchmark/llvm-project/clang/lib/Tooling/DependencyScanning/DependencyScanningWorker.cpp, 14882, 7430, 7452
1530, /home/yrong/devel/llvm/benchmark/llvm-project/clang/lib/Tooling/DependencyScanning/ModuleDepCollector.cpp, 14451, 6966, 7485
1531, /home/yrong/devel/llvm/benchmark/llvm-project/clang/lib/Tooling/DumpTool/ASTSrcLocProcessor.cpp, 12942, 5883, 7059
1532, /home/yrong/devel/llvm/benchmark/llvm-project/clang/lib/Tooling/DumpTool/ClangSrcLocDump.cpp, 14672, 7055, 7617
1533, /home/yrong/devel/llvm/benchmark/llvm-project/clang/lib/Tooling/Execution.cpp, 9794, 3872, 5922
1534, /home/yrong/devel/llvm/benchmark/llvm-project/clang/lib/Tooling/ExpandResponseFilesCompilationDatabase.cpp, 9677, 3771, 5906
1535, /home/yrong/devel/llvm/benchmark/llvm-project/clang/lib/Tooling/FileMatchTrie.cpp, 3483, 530, 2953
1536, /home/yrong/devel/llvm/benchmark/llvm-project/clang/lib/Tooling/FixIt.cpp, 5657, 1486, 4171
1537, /home/yrong/devel/llvm/benchmark/llvm-project/clang/lib/Tooling/GuessTargetAndModeCompilationDatabase.cpp, 9675, 3771, 5904
1538, /home/yrong/devel/llvm/benchmark/llvm-project/clang/lib/Tooling/Inclusions/HeaderAnalysis.cpp, 5858, 1727, 4131
1539, /home/yrong/devel/llvm/benchmark/llvm-project/clang/lib/Tooling/Inclusions/HeaderIncludes.cpp, 5985, 1794, 4191
1540, /home/yrong/devel/llvm/benchmark/llvm-project/clang/lib/Tooling/Inclusions/IncludeStyle.cpp, 3556, 493, 3063
1541, /home/yrong/devel/llvm/benchmark/llvm-project/clang/lib/Tooling/Inclusions/Stdlib/StandardLibrary.cpp, 16304, 6739, 9565
1542, /home/yrong/devel/llvm/benchmark/llvm-project/clang/lib/Tooling/InterpolatingCompilationDatabase.cpp, 5548, 1569, 3979
1543, /home/yrong/devel/llvm/benchmark/llvm-project/clang/lib/Tooling/JSONCompilationDatabase.cpp, 9935, 3984, 5951
1544, /home/yrong/devel/llvm/benchmark/llvm-project/clang/lib/Tooling/NodeIntrospection.cpp, 8001, 2795, 5206
1545, /home/yrong/devel/llvm/benchmark/llvm-project/clang/lib/Tooling/Refactoring.cpp, 9972, 3925, 6047
1546, /home/yrong/devel/llvm/benchmark/llvm-project/clang/lib/Tooling/Refactoring/ASTSelection.cpp, 11013, 4459, 6554
1547, /home/yrong/devel/llvm/benchmark/llvm-project/clang/lib/Tooling/Refactoring/ASTSelectionRequirements.cpp, 7495, 2336, 5159
1548, /home/yrong/devel/llvm/benchmark/llvm-project/clang/lib/Tooling/Refactoring/AtomicChange.cpp, 10128, 4057, 6071
1549, /home/yrong/devel/llvm/benchmark/llvm-project/clang/lib/Tooling/Refactoring/Extract/Extract.cpp, 8434, 2989, 5445
1550, /home/yrong/devel/llvm/benchmark/llvm-project/clang/lib/Tooling/Refactoring/Extract/SourceExtraction.cpp, 6952, 2089, 4863
1551, /home/yrong/devel/llvm/benchmark/llvm-project/clang/lib/Tooling/Refactoring/Lookup.cpp, 7685, 2527, 5158
1552, /home/yrong/devel/llvm/benchmark/llvm-project/clang/lib/Tooling/Refactoring/RefactoringActions.cpp, 10486, 4351, 6135
1553, /home/yrong/devel/llvm/benchmark/llvm-project/clang/lib/Tooling/Refactoring/Rename/RenamingAction.cpp, 12842, 5796, 7046
1554, /home/yrong/devel/llvm/benchmark/llvm-project/clang/lib/Tooling/Refactoring/Rename/SymbolOccurrences.cpp, 2640, 212, 2428
1555, /home/yrong/devel/llvm/benchmark/llvm-project/clang/lib/Tooling/Refactoring/Rename/USRFinder.cpp, 11240, 4759, 6481
1556, /home/yrong/devel/llvm/benchmark/llvm-project/clang/lib/Tooling/Refactoring/Rename/USRFindingAction.cpp, 13977, 6309, 7668
1557, /home/yrong/devel/llvm/benchmark/llvm-project/clang/lib/Tooling/Refactoring/Rename/USRLocFinder.cpp, 11916, 5206, 6710
1558, /home/yrong/devel/llvm/benchmark/llvm-project/clang/lib/Tooling/RefactoringCallbacks.cpp, 12758, 5876, 6882
1559, /home/yrong/devel/llvm/benchmark/llvm-project/clang/lib/Tooling/StandaloneExecution.cpp, 9777, 3864, 5913
1560, /home/yrong/devel/llvm/benchmark/llvm-project/clang/lib/Tooling/Syntax/BuildTree.cpp, 11315, 4601, 6714
1561, /home/yrong/devel/llvm/benchmark/llvm-project/clang/lib/Tooling/Syntax/ComputeReplacements.cpp, 5476, 1492, 3984
1562, /home/yrong/devel/llvm/benchmark/llvm-project/clang/lib/Tooling/Syntax/Mutations.cpp, 6562, 1944, 4618
1563, /home/yrong/devel/llvm/benchmark/llvm-project/clang/lib/Tooling/Syntax/Nodes.cpp, 2772, 347, 2425
1564, /home/yrong/devel/llvm/benchmark/llvm-project/clang/lib/Tooling/Syntax/Synthesis.cpp, 6509, 1924, 4585
1565, /home/yrong/devel/llvm/benchmark/llvm-project/clang/lib/Tooling/Syntax/TokenBufferTokenManager.cpp, 5363, 1426, 3937
1566, /home/yrong/devel/llvm/benchmark/llvm-project/clang/lib/Tooling/Syntax/Tokens.cpp, 7074, 2537, 4537
1567, /home/yrong/devel/llvm/benchmark/llvm-project/clang/lib/Tooling/Syntax/Tree.cpp, 2883, 304, 2579
1568, /home/yrong/devel/llvm/benchmark/llvm-project/clang/lib/Tooling/Tooling.cpp, 11932, 5193, 6739
1569, /home/yrong/devel/llvm/benchmark/llvm-project/clang/lib/Tooling/Transformer/Parsing.cpp, 10925, 4707, 6218
1570, /home/yrong/devel/llvm/benchmark/llvm-project/clang/lib/Tooling/Transformer/RangeSelector.cpp, 10949, 4746, 6203
1571, /home/yrong/devel/llvm/benchmark/llvm-project/clang/lib/Tooling/Transformer/RewriteRule.cpp, 11351, 5002, 6349
1572, /home/yrong/devel/llvm/benchmark/llvm-project/clang/lib/Tooling/Transformer/SourceCode.cpp, 8311, 2819, 5492
1573, /home/yrong/devel/llvm/benchmark/llvm-project/clang/lib/Tooling/Transformer/SourceCodeBuilders.cpp, 10774, 4614, 6160
1574, /home/yrong/devel/llvm/benchmark/llvm-project/clang/lib/Tooling/Transformer/Stencil.cpp, 10942, 4731, 6211
1575, /home/yrong/devel/llvm/benchmark/llvm-project/clang/lib/Tooling/Transformer/Transformer.cpp, 11202, 4878, 6324
1576, /home/yrong/devel/llvm/benchmark/llvm-project/clang/tools/amdgpu-arch/AMDGPUArch.cpp, 3202, 316, 2886
1577, /home/yrong/devel/llvm/benchmark/llvm-project/clang/tools/amdgpu-arch/AMDGPUArchByHIP.cpp, 2814, 335, 2479
1578, /home/yrong/devel/llvm/benchmark/llvm-project/clang/tools/amdgpu-arch/AMDGPUArchByHSA.cpp, 3439, 481, 2958
1579, /home/yrong/devel/llvm/benchmark/llvm-project/clang/tools/apinotes-test/APINotesTest.cpp, 4086, 690, 3396
1580, /home/yrong/devel/llvm/benchmark/llvm-project/clang/tools/arcmt-test/arcmt-test.cpp, 10614, 4265, 6349
1581, /home/yrong/devel/llvm/benchmark/llvm-project/clang/tools/c-arcmt-test/c-arcmt-test.c, 0, 0, 0
1582, /home/yrong/devel/llvm/benchmark/llvm-project/clang/tools/c-index-test/c-index-test.c, 0, 0, 0
1583, /home/yrong/devel/llvm/benchmark/llvm-project/clang/tools/c-index-test/core_main.cpp, 14297, 6878, 7419
1584, /home/yrong/devel/llvm/benchmark/llvm-project/clang/tools/clang-check/ClangCheck.cpp, 11599, 4910, 6689
1585, /home/yrong/devel/llvm/benchmark/llvm-project/clang/tools/clang-diff/ClangDiff.cpp, 9970, 4006, 5964
1586, /home/yrong/devel/llvm/benchmark/llvm-project/clang/tools/clang-extdef-mapping/ClangExtDefMapGen.cpp, 11949, 4800, 7149
1587, /home/yrong/devel/llvm/benchmark/llvm-project/clang/tools/clang-format/ClangFormat.cpp, 6843, 1975, 4868
1588, /home/yrong/devel/llvm/benchmark/llvm-project/clang/tools/clang-fuzzer/dictionary/dictionary.c, 0, 0, 0
1589, /home/yrong/devel/llvm/benchmark/llvm-project/clang/tools/clang-fuzzer/handle-cxx/handle_cxx.cpp, 11390, 4745, 6645
1590, /home/yrong/devel/llvm/benchmark/llvm-project/clang/tools/clang-fuzzer/handle-llvm/handle_llvm.cpp, 10922, 4636, 6286
1591, /home/yrong/devel/llvm/benchmark/llvm-project/clang/tools/clang-import-test/clang-import-test.cpp, 12032, 5115, 6917
1592, /home/yrong/devel/llvm/benchmark/llvm-project/clang/tools/clang-linker-wrapper/ClangLinkerWrapper.cpp, 13409, 6267, 7142
1593, /home/yrong/devel/llvm/benchmark/llvm-project/clang/tools/clang-linker-wrapper/OffloadWrapper.cpp, 5318, 1545, 3773
1594, /home/yrong/devel/llvm/benchmark/llvm-project/clang/tools/clang-offload-bundler/ClangOffloadBundler.cpp, 4969, 1102, 3867
1595, /home/yrong/devel/llvm/benchmark/llvm-project/clang/tools/clang-offload-packager/ClangOffloadPackager.cpp, 4625, 1009, 3616
1596, /home/yrong/devel/llvm/benchmark/llvm-project/clang/tools/clang-refactor/ClangRefactor.cpp, 10686, 4508, 6178
1597, /home/yrong/devel/llvm/benchmark/llvm-project/clang/tools/clang-refactor/TestSupport.cpp, 7690, 2769, 4921
1598, /home/yrong/devel/llvm/benchmark/llvm-project/clang/tools/clang-rename/ClangRename.cpp, 10488, 4344, 6144
1599, /home/yrong/devel/llvm/benchmark/llvm-project/clang/tools/clang-repl/ClangRepl.cpp, 15362, 7476, 7886
1600, /home/yrong/devel/llvm/benchmark/llvm-project/clang/tools/clang-scan-deps/ClangScanDeps.cpp, 15614, 7842, 7772
1601, /home/yrong/devel/llvm/benchmark/llvm-project/clang/tools/clang-shlib/clang-shlib.cpp, 0, 0, 0
1602, /home/yrong/devel/llvm/benchmark/llvm-project/clang/tools/diagtool/DiagTool.cpp, 2677, 232, 2445
1603, /home/yrong/devel/llvm/benchmark/llvm-project/clang/tools/diagtool/DiagnosticNames.cpp, 3341, 285, 3056
1604, /home/yrong/devel/llvm/benchmark/llvm-project/clang/tools/diagtool/FindDiagnosticID.cpp, 3790, 454, 3336
1605, /home/yrong/devel/llvm/benchmark/llvm-project/clang/tools/diagtool/ListWarnings.cpp, 3485, 364, 3121
1606, /home/yrong/devel/llvm/benchmark/llvm-project/clang/tools/diagtool/ShowEnabledWarnings.cpp, 9898, 3785, 6113
1607, /home/yrong/devel/llvm/benchmark/llvm-project/clang/tools/diagtool/TreeView.cpp, 4223, 630, 3593
1608, /home/yrong/devel/llvm/benchmark/llvm-project/clang/tools/diagtool/diagtool_main.cpp, 2465, 170, 2295
1609, /home/yrong/devel/llvm/benchmark/llvm-project/clang/tools/driver/cc1_main.cpp, 16244, 7435, 8809
1610, /home/yrong/devel/llvm/benchmark/llvm-project/clang/tools/driver/cc1as_main.cpp, 6757, 2204, 4553
1611, /home/yrong/devel/llvm/benchmark/llvm-project/clang/tools/driver/cc1gen_reproducer_main.cpp, 5869, 1749, 4120
1612, /home/yrong/devel/llvm/benchmark/llvm-project/clang/tools/driver/driver.cpp, 9642, 3597, 6045
1613, /home/yrong/devel/llvm/benchmark/llvm-project/clang/tools/libclang/ARCMigrate.cpp, 8547, 2820, 5727
1614, /home/yrong/devel/llvm/benchmark/llvm-project/clang/tools/libclang/BuildSystem.cpp, 3725, 709, 3016
1615, /home/yrong/devel/llvm/benchmark/llvm-project/clang/tools/libclang/CIndex.cpp, 13768, 6290, 7478
1616, /home/yrong/devel/llvm/benchmark/llvm-project/clang/tools/libclang/CIndexCXX.cpp, 6968, 2121, 4847
1617, /home/yrong/devel/llvm/benchmark/llvm-project/clang/tools/libclang/CIndexCodeCompletion.cpp, 13531, 6268, 7263
1618, /home/yrong/devel/llvm/benchmark/llvm-project/clang/tools/libclang/CIndexDiagnostic.cpp, 9450, 3680, 5770
1619, /home/yrong/devel/llvm/benchmark/llvm-project/clang/tools/libclang/CIndexHigh.cpp, 10384, 4281, 6103
1620, /home/yrong/devel/llvm/benchmark/llvm-project/clang/tools/libclang/CIndexInclusionStack.cpp, 10425, 4328, 6097
1621, /home/yrong/devel/llvm/benchmark/llvm-project/clang/tools/libclang/CIndexUSRs.cpp, 9373, 3601, 5772
1622, /home/yrong/devel/llvm/benchmark/llvm-project/clang/tools/libclang/CIndexer.cpp, 5565, 1540, 4025
1623, /home/yrong/devel/llvm/benchmark/llvm-project/clang/tools/libclang/CXComment.cpp, 9429, 3596, 5833
1624, /home/yrong/devel/llvm/benchmark/llvm-project/clang/tools/libclang/CXCompilationDatabase.cpp, 3739, 724, 3015
1625, /home/yrong/devel/llvm/benchmark/llvm-project/clang/tools/libclang/CXCursor.cpp, 10227, 3983, 6244
1626, /home/yrong/devel/llvm/benchmark/llvm-project/clang/tools/libclang/CXExtractAPI.cpp, 14228, 6367, 7861
1627, /home/yrong/devel/llvm/benchmark/llvm-project/clang/tools/libclang/CXIndexDataConsumer.cpp, 10763, 4450, 6313
1628, /home/yrong/devel/llvm/benchmark/llvm-project/clang/tools/libclang/CXLoadedDiagnostic.cpp, 5137, 1203, 3934
1629, /home/yrong/devel/llvm/benchmark/llvm-project/clang/tools/libclang/CXSourceLocation.cpp, 9417, 3642, 5775
1630, /home/yrong/devel/llvm/benchmark/llvm-project/clang/tools/libclang/CXStoredDiagnostic.cpp, 9398, 3631, 5767
1631, /home/yrong/devel/llvm/benchmark/llvm-project/clang/tools/libclang/CXString.cpp, 9314, 3549, 5765
1632, /home/yrong/devel/llvm/benchmark/llvm-project/clang/tools/libclang/CXType.cpp, 9894, 3884, 6010
1633, /home/yrong/devel/llvm/benchmark/llvm-project/clang/tools/libclang/FatalErrorHandler.cpp, 1, 0, 1
1634, /home/yrong/devel/llvm/benchmark/llvm-project/clang/tools/libclang/Indexing.cpp, 11774, 5037, 6737
1635, /home/yrong/devel/llvm/benchmark/llvm-project/clang/tools/libclang/Rewrite.cpp, 9323, 3548, 5775
1636, /home/yrong/devel/llvm/benchmark/llvm-project/clang/tools/nvptx-arch/NVPTXArch.cpp, 3459, 493, 2966
1637, /home/yrong/devel/llvm/benchmark/llvm-project/clang/utils/TableGen/ASTTableGen.cpp, 4027, 700, 3327
1638, /home/yrong/devel/llvm/benchmark/llvm-project/clang/utils/TableGen/ClangASTNodesEmitter.cpp, 4334, 800, 3534
1639, /home/yrong/devel/llvm/benchmark/llvm-project/clang/utils/TableGen/ClangASTPropertiesEmitter.cpp, 4572, 1015, 3557
1640, /home/yrong/devel/llvm/benchmark/llvm-project/clang/utils/TableGen/ClangAttrEmitter.cpp, 6129, 1970, 4159
1641, /home/yrong/devel/llvm/benchmark/llvm-project/clang/utils/TableGen/ClangCommentCommandInfoEmitter.cpp, 4123, 674, 3449
1642, /home/yrong/devel/llvm/benchmark/llvm-project/clang/utils/TableGen/ClangCommentHTMLNamedCharacterReferenceEmitter.cpp, 4217, 726, 3491
1643, /home/yrong/devel/llvm/benchmark/llvm-project/clang/utils/TableGen/ClangCommentHTMLTagsEmitter.cpp, 4131, 681, 3450
1644, /home/yrong/devel/llvm/benchmark/llvm-project/clang/utils/TableGen/ClangDataCollectorsEmitter.cpp, 4104, 657, 3447
1645, /home/yrong/devel/llvm/benchmark/llvm-project/clang/utils/TableGen/ClangDiagnosticsEmitter.cpp, 5063, 1366, 3697
1646, /home/yrong/devel/llvm/benchmark/llvm-project/clang/utils/TableGen/ClangOpcodesEmitter.cpp, 4357, 854, 3503
1647, /home/yrong/devel/llvm/benchmark/llvm-project/clang/utils/TableGen/ClangOpenCLBuiltinEmitter.cpp, 4829, 1111, 3718
1648, /home/yrong/devel/llvm/benchmark/llvm-project/clang/utils/TableGen/ClangOptionDocEmitter.cpp, 4510, 986, 3524
1649, /home/yrong/devel/llvm/benchmark/llvm-project/clang/utils/TableGen/ClangSACheckersEmitter.cpp, 4257, 759, 3498
1650, /home/yrong/devel/llvm/benchmark/llvm-project/clang/utils/TableGen/ClangSyntaxEmitter.cpp, 4696, 874, 3822
1651, /home/yrong/devel/llvm/benchmark/llvm-project/clang/utils/TableGen/ClangTypeNodesEmitter.cpp, 4253, 730, 3523
1652, /home/yrong/devel/llvm/benchmark/llvm-project/clang/utils/TableGen/MveEmitter.cpp, 5335, 1700, 3635
1653, /home/yrong/devel/llvm/benchmark/llvm-project/clang/utils/TableGen/NeonEmitter.cpp, 5748, 1486, 4262
1654, /home/yrong/devel/llvm/benchmark/llvm-project/clang/utils/TableGen/RISCVVEmitter.cpp, 4499, 975, 3524
1655, /home/yrong/devel/llvm/benchmark/llvm-project/clang/utils/TableGen/SveEmitter.cpp, 4747, 877, 3870
1656, /home/yrong/devel/llvm/benchmark/llvm-project/clang/utils/TableGen/TableGen.cpp, 4258, 762, 3496
1657, /home/yrong/devel/llvm/benchmark/llvm-project/compiler-rt/lib/asan/asan_activation.cpp, 380, 1, 379
1658, /home/yrong/devel/llvm/benchmark/llvm-project/compiler-rt/lib/asan/asan_allocator.cpp, 497, 11, 486
1659, /home/yrong/devel/llvm/benchmark/llvm-project/compiler-rt/lib/asan/asan_debugging.cpp, 382, 3, 379
1660, /home/yrong/devel/llvm/benchmark/llvm-project/compiler-rt/lib/asan/asan_descriptions.cpp, 389, 9, 380
1661, /home/yrong/devel/llvm/benchmark/llvm-project/compiler-rt/lib/asan/asan_errors.cpp, 425, 14, 411
1662, /home/yrong/devel/llvm/benchmark/llvm-project/compiler-rt/lib/asan/asan_fake_stack.cpp, 388, 1, 387
1663, /home/yrong/devel/llvm/benchmark/llvm-project/compiler-rt/lib/asan/asan_flags.cpp, 399, 1, 398
1664, /home/yrong/devel/llvm/benchmark/llvm-project/compiler-rt/lib/asan/asan_fuchsia.cpp, 0, 0, 0
1665, /home/yrong/devel/llvm/benchmark/llvm-project/compiler-rt/lib/asan/asan_globals.cpp, 413, 1, 412
1666, /home/yrong/devel/llvm/benchmark/llvm-project/compiler-rt/lib/asan/asan_globals_win.cpp, 0, 0, 0
1667, /home/yrong/devel/llvm/benchmark/llvm-project/compiler-rt/lib/asan/asan_interceptors.cpp, 638, 8, 630
1668, /home/yrong/devel/llvm/benchmark/llvm-project/compiler-rt/lib/asan/asan_interceptors_memintrinsics.cpp, 375, 1, 374
1669, /home/yrong/devel/llvm/benchmark/llvm-project/compiler-rt/lib/asan/asan_linux.cpp, 376, 1, 375
1670, /home/yrong/devel/llvm/benchmark/llvm-project/compiler-rt/lib/asan/asan_mac.cpp, 0, 0, 0
1671, /home/yrong/devel/llvm/benchmark/llvm-project/compiler-rt/lib/asan/asan_malloc_linux.cpp, 406, 1, 405
1672, /home/yrong/devel/llvm/benchmark/llvm-project/compiler-rt/lib/asan/asan_malloc_mac.cpp, 0, 0, 0
1673, /home/yrong/devel/llvm/benchmark/llvm-project/compiler-rt/lib/asan/asan_malloc_win.cpp, 0, 0, 0
1674, /home/yrong/devel/llvm/benchmark/llvm-project/compiler-rt/lib/asan/asan_memory_profile.cpp, 411, 4, 407
1675, /home/yrong/devel/llvm/benchmark/llvm-project/compiler-rt/lib/asan/asan_new_delete.cpp, 375, 1, 374
1676, /home/yrong/devel/llvm/benchmark/llvm-project/compiler-rt/lib/asan/asan_poisoning.cpp, 398, 1, 397
1677, /home/yrong/devel/llvm/benchmark/llvm-project/compiler-rt/lib/asan/asan_posix.cpp, 408, 1, 407
1678, /home/yrong/devel/llvm/benchmark/llvm-project/compiler-rt/lib/asan/asan_preinit.cpp, 86, 1, 85
1679, /home/yrong/devel/llvm/benchmark/llvm-project/compiler-rt/lib/asan/asan_premap_shadow.cpp, 86, 1, 85
1680, /home/yrong/devel/llvm/benchmark/llvm-project/compiler-rt/lib/asan/asan_report.cpp, 460, 24, 436
1681, /home/yrong/devel/llvm/benchmark/llvm-project/compiler-rt/lib/asan/asan_rtl.cpp, 411, 1, 410
1682, /home/yrong/devel/llvm/benchmark/llvm-project/compiler-rt/lib/asan/asan_rtl_static.cpp, 84, 0, 84
1683, /home/yrong/devel/llvm/benchmark/llvm-project/compiler-rt/lib/asan/asan_shadow_setup.cpp, 86, 1, 85
1684, /home/yrong/devel/llvm/benchmark/llvm-project/compiler-rt/lib/asan/asan_stack.cpp, 375, 1, 374
1685, /home/yrong/devel/llvm/benchmark/llvm-project/compiler-rt/lib/asan/asan_stats.cpp, 378, 1, 377
1686, /home/yrong/devel/llvm/benchmark/llvm-project/compiler-rt/lib/asan/asan_suppressions.cpp, 398, 1, 397
1687, /home/yrong/devel/llvm/benchmark/llvm-project/compiler-rt/lib/asan/asan_thread.cpp, 422, 7, 415
1688, /home/yrong/devel/llvm/benchmark/llvm-project/compiler-rt/lib/asan/asan_win.cpp, 0, 0, 0
1689, /home/yrong/devel/llvm/benchmark/llvm-project/compiler-rt/lib/builtins/absvdi2.c, 0, 0, 0
1690, /home/yrong/devel/llvm/benchmark/llvm-project/compiler-rt/lib/builtins/absvsi2.c, 0, 0, 0
1691, /home/yrong/devel/llvm/benchmark/llvm-project/compiler-rt/lib/builtins/absvti2.c, 0, 0, 0
1692, /home/yrong/devel/llvm/benchmark/llvm-project/compiler-rt/lib/builtins/adddf3.c, 0, 0, 0
1693, /home/yrong/devel/llvm/benchmark/llvm-project/compiler-rt/lib/builtins/addsf3.c, 0, 0, 0
1694, /home/yrong/devel/llvm/benchmark/llvm-project/compiler-rt/lib/builtins/addtf3.c, 0, 0, 0
1695, /home/yrong/devel/llvm/benchmark/llvm-project/compiler-rt/lib/builtins/addvdi3.c, 0, 0, 0
1696, /home/yrong/devel/llvm/benchmark/llvm-project/compiler-rt/lib/builtins/addvsi3.c, 0, 0, 0
1697, /home/yrong/devel/llvm/benchmark/llvm-project/compiler-rt/lib/builtins/addvti3.c, 0, 0, 0
1698, /home/yrong/devel/llvm/benchmark/llvm-project/compiler-rt/lib/builtins/apple_versioning.c, 0, 0, 0
1699, /home/yrong/devel/llvm/benchmark/llvm-project/compiler-rt/lib/builtins/ashldi3.c, 0, 0, 0
1700, /home/yrong/devel/llvm/benchmark/llvm-project/compiler-rt/lib/builtins/ashlti3.c, 0, 0, 0
1701, /home/yrong/devel/llvm/benchmark/llvm-project/compiler-rt/lib/builtins/ashrdi3.c, 0, 0, 0
1702, /home/yrong/devel/llvm/benchmark/llvm-project/compiler-rt/lib/builtins/ashrti3.c, 0, 0, 0
1703, /home/yrong/devel/llvm/benchmark/llvm-project/compiler-rt/lib/builtins/bswapdi2.c, 0, 0, 0
1704, /home/yrong/devel/llvm/benchmark/llvm-project/compiler-rt/lib/builtins/bswapsi2.c, 0, 0, 0
1705, /home/yrong/devel/llvm/benchmark/llvm-project/compiler-rt/lib/builtins/clear_cache.c, 0, 0, 0
1706, /home/yrong/devel/llvm/benchmark/llvm-project/compiler-rt/lib/builtins/clzdi2.c, 0, 0, 0
1707, /home/yrong/devel/llvm/benchmark/llvm-project/compiler-rt/lib/builtins/clzsi2.c, 0, 0, 0
1708, /home/yrong/devel/llvm/benchmark/llvm-project/compiler-rt/lib/builtins/clzti2.c, 0, 0, 0
1709, /home/yrong/devel/llvm/benchmark/llvm-project/compiler-rt/lib/builtins/cmpdi2.c, 0, 0, 0
1710, /home/yrong/devel/llvm/benchmark/llvm-project/compiler-rt/lib/builtins/cmpti2.c, 0, 0, 0
1711, /home/yrong/devel/llvm/benchmark/llvm-project/compiler-rt/lib/builtins/comparedf2.c, 0, 0, 0
1712, /home/yrong/devel/llvm/benchmark/llvm-project/compiler-rt/lib/builtins/comparesf2.c, 0, 0, 0
1713, /home/yrong/devel/llvm/benchmark/llvm-project/compiler-rt/lib/builtins/comparetf2.c, 0, 0, 0
1714, /home/yrong/devel/llvm/benchmark/llvm-project/compiler-rt/lib/builtins/cpu_model.c, 0, 0, 0
1715, /home/yrong/devel/llvm/benchmark/llvm-project/compiler-rt/lib/builtins/crtbegin.c, 0, 0, 0
1716, /home/yrong/devel/llvm/benchmark/llvm-project/compiler-rt/lib/builtins/crtend.c, 0, 0, 0
1717, /home/yrong/devel/llvm/benchmark/llvm-project/compiler-rt/lib/builtins/ctzdi2.c, 0, 0, 0
1718, /home/yrong/devel/llvm/benchmark/llvm-project/compiler-rt/lib/builtins/ctzsi2.c, 0, 0, 0
1719, /home/yrong/devel/llvm/benchmark/llvm-project/compiler-rt/lib/builtins/ctzti2.c, 0, 0, 0
1720, /home/yrong/devel/llvm/benchmark/llvm-project/compiler-rt/lib/builtins/divdc3.c, 0, 0, 0
1721, /home/yrong/devel/llvm/benchmark/llvm-project/compiler-rt/lib/builtins/divdf3.c, 0, 0, 0
1722, /home/yrong/devel/llvm/benchmark/llvm-project/compiler-rt/lib/builtins/divdi3.c, 0, 0, 0
1723, /home/yrong/devel/llvm/benchmark/llvm-project/compiler-rt/lib/builtins/divmoddi4.c, 0, 0, 0
1724, /home/yrong/devel/llvm/benchmark/llvm-project/compiler-rt/lib/builtins/divmodsi4.c, 0, 0, 0
1725, /home/yrong/devel/llvm/benchmark/llvm-project/compiler-rt/lib/builtins/divmodti4.c, 0, 0, 0
1726, /home/yrong/devel/llvm/benchmark/llvm-project/compiler-rt/lib/builtins/divsc3.c, 0, 0, 0
1727, /home/yrong/devel/llvm/benchmark/llvm-project/compiler-rt/lib/builtins/divsf3.c, 0, 0, 0
1728, /home/yrong/devel/llvm/benchmark/llvm-project/compiler-rt/lib/builtins/divsi3.c, 0, 0, 0
1729, /home/yrong/devel/llvm/benchmark/llvm-project/compiler-rt/lib/builtins/divtc3.c, 0, 0, 0
1730, /home/yrong/devel/llvm/benchmark/llvm-project/compiler-rt/lib/builtins/divtf3.c, 0, 0, 0
1731, /home/yrong/devel/llvm/benchmark/llvm-project/compiler-rt/lib/builtins/divti3.c, 0, 0, 0
1732, /home/yrong/devel/llvm/benchmark/llvm-project/compiler-rt/lib/builtins/divxc3.c, 0, 0, 0
1733, /home/yrong/devel/llvm/benchmark/llvm-project/compiler-rt/lib/builtins/emutls.c, 0, 0, 0
1734, /home/yrong/devel/llvm/benchmark/llvm-project/compiler-rt/lib/builtins/enable_execute_stack.c, 0, 0, 0
1735, /home/yrong/devel/llvm/benchmark/llvm-project/compiler-rt/lib/builtins/eprintf.c, 0, 0, 0
1736, /home/yrong/devel/llvm/benchmark/llvm-project/compiler-rt/lib/builtins/extenddftf2.c, 0, 0, 0
1737, /home/yrong/devel/llvm/benchmark/llvm-project/compiler-rt/lib/builtins/extendhfsf2.c, 0, 0, 0
1738, /home/yrong/devel/llvm/benchmark/llvm-project/compiler-rt/lib/builtins/extendhftf2.c, 0, 0, 0
1739, /home/yrong/devel/llvm/benchmark/llvm-project/compiler-rt/lib/builtins/extendsfdf2.c, 0, 0, 0
1740, /home/yrong/devel/llvm/benchmark/llvm-project/compiler-rt/lib/builtins/extendsftf2.c, 0, 0, 0
1741, /home/yrong/devel/llvm/benchmark/llvm-project/compiler-rt/lib/builtins/ffsdi2.c, 0, 0, 0
1742, /home/yrong/devel/llvm/benchmark/llvm-project/compiler-rt/lib/builtins/ffssi2.c, 0, 0, 0
1743, /home/yrong/devel/llvm/benchmark/llvm-project/compiler-rt/lib/builtins/ffsti2.c, 0, 0, 0
1744, /home/yrong/devel/llvm/benchmark/llvm-project/compiler-rt/lib/builtins/fixdfdi.c, 0, 0, 0
1745, /home/yrong/devel/llvm/benchmark/llvm-project/compiler-rt/lib/builtins/fixdfsi.c, 0, 0, 0
1746, /home/yrong/devel/llvm/benchmark/llvm-project/compiler-rt/lib/builtins/fixdfti.c, 0, 0, 0
1747, /home/yrong/devel/llvm/benchmark/llvm-project/compiler-rt/lib/builtins/fixsfdi.c, 0, 0, 0
1748, /home/yrong/devel/llvm/benchmark/llvm-project/compiler-rt/lib/builtins/fixsfsi.c, 0, 0, 0
1749, /home/yrong/devel/llvm/benchmark/llvm-project/compiler-rt/lib/builtins/fixsfti.c, 0, 0, 0
1750, /home/yrong/devel/llvm/benchmark/llvm-project/compiler-rt/lib/builtins/fixtfdi.c, 0, 0, 0
1751, /home/yrong/devel/llvm/benchmark/llvm-project/compiler-rt/lib/builtins/fixtfsi.c, 0, 0, 0
1752, /home/yrong/devel/llvm/benchmark/llvm-project/compiler-rt/lib/builtins/fixtfti.c, 0, 0, 0
1753, /home/yrong/devel/llvm/benchmark/llvm-project/compiler-rt/lib/builtins/fixunsdfdi.c, 0, 0, 0
1754, /home/yrong/devel/llvm/benchmark/llvm-project/compiler-rt/lib/builtins/fixunsdfsi.c, 0, 0, 0
1755, /home/yrong/devel/llvm/benchmark/llvm-project/compiler-rt/lib/builtins/fixunsdfti.c, 0, 0, 0
1756, /home/yrong/devel/llvm/benchmark/llvm-project/compiler-rt/lib/builtins/fixunssfdi.c, 0, 0, 0
1757, /home/yrong/devel/llvm/benchmark/llvm-project/compiler-rt/lib/builtins/fixunssfsi.c, 0, 0, 0
1758, /home/yrong/devel/llvm/benchmark/llvm-project/compiler-rt/lib/builtins/fixunssfti.c, 0, 0, 0
1759, /home/yrong/devel/llvm/benchmark/llvm-project/compiler-rt/lib/builtins/fixunstfdi.c, 0, 0, 0
1760, /home/yrong/devel/llvm/benchmark/llvm-project/compiler-rt/lib/builtins/fixunstfsi.c, 0, 0, 0
1761, /home/yrong/devel/llvm/benchmark/llvm-project/compiler-rt/lib/builtins/fixunstfti.c, 0, 0, 0
1762, /home/yrong/devel/llvm/benchmark/llvm-project/compiler-rt/lib/builtins/fixunsxfdi.c, 0, 0, 0
1763, /home/yrong/devel/llvm/benchmark/llvm-project/compiler-rt/lib/builtins/fixunsxfsi.c, 0, 0, 0
1764, /home/yrong/devel/llvm/benchmark/llvm-project/compiler-rt/lib/builtins/fixunsxfti.c, 0, 0, 0
1765, /home/yrong/devel/llvm/benchmark/llvm-project/compiler-rt/lib/builtins/fixxfdi.c, 0, 0, 0
1766, /home/yrong/devel/llvm/benchmark/llvm-project/compiler-rt/lib/builtins/fixxfti.c, 0, 0, 0
1767, /home/yrong/devel/llvm/benchmark/llvm-project/compiler-rt/lib/builtins/floatditf.c, 0, 0, 0
1768, /home/yrong/devel/llvm/benchmark/llvm-project/compiler-rt/lib/builtins/floatsidf.c, 0, 0, 0
1769, /home/yrong/devel/llvm/benchmark/llvm-project/compiler-rt/lib/builtins/floatsisf.c, 0, 0, 0
1770, /home/yrong/devel/llvm/benchmark/llvm-project/compiler-rt/lib/builtins/floatsitf.c, 0, 0, 0
1771, /home/yrong/devel/llvm/benchmark/llvm-project/compiler-rt/lib/builtins/floattidf.c, 0, 0, 0
1772, /home/yrong/devel/llvm/benchmark/llvm-project/compiler-rt/lib/builtins/floattisf.c, 0, 0, 0
1773, /home/yrong/devel/llvm/benchmark/llvm-project/compiler-rt/lib/builtins/floattitf.c, 0, 0, 0
1774, /home/yrong/devel/llvm/benchmark/llvm-project/compiler-rt/lib/builtins/floattixf.c, 0, 0, 0
1775, /home/yrong/devel/llvm/benchmark/llvm-project/compiler-rt/lib/builtins/floatunditf.c, 0, 0, 0
1776, /home/yrong/devel/llvm/benchmark/llvm-project/compiler-rt/lib/builtins/floatunsidf.c, 0, 0, 0
1777, /home/yrong/devel/llvm/benchmark/llvm-project/compiler-rt/lib/builtins/floatunsisf.c, 0, 0, 0
1778, /home/yrong/devel/llvm/benchmark/llvm-project/compiler-rt/lib/builtins/floatunsitf.c, 0, 0, 0
1779, /home/yrong/devel/llvm/benchmark/llvm-project/compiler-rt/lib/builtins/floatuntidf.c, 0, 0, 0
1780, /home/yrong/devel/llvm/benchmark/llvm-project/compiler-rt/lib/builtins/floatuntisf.c, 0, 0, 0
1781, /home/yrong/devel/llvm/benchmark/llvm-project/compiler-rt/lib/builtins/floatuntitf.c, 0, 0, 0
1782, /home/yrong/devel/llvm/benchmark/llvm-project/compiler-rt/lib/builtins/floatuntixf.c, 0, 0, 0
1783, /home/yrong/devel/llvm/benchmark/llvm-project/compiler-rt/lib/builtins/gcc_personality_v0.c, 0, 0, 0
1784, /home/yrong/devel/llvm/benchmark/llvm-project/compiler-rt/lib/builtins/i386/fp_mode.c, 0, 0, 0
1785, /home/yrong/devel/llvm/benchmark/llvm-project/compiler-rt/lib/builtins/int_util.c, 0, 0, 0
1786, /home/yrong/devel/llvm/benchmark/llvm-project/compiler-rt/lib/builtins/lshrdi3.c, 0, 0, 0
1787, /home/yrong/devel/llvm/benchmark/llvm-project/compiler-rt/lib/builtins/lshrti3.c, 0, 0, 0
1788, /home/yrong/devel/llvm/benchmark/llvm-project/compiler-rt/lib/builtins/moddi3.c, 0, 0, 0
1789, /home/yrong/devel/llvm/benchmark/llvm-project/compiler-rt/lib/builtins/modsi3.c, 0, 0, 0
1790, /home/yrong/devel/llvm/benchmark/llvm-project/compiler-rt/lib/builtins/modti3.c, 0, 0, 0
1791, /home/yrong/devel/llvm/benchmark/llvm-project/compiler-rt/lib/builtins/muldc3.c, 0, 0, 0
1792, /home/yrong/devel/llvm/benchmark/llvm-project/compiler-rt/lib/builtins/muldf3.c, 0, 0, 0
1793, /home/yrong/devel/llvm/benchmark/llvm-project/compiler-rt/lib/builtins/muldi3.c, 0, 0, 0
1794, /home/yrong/devel/llvm/benchmark/llvm-project/compiler-rt/lib/builtins/mulodi4.c, 0, 0, 0
1795, /home/yrong/devel/llvm/benchmark/llvm-project/compiler-rt/lib/builtins/mulosi4.c, 0, 0, 0
1796, /home/yrong/devel/llvm/benchmark/llvm-project/compiler-rt/lib/builtins/muloti4.c, 0, 0, 0
1797, /home/yrong/devel/llvm/benchmark/llvm-project/compiler-rt/lib/builtins/mulsc3.c, 0, 0, 0
1798, /home/yrong/devel/llvm/benchmark/llvm-project/compiler-rt/lib/builtins/mulsf3.c, 0, 0, 0
1799, /home/yrong/devel/llvm/benchmark/llvm-project/compiler-rt/lib/builtins/multc3.c, 0, 0, 0
1800, /home/yrong/devel/llvm/benchmark/llvm-project/compiler-rt/lib/builtins/multf3.c, 0, 0, 0
1801, /home/yrong/devel/llvm/benchmark/llvm-project/compiler-rt/lib/builtins/multi3.c, 0, 0, 0
1802, /home/yrong/devel/llvm/benchmark/llvm-project/compiler-rt/lib/builtins/mulvdi3.c, 0, 0, 0
1803, /home/yrong/devel/llvm/benchmark/llvm-project/compiler-rt/lib/builtins/mulvsi3.c, 0, 0, 0
1804, /home/yrong/devel/llvm/benchmark/llvm-project/compiler-rt/lib/builtins/mulvti3.c, 0, 0, 0
1805, /home/yrong/devel/llvm/benchmark/llvm-project/compiler-rt/lib/builtins/mulxc3.c, 0, 0, 0
1806, /home/yrong/devel/llvm/benchmark/llvm-project/compiler-rt/lib/builtins/negdf2.c, 0, 0, 0
1807, /home/yrong/devel/llvm/benchmark/llvm-project/compiler-rt/lib/builtins/negdi2.c, 0, 0, 0
1808, /home/yrong/devel/llvm/benchmark/llvm-project/compiler-rt/lib/builtins/negsf2.c, 0, 0, 0
1809, /home/yrong/devel/llvm/benchmark/llvm-project/compiler-rt/lib/builtins/negti2.c, 0, 0, 0
1810, /home/yrong/devel/llvm/benchmark/llvm-project/compiler-rt/lib/builtins/negvdi2.c, 0, 0, 0
1811, /home/yrong/devel/llvm/benchmark/llvm-project/compiler-rt/lib/builtins/negvsi2.c, 0, 0, 0
1812, /home/yrong/devel/llvm/benchmark/llvm-project/compiler-rt/lib/builtins/negvti2.c, 0, 0, 0
1813, /home/yrong/devel/llvm/benchmark/llvm-project/compiler-rt/lib/builtins/os_version_check.c, 0, 0, 0
1814, /home/yrong/devel/llvm/benchmark/llvm-project/compiler-rt/lib/builtins/paritydi2.c, 0, 0, 0
1815, /home/yrong/devel/llvm/benchmark/llvm-project/compiler-rt/lib/builtins/paritysi2.c, 0, 0, 0
1816, /home/yrong/devel/llvm/benchmark/llvm-project/compiler-rt/lib/builtins/parityti2.c, 0, 0, 0
1817, /home/yrong/devel/llvm/benchmark/llvm-project/compiler-rt/lib/builtins/popcountdi2.c, 0, 0, 0
1818, /home/yrong/devel/llvm/benchmark/llvm-project/compiler-rt/lib/builtins/popcountsi2.c, 0, 0, 0
1819, /home/yrong/devel/llvm/benchmark/llvm-project/compiler-rt/lib/builtins/popcountti2.c, 0, 0, 0
1820, /home/yrong/devel/llvm/benchmark/llvm-project/compiler-rt/lib/builtins/powidf2.c, 0, 0, 0
1821, /home/yrong/devel/llvm/benchmark/llvm-project/compiler-rt/lib/builtins/powisf2.c, 0, 0, 0
1822, /home/yrong/devel/llvm/benchmark/llvm-project/compiler-rt/lib/builtins/powitf2.c, 0, 0, 0
1823, /home/yrong/devel/llvm/benchmark/llvm-project/compiler-rt/lib/builtins/powixf2.c, 0, 0, 0
1824, /home/yrong/devel/llvm/benchmark/llvm-project/compiler-rt/lib/builtins/subdf3.c, 0, 0, 0
1825, /home/yrong/devel/llvm/benchmark/llvm-project/compiler-rt/lib/builtins/subsf3.c, 0, 0, 0
1826, /home/yrong/devel/llvm/benchmark/llvm-project/compiler-rt/lib/builtins/subtf3.c, 0, 0, 0
1827, /home/yrong/devel/llvm/benchmark/llvm-project/compiler-rt/lib/builtins/subvdi3.c, 0, 0, 0
1828, /home/yrong/devel/llvm/benchmark/llvm-project/compiler-rt/lib/builtins/subvsi3.c, 0, 0, 0
1829, /home/yrong/devel/llvm/benchmark/llvm-project/compiler-rt/lib/builtins/subvti3.c, 0, 0, 0
1830, /home/yrong/devel/llvm/benchmark/llvm-project/compiler-rt/lib/builtins/trampoline_setup.c, 0, 0, 0
1831, /home/yrong/devel/llvm/benchmark/llvm-project/compiler-rt/lib/builtins/truncdfhf2.c, 0, 0, 0
1832, /home/yrong/devel/llvm/benchmark/llvm-project/compiler-rt/lib/builtins/truncdfsf2.c, 0, 0, 0
1833, /home/yrong/devel/llvm/benchmark/llvm-project/compiler-rt/lib/builtins/truncsfhf2.c, 0, 0, 0
1834, /home/yrong/devel/llvm/benchmark/llvm-project/compiler-rt/lib/builtins/trunctfdf2.c, 0, 0, 0
1835, /home/yrong/devel/llvm/benchmark/llvm-project/compiler-rt/lib/builtins/trunctfhf2.c, 0, 0, 0
1836, /home/yrong/devel/llvm/benchmark/llvm-project/compiler-rt/lib/builtins/trunctfsf2.c, 0, 0, 0
1837, /home/yrong/devel/llvm/benchmark/llvm-project/compiler-rt/lib/builtins/ucmpdi2.c, 0, 0, 0
1838, /home/yrong/devel/llvm/benchmark/llvm-project/compiler-rt/lib/builtins/ucmpti2.c, 0, 0, 0
1839, /home/yrong/devel/llvm/benchmark/llvm-project/compiler-rt/lib/builtins/udivdi3.c, 0, 0, 0
1840, /home/yrong/devel/llvm/benchmark/llvm-project/compiler-rt/lib/builtins/udivmoddi4.c, 0, 0, 0
1841, /home/yrong/devel/llvm/benchmark/llvm-project/compiler-rt/lib/builtins/udivmodsi4.c, 0, 0, 0
1842, /home/yrong/devel/llvm/benchmark/llvm-project/compiler-rt/lib/builtins/udivmodti4.c, 0, 0, 0
1843, /home/yrong/devel/llvm/benchmark/llvm-project/compiler-rt/lib/builtins/udivsi3.c, 0, 0, 0
1844, /home/yrong/devel/llvm/benchmark/llvm-project/compiler-rt/lib/builtins/udivti3.c, 0, 0, 0
1845, /home/yrong/devel/llvm/benchmark/llvm-project/compiler-rt/lib/builtins/umoddi3.c, 0, 0, 0
1846, /home/yrong/devel/llvm/benchmark/llvm-project/compiler-rt/lib/builtins/umodsi3.c, 0, 0, 0
1847, /home/yrong/devel/llvm/benchmark/llvm-project/compiler-rt/lib/builtins/umodti3.c, 0, 0, 0
1848, /home/yrong/devel/llvm/benchmark/llvm-project/compiler-rt/lib/builtins/x86_64/floatdidf.c, 0, 0, 0
1849, /home/yrong/devel/llvm/benchmark/llvm-project/compiler-rt/lib/builtins/x86_64/floatdisf.c, 0, 0, 0
1850, /home/yrong/devel/llvm/benchmark/llvm-project/compiler-rt/lib/builtins/x86_64/floatdixf.c, 0, 0, 0
1851, /home/yrong/devel/llvm/benchmark/llvm-project/compiler-rt/lib/cfi/cfi.cpp, 99, 0, 99
1852, /home/yrong/devel/llvm/benchmark/llvm-project/compiler-rt/lib/dfsan/dfsan.cpp, 104, 4, 100
1853, /home/yrong/devel/llvm/benchmark/llvm-project/compiler-rt/lib/dfsan/dfsan_allocator.cpp, 318, 6, 312
1854, /home/yrong/devel/llvm/benchmark/llvm-project/compiler-rt/lib/dfsan/dfsan_chained_origin_depot.cpp, 84, 0, 84
1855, /home/yrong/devel/llvm/benchmark/llvm-project/compiler-rt/lib/dfsan/dfsan_custom.cpp, 120, 1, 119
1856, /home/yrong/devel/llvm/benchmark/llvm-project/compiler-rt/lib/dfsan/dfsan_interceptors.cpp, 316, 0, 316
1857, /home/yrong/devel/llvm/benchmark/llvm-project/compiler-rt/lib/dfsan/dfsan_new_delete.cpp, 288, 1, 287
1858, /home/yrong/devel/llvm/benchmark/llvm-project/compiler-rt/lib/dfsan/dfsan_thread.cpp, 92, 3, 89
1859, /home/yrong/devel/llvm/benchmark/llvm-project/compiler-rt/lib/fuzzer/FuzzerCrossOver.cpp, 3455, 258, 3197
1860, /home/yrong/devel/llvm/benchmark/llvm-project/compiler-rt/lib/fuzzer/FuzzerDataFlowTrace.cpp, 4621, 496, 4125
1861, /home/yrong/devel/llvm/benchmark/llvm-project/compiler-rt/lib/fuzzer/FuzzerDriver.cpp, 4704, 719, 3985
1862, /home/yrong/devel/llvm/benchmark/llvm-project/compiler-rt/lib/fuzzer/FuzzerExtFunctionsDlsym.cpp, 0, 0, 0
1863, /home/yrong/devel/llvm/benchmark/llvm-project/compiler-rt/lib/fuzzer/FuzzerExtFunctionsWeak.cpp, 1370, 66, 1304
1864, /home/yrong/devel/llvm/benchmark/llvm-project/compiler-rt/lib/fuzzer/FuzzerExtFunctionsWindows.cpp, 0, 0, 0
1865, /home/yrong/devel/llvm/benchmark/llvm-project/compiler-rt/lib/fuzzer/FuzzerExtraCounters.cpp, 1, 0, 1
1866, /home/yrong/devel/llvm/benchmark/llvm-project/compiler-rt/lib/fuzzer/FuzzerExtraCountersDarwin.cpp, 0, 0, 0
1867, /home/yrong/devel/llvm/benchmark/llvm-project/compiler-rt/lib/fuzzer/FuzzerExtraCountersWindows.cpp, 0, 0, 0
1868, /home/yrong/devel/llvm/benchmark/llvm-project/compiler-rt/lib/fuzzer/FuzzerFork.cpp, 4846, 621, 4225
1869, /home/yrong/devel/llvm/benchmark/llvm-project/compiler-rt/lib/fuzzer/FuzzerIO.cpp, 2783, 267, 2516
1870, /home/yrong/devel/llvm/benchmark/llvm-project/compiler-rt/lib/fuzzer/FuzzerIOPosix.cpp, 2070, 117, 1953
1871, /home/yrong/devel/llvm/benchmark/llvm-project/compiler-rt/lib/fuzzer/FuzzerIOWindows.cpp, 0, 0, 0
1872, /home/yrong/devel/llvm/benchmark/llvm-project/compiler-rt/lib/fuzzer/FuzzerInterceptors.cpp, 7, 0, 7
1873, /home/yrong/devel/llvm/benchmark/llvm-project/compiler-rt/lib/fuzzer/FuzzerLoop.cpp, 4471, 655, 3816
1874, /home/yrong/devel/llvm/benchmark/llvm-project/compiler-rt/lib/fuzzer/FuzzerMain.cpp, 1370, 66, 1304
1875, /home/yrong/devel/llvm/benchmark/llvm-project/compiler-rt/lib/fuzzer/FuzzerMerge.cpp, 3585, 562, 3023
1876, /home/yrong/devel/llvm/benchmark/llvm-project/compiler-rt/lib/fuzzer/FuzzerMutate.cpp, 4048, 387, 3661
1877, /home/yrong/devel/llvm/benchmark/llvm-project/compiler-rt/lib/fuzzer/FuzzerSHA1.cpp, 2261, 104, 2157
1878, /home/yrong/devel/llvm/benchmark/llvm-project/compiler-rt/lib/fuzzer/FuzzerTracePC.cpp, 4333, 593, 3740
1879, /home/yrong/devel/llvm/benchmark/llvm-project/compiler-rt/lib/fuzzer/FuzzerUtil.cpp, 3085, 330, 2755
1880, /home/yrong/devel/llvm/benchmark/llvm-project/compiler-rt/lib/fuzzer/FuzzerUtilDarwin.cpp, 0, 0, 0
1881, /home/yrong/devel/llvm/benchmark/llvm-project/compiler-rt/lib/fuzzer/FuzzerUtilFuchsia.cpp, 0, 0, 0
1882, /home/yrong/devel/llvm/benchmark/llvm-project/compiler-rt/lib/fuzzer/FuzzerUtilLinux.cpp, 2976, 287, 2689
1883, /home/yrong/devel/llvm/benchmark/llvm-project/compiler-rt/lib/fuzzer/FuzzerUtilPosix.cpp, 3332, 310, 3022
1884, /home/yrong/devel/llvm/benchmark/llvm-project/compiler-rt/lib/fuzzer/FuzzerUtilWindows.cpp, 0, 0, 0
1885, /home/yrong/devel/llvm/benchmark/llvm-project/compiler-rt/lib/gwp_asan/common.cpp, 1, 0, 1
1886, /home/yrong/devel/llvm/benchmark/llvm-project/compiler-rt/lib/gwp_asan/crash_handler.cpp, 3, 0, 3
1887, /home/yrong/devel/llvm/benchmark/llvm-project/compiler-rt/lib/gwp_asan/guarded_pool_allocator.cpp, 20, 2, 18
1888, /home/yrong/devel/llvm/benchmark/llvm-project/compiler-rt/lib/gwp_asan/optional/backtrace_linux_libc.cpp, 0, 0, 0
1889, /home/yrong/devel/llvm/benchmark/llvm-project/compiler-rt/lib/gwp_asan/optional/backtrace_sanitizer_common.cpp, 87, 1, 86
1890, /home/yrong/devel/llvm/benchmark/llvm-project/compiler-rt/lib/gwp_asan/optional/options_parser.cpp, 1, 0, 1
1891, /home/yrong/devel/llvm/benchmark/llvm-project/compiler-rt/lib/gwp_asan/optional/segv_handler_posix.cpp, 20, 0, 20
1892, /home/yrong/devel/llvm/benchmark/llvm-project/compiler-rt/lib/gwp_asan/platform_specific/common_posix.cpp, 0, 0, 0
1893, /home/yrong/devel/llvm/benchmark/llvm-project/compiler-rt/lib/gwp_asan/platform_specific/guarded_pool_allocator_posix.cpp, 9, 0, 9
1894, /home/yrong/devel/llvm/benchmark/llvm-project/compiler-rt/lib/gwp_asan/platform_specific/mutex_posix.cpp, 2, 0, 2
1895, /home/yrong/devel/llvm/benchmark/llvm-project/compiler-rt/lib/gwp_asan/platform_specific/utilities_posix.cpp, 1, 0, 1
1896, /home/yrong/devel/llvm/benchmark/llvm-project/compiler-rt/lib/gwp_asan/stack_trace_compressor.cpp, 2, 0, 2
1897, /home/yrong/devel/llvm/benchmark/llvm-project/compiler-rt/lib/hwasan/hwasan.cpp, 443, 5, 438
1898, /home/yrong/devel/llvm/benchmark/llvm-project/compiler-rt/lib/hwasan/hwasan_allocation_functions.cpp, 295, 1, 294
1899, /home/yrong/devel/llvm/benchmark/llvm-project/compiler-rt/lib/hwasan/hwasan_allocator.cpp, 459, 6, 453
1900, /home/yrong/devel/llvm/benchmark/llvm-project/compiler-rt/lib/hwasan/hwasan_dynamic_shadow.cpp, 420, 1, 419
1901, /home/yrong/devel/llvm/benchmark/llvm-project/compiler-rt/lib/hwasan/hwasan_exceptions.cpp, 86, 1, 85
1902, /home/yrong/devel/llvm/benchmark/llvm-project/compiler-rt/lib/hwasan/hwasan_fuchsia.cpp, 0, 0, 0
1903, /home/yrong/devel/llvm/benchmark/llvm-project/compiler-rt/lib/hwasan/hwasan_globals.cpp, 85, 0, 85
1904, /home/yrong/devel/llvm/benchmark/llvm-project/compiler-rt/lib/hwasan/hwasan_interceptors.cpp, 622, 8, 614
1905, /home/yrong/devel/llvm/benchmark/llvm-project/compiler-rt/lib/hwasan/hwasan_linux.cpp, 428, 1, 427
1906, /home/yrong/devel/llvm/benchmark/llvm-project/compiler-rt/lib/hwasan/hwasan_memintrinsics.cpp, 414, 1, 413
1907, /home/yrong/devel/llvm/benchmark/llvm-project/compiler-rt/lib/hwasan/hwasan_new_delete.cpp, 288, 1, 287
1908, /home/yrong/devel/llvm/benchmark/llvm-project/compiler-rt/lib/hwasan/hwasan_poisoning.cpp, 85, 1, 84
1909, /home/yrong/devel/llvm/benchmark/llvm-project/compiler-rt/lib/hwasan/hwasan_preinit.cpp, 0, 0, 0
1910, /home/yrong/devel/llvm/benchmark/llvm-project/compiler-rt/lib/hwasan/hwasan_report.cpp, 448, 9, 439
1911, /home/yrong/devel/llvm/benchmark/llvm-project/compiler-rt/lib/hwasan/hwasan_thread.cpp, 424, 1, 423
1912, /home/yrong/devel/llvm/benchmark/llvm-project/compiler-rt/lib/hwasan/hwasan_thread_list.cpp, 420, 1, 419
1913, /home/yrong/devel/llvm/benchmark/llvm-project/compiler-rt/lib/hwasan/hwasan_type_test.cpp, 85, 1, 84
1914, /home/yrong/devel/llvm/benchmark/llvm-project/compiler-rt/lib/interception/interception_linux.cpp, 0, 0, 0
1915, /home/yrong/devel/llvm/benchmark/llvm-project/compiler-rt/lib/interception/interception_mac.cpp, 0, 0, 0
1916, /home/yrong/devel/llvm/benchmark/llvm-project/compiler-rt/lib/interception/interception_type_test.cpp, 0, 0, 0
1917, /home/yrong/devel/llvm/benchmark/llvm-project/compiler-rt/lib/interception/interception_win.cpp, 0, 0, 0
1918, /home/yrong/devel/llvm/benchmark/llvm-project/compiler-rt/lib/lsan/lsan.cpp, 398, 1, 397
1919, /home/yrong/devel/llvm/benchmark/llvm-project/compiler-rt/lib/lsan/lsan_allocator.cpp, 434, 6, 428
1920, /home/yrong/devel/llvm/benchmark/llvm-project/compiler-rt/lib/lsan/lsan_common.cpp, 459, 14, 445
1921, /home/yrong/devel/llvm/benchmark/llvm-project/compiler-rt/lib/lsan/lsan_common_fuchsia.cpp, 397, 1, 396
1922, /home/yrong/devel/llvm/benchmark/llvm-project/compiler-rt/lib/lsan/lsan_common_linux.cpp, 403, 2, 401
1923, /home/yrong/devel/llvm/benchmark/llvm-project/compiler-rt/lib/lsan/lsan_common_mac.cpp, 397, 1, 396
1924, /home/yrong/devel/llvm/benchmark/llvm-project/compiler-rt/lib/lsan/lsan_fuchsia.cpp, 0, 0, 0
1925, /home/yrong/devel/llvm/benchmark/llvm-project/compiler-rt/lib/lsan/lsan_interceptors.cpp, 437, 8, 429
1926, /home/yrong/devel/llvm/benchmark/llvm-project/compiler-rt/lib/lsan/lsan_linux.cpp, 397, 1, 396
1927, /home/yrong/devel/llvm/benchmark/llvm-project/compiler-rt/lib/lsan/lsan_mac.cpp, 0, 0, 0
1928, /home/yrong/devel/llvm/benchmark/llvm-project/compiler-rt/lib/lsan/lsan_malloc_mac.cpp, 0, 0, 0
1929, /home/yrong/devel/llvm/benchmark/llvm-project/compiler-rt/lib/lsan/lsan_posix.cpp, 399, 1, 398
1930, /home/yrong/devel/llvm/benchmark/llvm-project/compiler-rt/lib/lsan/lsan_preinit.cpp, 170, 1, 169
1931, /home/yrong/devel/llvm/benchmark/llvm-project/compiler-rt/lib/lsan/lsan_thread.cpp, 402, 2, 400
1932, /home/yrong/devel/llvm/benchmark/llvm-project/compiler-rt/lib/memprof/memprof_allocator.cpp, 496, 7, 489
1933, /home/yrong/devel/llvm/benchmark/llvm-project/compiler-rt/lib/memprof/memprof_descriptions.cpp, 379, 4, 375
1934, /home/yrong/devel/llvm/benchmark/llvm-project/compiler-rt/lib/memprof/memprof_flags.cpp, 375, 1, 374
1935, /home/yrong/devel/llvm/benchmark/llvm-project/compiler-rt/lib/memprof/memprof_interceptors.cpp, 624, 1, 623
1936, /home/yrong/devel/llvm/benchmark/llvm-project/compiler-rt/lib/memprof/memprof_interceptors_memintrinsics.cpp, 375, 1, 374
1937, /home/yrong/devel/llvm/benchmark/llvm-project/compiler-rt/lib/memprof/memprof_linux.cpp, 375, 1, 374
1938, /home/yrong/devel/llvm/benchmark/llvm-project/compiler-rt/lib/memprof/memprof_malloc_linux.cpp, 382, 1, 381
1939, /home/yrong/devel/llvm/benchmark/llvm-project/compiler-rt/lib/memprof/memprof_mibmap.cpp, 357, 0, 357
1940, /home/yrong/devel/llvm/benchmark/llvm-project/compiler-rt/lib/memprof/memprof_new_delete.cpp, 375, 1, 374
1941, /home/yrong/devel/llvm/benchmark/llvm-project/compiler-rt/lib/memprof/memprof_posix.cpp, 377, 1, 376
1942, /home/yrong/devel/llvm/benchmark/llvm-project/compiler-rt/lib/memprof/memprof_preinit.cpp, 86, 1, 85
1943, /home/yrong/devel/llvm/benchmark/llvm-project/compiler-rt/lib/memprof/memprof_rawprofile.cpp, 407, 4, 403
1944, /home/yrong/devel/llvm/benchmark/llvm-project/compiler-rt/lib/memprof/memprof_rtl.cpp, 402, 1, 401
1945, /home/yrong/devel/llvm/benchmark/llvm-project/compiler-rt/lib/memprof/memprof_shadow_setup.cpp, 87, 1, 86
1946, /home/yrong/devel/llvm/benchmark/llvm-project/compiler-rt/lib/memprof/memprof_stack.cpp, 375, 1, 374
1947, /home/yrong/devel/llvm/benchmark/llvm-project/compiler-rt/lib/memprof/memprof_stats.cpp, 379, 1, 378
1948, /home/yrong/devel/llvm/benchmark/llvm-project/compiler-rt/lib/memprof/memprof_thread.cpp, 381, 3, 378
1949, /home/yrong/devel/llvm/benchmark/llvm-project/compiler-rt/lib/memprof/tests/driver.cpp, 3514, 368, 3146
1950, /home/yrong/devel/llvm/benchmark/llvm-project/compiler-rt/lib/memprof/tests/rawprofile.cpp, 4669, 678, 3991
1951, /home/yrong/devel/llvm/benchmark/llvm-project/compiler-rt/lib/msan/msan.cpp, 338, 4, 334
1952, /home/yrong/devel/llvm/benchmark/llvm-project/compiler-rt/lib/msan/msan_allocator.cpp, 319, 7, 312
1953, /home/yrong/devel/llvm/benchmark/llvm-project/compiler-rt/lib/msan/msan_chained_origin_depot.cpp, 84, 0, 84
1954, /home/yrong/devel/llvm/benchmark/llvm-project/compiler-rt/lib/msan/msan_dl.cpp, 85, 1, 84
1955, /home/yrong/devel/llvm/benchmark/llvm-project/compiler-rt/lib/msan/msan_interceptors.cpp, 607, 2, 605
1956, /home/yrong/devel/llvm/benchmark/llvm-project/compiler-rt/lib/msan/msan_linux.cpp, 91, 1, 90
1957, /home/yrong/devel/llvm/benchmark/llvm-project/compiler-rt/lib/msan/msan_new_delete.cpp, 288, 1, 287
1958, /home/yrong/devel/llvm/benchmark/llvm-project/compiler-rt/lib/msan/msan_poisoning.cpp, 97, 2, 95
1959, /home/yrong/devel/llvm/benchmark/llvm-project/compiler-rt/lib/msan/msan_report.cpp, 315, 4, 311
1960, /home/yrong/devel/llvm/benchmark/llvm-project/compiler-rt/lib/msan/msan_thread.cpp, 91, 4, 87
1961, /home/yrong/devel/llvm/benchmark/llvm-project/compiler-rt/lib/orc/debug.cpp, 26, 0, 26
1962, /home/yrong/devel/llvm/benchmark/llvm-project/compiler-rt/lib/orc/dlfcn_wrapper.cpp, 2096, 229, 1867
1963, /home/yrong/devel/llvm/benchmark/llvm-project/compiler-rt/lib/orc/elfnix_platform.cpp, 3383, 526, 2857
1964, /home/yrong/devel/llvm/benchmark/llvm-project/compiler-rt/lib/orc/extensible_rtti.cpp, 0, 0, 0
1965, /home/yrong/devel/llvm/benchmark/llvm-project/compiler-rt/lib/orc/log_error_to_stderr.cpp, 1, 0, 1
1966, /home/yrong/devel/llvm/benchmark/llvm-project/compiler-rt/lib/orc/run_program_wrapper.cpp, 2150, 276, 1874
1967, /home/yrong/devel/llvm/benchmark/llvm-project/compiler-rt/lib/profile/GCDAProfiling.c, 0, 0, 0
1968, /home/yrong/devel/llvm/benchmark/llvm-project/compiler-rt/lib/profile/InstrProfiling.c, 0, 0, 0
1969, /home/yrong/devel/llvm/benchmark/llvm-project/compiler-rt/lib/profile/InstrProfilingBuffer.c, 0, 0, 0
1970, /home/yrong/devel/llvm/benchmark/llvm-project/compiler-rt/lib/profile/InstrProfilingFile.c, 0, 0, 0
1971, /home/yrong/devel/llvm/benchmark/llvm-project/compiler-rt/lib/profile/InstrProfilingInternal.c, 0, 0, 0
1972, /home/yrong/devel/llvm/benchmark/llvm-project/compiler-rt/lib/profile/InstrProfilingMerge.c, 0, 0, 0
1973, /home/yrong/devel/llvm/benchmark/llvm-project/compiler-rt/lib/profile/InstrProfilingMergeFile.c, 0, 0, 0
1974, /home/yrong/devel/llvm/benchmark/llvm-project/compiler-rt/lib/profile/InstrProfilingNameVar.c, 0, 0, 0
1975, /home/yrong/devel/llvm/benchmark/llvm-project/compiler-rt/lib/profile/InstrProfilingPlatformAIX.c, 0, 0, 0
1976, /home/yrong/devel/llvm/benchmark/llvm-project/compiler-rt/lib/profile/InstrProfilingPlatformDarwin.c, 0, 0, 0
1977, /home/yrong/devel/llvm/benchmark/llvm-project/compiler-rt/lib/profile/InstrProfilingPlatformFuchsia.c, 0, 0, 0
1978, /home/yrong/devel/llvm/benchmark/llvm-project/compiler-rt/lib/profile/InstrProfilingPlatformLinux.c, 0, 0, 0
1979, /home/yrong/devel/llvm/benchmark/llvm-project/compiler-rt/lib/profile/InstrProfilingPlatformOther.c, 0, 0, 0
1980, /home/yrong/devel/llvm/benchmark/llvm-project/compiler-rt/lib/profile/InstrProfilingPlatformWindows.c, 0, 0, 0
1981, /home/yrong/devel/llvm/benchmark/llvm-project/compiler-rt/lib/profile/InstrProfilingRuntime.cpp, 0, 0, 0
1982, /home/yrong/devel/llvm/benchmark/llvm-project/compiler-rt/lib/profile/InstrProfilingUtil.c, 0, 0, 0
1983, /home/yrong/devel/llvm/benchmark/llvm-project/compiler-rt/lib/profile/InstrProfilingValue.c, 0, 0, 0
1984, /home/yrong/devel/llvm/benchmark/llvm-project/compiler-rt/lib/profile/InstrProfilingVersionVar.c, 0, 0, 0
1985, /home/yrong/devel/llvm/benchmark/llvm-project/compiler-rt/lib/profile/InstrProfilingWriter.c, 0, 0, 0
1986, /home/yrong/devel/llvm/benchmark/llvm-project/compiler-rt/lib/safestack/safestack.cpp, 26, 0, 26
1987, /home/yrong/devel/llvm/benchmark/llvm-project/compiler-rt/lib/sanitizer_common/sancov_flags.cpp, 85, 0, 85
1988, /home/yrong/devel/llvm/benchmark/llvm-project/compiler-rt/lib/sanitizer_common/sanitizer_allocator.cpp, 309, 3, 306
1989, /home/yrong/devel/llvm/benchmark/llvm-project/compiler-rt/lib/sanitizer_common/sanitizer_allocator_checks.cpp, 0, 0, 0
1990, /home/yrong/devel/llvm/benchmark/llvm-project/compiler-rt/lib/sanitizer_common/sanitizer_allocator_report.cpp, 288, 1, 287
1991, /home/yrong/devel/llvm/benchmark/llvm-project/compiler-rt/lib/sanitizer_common/sanitizer_chained_origin_depot.cpp, 110, 0, 110
1992, /home/yrong/devel/llvm/benchmark/llvm-project/compiler-rt/lib/sanitizer_common/sanitizer_common.cpp, 310, 0, 310
1993, /home/yrong/devel/llvm/benchmark/llvm-project/compiler-rt/lib/sanitizer_common/sanitizer_common_libcdep.cpp, 290, 1, 289
1994, /home/yrong/devel/llvm/benchmark/llvm-project/compiler-rt/lib/sanitizer_common/sanitizer_common_nolibc.cpp, 84, 0, 84
1995, /home/yrong/devel/llvm/benchmark/llvm-project/compiler-rt/lib/sanitizer_common/sanitizer_coverage_fuchsia.cpp, 0, 0, 0
1996, /home/yrong/devel/llvm/benchmark/llvm-project/compiler-rt/lib/sanitizer_common/sanitizer_coverage_libcdep_new.cpp, 305, 1, 304
1997, /home/yrong/devel/llvm/benchmark/llvm-project/compiler-rt/lib/sanitizer_common/sanitizer_coverage_win_sections.cpp, 0, 0, 0
1998, /home/yrong/devel/llvm/benchmark/llvm-project/compiler-rt/lib/sanitizer_common/sanitizer_deadlock_detector1.cpp, 437, 2, 435
1999, /home/yrong/devel/llvm/benchmark/llvm-project/compiler-rt/lib/sanitizer_common/sanitizer_deadlock_detector2.cpp, 287, 0, 287
2000, /home/yrong/devel/llvm/benchmark/llvm-project/compiler-rt/lib/sanitizer_common/sanitizer_errno.cpp, 0, 0, 0
2001, /home/yrong/devel/llvm/benchmark/llvm-project/compiler-rt/lib/sanitizer_common/sanitizer_file.cpp, 97, 0, 97
2002, /home/yrong/devel/llvm/benchmark/llvm-project/compiler-rt/lib/sanitizer_common/sanitizer_flag_parser.cpp, 86, 0, 86
2003, /home/yrong/devel/llvm/benchmark/llvm-project/compiler-rt/lib/sanitizer_common/sanitizer_flags.cpp, 86, 0, 86
2004, /home/yrong/devel/llvm/benchmark/llvm-project/compiler-rt/lib/sanitizer_common/sanitizer_fuchsia.cpp, 0, 0, 0
2005, /home/yrong/devel/llvm/benchmark/llvm-project/compiler-rt/lib/sanitizer_common/sanitizer_libc.cpp, 315, 0, 315
2006, /home/yrong/devel/llvm/benchmark/llvm-project/compiler-rt/lib/sanitizer_common/sanitizer_libignore.cpp, 88, 0, 88
2007, /home/yrong/devel/llvm/benchmark/llvm-project/compiler-rt/lib/sanitizer_common/sanitizer_linux.cpp, 116, 2, 114
2008, /home/yrong/devel/llvm/benchmark/llvm-project/compiler-rt/lib/sanitizer_common/sanitizer_linux_libcdep.cpp, 307, 1, 306
2009, /home/yrong/devel/llvm/benchmark/llvm-project/compiler-rt/lib/sanitizer_common/sanitizer_linux_s390.cpp, 0, 0, 0
2010, /home/yrong/devel/llvm/benchmark/llvm-project/compiler-rt/lib/sanitizer_common/sanitizer_mac.cpp, 0, 0, 0
2011, /home/yrong/devel/llvm/benchmark/llvm-project/compiler-rt/lib/sanitizer_common/sanitizer_mac_libcdep.cpp, 0, 0, 0
2012, /home/yrong/devel/llvm/benchmark/llvm-project/compiler-rt/lib/sanitizer_common/sanitizer_mutex.cpp, 87, 0, 87
2013, /home/yrong/devel/llvm/benchmark/llvm-project/compiler-rt/lib/sanitizer_common/sanitizer_netbsd.cpp, 0, 0, 0
2014, /home/yrong/devel/llvm/benchmark/llvm-project/compiler-rt/lib/sanitizer_common/sanitizer_platform_limits_freebsd.cpp, 0, 0, 0
2015, /home/yrong/devel/llvm/benchmark/llvm-project/compiler-rt/lib/sanitizer_common/sanitizer_platform_limits_linux.cpp, 0, 0, 0
2016, /home/yrong/devel/llvm/benchmark/llvm-project/compiler-rt/lib/sanitizer_common/sanitizer_platform_limits_netbsd.cpp, 0, 0, 0
2017, /home/yrong/devel/llvm/benchmark/llvm-project/compiler-rt/lib/sanitizer_common/sanitizer_platform_limits_posix.cpp, 84, 0, 84
2018, /home/yrong/devel/llvm/benchmark/llvm-project/compiler-rt/lib/sanitizer_common/sanitizer_platform_limits_solaris.cpp, 0, 0, 0
2019, /home/yrong/devel/llvm/benchmark/llvm-project/compiler-rt/lib/sanitizer_common/sanitizer_posix.cpp, 90, 0, 90
2020, /home/yrong/devel/llvm/benchmark/llvm-project/compiler-rt/lib/sanitizer_common/sanitizer_posix_libcdep.cpp, 109, 0, 109
2021, /home/yrong/devel/llvm/benchmark/llvm-project/compiler-rt/lib/sanitizer_common/sanitizer_printf.cpp, 95, 0, 95
2022, /home/yrong/devel/llvm/benchmark/llvm-project/compiler-rt/lib/sanitizer_common/sanitizer_procmaps_bsd.cpp, 0, 0, 0
2023, /home/yrong/devel/llvm/benchmark/llvm-project/compiler-rt/lib/sanitizer_common/sanitizer_procmaps_common.cpp, 89, 0, 89
2024, /home/yrong/devel/llvm/benchmark/llvm-project/compiler-rt/lib/sanitizer_common/sanitizer_procmaps_fuchsia.cpp, 0, 0, 0
2025, /home/yrong/devel/llvm/benchmark/llvm-project/compiler-rt/lib/sanitizer_common/sanitizer_procmaps_linux.cpp, 89, 0, 89
2026, /home/yrong/devel/llvm/benchmark/llvm-project/compiler-rt/lib/sanitizer_common/sanitizer_procmaps_mac.cpp, 0, 0, 0
2027, /home/yrong/devel/llvm/benchmark/llvm-project/compiler-rt/lib/sanitizer_common/sanitizer_procmaps_solaris.cpp, 0, 0, 0
2028, /home/yrong/devel/llvm/benchmark/llvm-project/compiler-rt/lib/sanitizer_common/sanitizer_range.cpp, 96, 5, 91
2029, /home/yrong/devel/llvm/benchmark/llvm-project/compiler-rt/lib/sanitizer_common/sanitizer_solaris.cpp, 0, 0, 0
2030, /home/yrong/devel/llvm/benchmark/llvm-project/compiler-rt/lib/sanitizer_common/sanitizer_stack_store.cpp, 252, 23, 229
2031, /home/yrong/devel/llvm/benchmark/llvm-project/compiler-rt/lib/sanitizer_common/sanitizer_stackdepot.cpp, 117, 4, 113
2032, /home/yrong/devel/llvm/benchmark/llvm-project/compiler-rt/lib/sanitizer_common/sanitizer_stacktrace.cpp, 86, 1, 85
2033, /home/yrong/devel/llvm/benchmark/llvm-project/compiler-rt/lib/sanitizer_common/sanitizer_stacktrace_libcdep.cpp, 313, 1, 312
2034, /home/yrong/devel/llvm/benchmark/llvm-project/compiler-rt/lib/sanitizer_common/sanitizer_stacktrace_printer.cpp, 314, 0, 314
2035, /home/yrong/devel/llvm/benchmark/llvm-project/compiler-rt/lib/sanitizer_common/sanitizer_stacktrace_sparc.cpp, 0, 0, 0
2036, /home/yrong/devel/llvm/benchmark/llvm-project/compiler-rt/lib/sanitizer_common/sanitizer_stoptheworld_fuchsia.cpp, 0, 0, 0
2037, /home/yrong/devel/llvm/benchmark/llvm-project/compiler-rt/lib/sanitizer_common/sanitizer_stoptheworld_linux_libcdep.cpp, 106, 0, 106
2038, /home/yrong/devel/llvm/benchmark/llvm-project/compiler-rt/lib/sanitizer_common/sanitizer_stoptheworld_mac.cpp, 0, 0, 0
2039, /home/yrong/devel/llvm/benchmark/llvm-project/compiler-rt/lib/sanitizer_common/sanitizer_stoptheworld_netbsd_libcdep.cpp, 0, 0, 0
2040, /home/yrong/devel/llvm/benchmark/llvm-project/compiler-rt/lib/sanitizer_common/sanitizer_stoptheworld_win.cpp, 0, 0, 0
2041, /home/yrong/devel/llvm/benchmark/llvm-project/compiler-rt/lib/sanitizer_common/sanitizer_suppressions.cpp, 305, 1, 304
2042, /home/yrong/devel/llvm/benchmark/llvm-project/compiler-rt/lib/sanitizer_common/sanitizer_symbolizer.cpp, 314, 0, 314
2043, /home/yrong/devel/llvm/benchmark/llvm-project/compiler-rt/lib/sanitizer_common/sanitizer_symbolizer_libbacktrace.cpp, 308, 0, 308
2044, /home/yrong/devel/llvm/benchmark/llvm-project/compiler-rt/lib/sanitizer_common/sanitizer_symbolizer_libcdep.cpp, 319, 1, 318
2045, /home/yrong/devel/llvm/benchmark/llvm-project/compiler-rt/lib/sanitizer_common/sanitizer_symbolizer_mac.cpp, 0, 0, 0
2046, /home/yrong/devel/llvm/benchmark/llvm-project/compiler-rt/lib/sanitizer_common/sanitizer_symbolizer_markup.cpp, 0, 0, 0
2047, /home/yrong/devel/llvm/benchmark/llvm-project/compiler-rt/lib/sanitizer_common/sanitizer_symbolizer_posix_libcdep.cpp, 324, 1, 323
2048, /home/yrong/devel/llvm/benchmark/llvm-project/compiler-rt/lib/sanitizer_common/sanitizer_symbolizer_report.cpp, 312, 1, 311
2049, /home/yrong/devel/llvm/benchmark/llvm-project/compiler-rt/lib/sanitizer_common/sanitizer_symbolizer_win.cpp, 0, 0, 0
2050, /home/yrong/devel/llvm/benchmark/llvm-project/compiler-rt/lib/sanitizer_common/sanitizer_termination.cpp, 88, 0, 88
2051, /home/yrong/devel/llvm/benchmark/llvm-project/compiler-rt/lib/sanitizer_common/sanitizer_thread_arg_retval.cpp, 179, 2, 177
2052, /home/yrong/devel/llvm/benchmark/llvm-project/compiler-rt/lib/sanitizer_common/sanitizer_thread_registry.cpp, 200, 6, 194
2053, /home/yrong/devel/llvm/benchmark/llvm-project/compiler-rt/lib/sanitizer_common/sanitizer_tls_get_addr.cpp, 86, 0, 86
2054, /home/yrong/devel/llvm/benchmark/llvm-project/compiler-rt/lib/sanitizer_common/sanitizer_type_traits.cpp, 0, 0, 0
2055, /home/yrong/devel/llvm/benchmark/llvm-project/compiler-rt/lib/sanitizer_common/sanitizer_unwind_linux_libcdep.cpp, 88, 1, 87
2056, /home/yrong/devel/llvm/benchmark/llvm-project/compiler-rt/lib/sanitizer_common/sanitizer_unwind_win.cpp, 0, 0, 0
2057, /home/yrong/devel/llvm/benchmark/llvm-project/compiler-rt/lib/sanitizer_common/sanitizer_win.cpp, 0, 0, 0
2058, /home/yrong/devel/llvm/benchmark/llvm-project/compiler-rt/lib/scudo/standalone/checksum.cpp, 21, 2, 19
2059, /home/yrong/devel/llvm/benchmark/llvm-project/compiler-rt/lib/scudo/standalone/common.cpp, 32, 2, 30
2060, /home/yrong/devel/llvm/benchmark/llvm-project/compiler-rt/lib/scudo/standalone/crc32_hw.cpp, 4, 3, 1
2061, /home/yrong/devel/llvm/benchmark/llvm-project/compiler-rt/lib/scudo/standalone/flags.cpp, 26, 2, 24
2062, /home/yrong/devel/llvm/benchmark/llvm-project/compiler-rt/lib/scudo/standalone/flags_parser.cpp, 26, 2, 24
2063, /home/yrong/devel/llvm/benchmark/llvm-project/compiler-rt/lib/scudo/standalone/fuchsia.cpp, 0, 0, 0
2064, /home/yrong/devel/llvm/benchmark/llvm-project/compiler-rt/lib/scudo/standalone/linux.cpp, 47, 2, 45
2065, /home/yrong/devel/llvm/benchmark/llvm-project/compiler-rt/lib/scudo/standalone/mem_map.cpp, 10, 0, 10
2066, /home/yrong/devel/llvm/benchmark/llvm-project/compiler-rt/lib/scudo/standalone/mem_map_fuchsia.cpp, 35, 2, 33
2067, /home/yrong/devel/llvm/benchmark/llvm-project/compiler-rt/lib/scudo/standalone/release.cpp, 94, 0, 94
2068, /home/yrong/devel/llvm/benchmark/llvm-project/compiler-rt/lib/scudo/standalone/report.cpp, 31, 2, 29
2069, /home/yrong/devel/llvm/benchmark/llvm-project/compiler-rt/lib/scudo/standalone/rss_limit_checker.cpp, 31, 2, 29
2070, /home/yrong/devel/llvm/benchmark/llvm-project/compiler-rt/lib/scudo/standalone/string_utils.cpp, 37, 2, 35
2071, /home/yrong/devel/llvm/benchmark/llvm-project/compiler-rt/lib/scudo/standalone/timing.cpp, 35, 4, 31
2072, /home/yrong/devel/llvm/benchmark/llvm-project/compiler-rt/lib/scudo/standalone/wrappers_c.cpp, 797, 13, 784
2073, /home/yrong/devel/llvm/benchmark/llvm-project/compiler-rt/lib/scudo/standalone/wrappers_cpp.cpp, 778, 10, 768
2074, /home/yrong/devel/llvm/benchmark/llvm-project/compiler-rt/lib/stats/stats.cpp, 315, 0, 315
2075, /home/yrong/devel/llvm/benchmark/llvm-project/compiler-rt/lib/stats/stats_client.cpp, 0, 0, 0
2076, /home/yrong/devel/llvm/benchmark/llvm-project/compiler-rt/lib/tsan/dd/dd_interceptors.cpp, 399, 0, 399
2077, /home/yrong/devel/llvm/benchmark/llvm-project/compiler-rt/lib/tsan/dd/dd_rtl.cpp, 358, 1, 357
2078, /home/yrong/devel/llvm/benchmark/llvm-project/compiler-rt/lib/tsan/rtl/tsan_debugging.cpp, 461, 4, 457
2079, /home/yrong/devel/llvm/benchmark/llvm-project/compiler-rt/lib/tsan/rtl/tsan_external.cpp, 460, 4, 456
2080, /home/yrong/devel/llvm/benchmark/llvm-project/compiler-rt/lib/tsan/rtl/tsan_fd.cpp, 464, 4, 460
2081, /home/yrong/devel/llvm/benchmark/llvm-project/compiler-rt/lib/tsan/rtl/tsan_flags.cpp, 459, 4, 455
2082, /home/yrong/devel/llvm/benchmark/llvm-project/compiler-rt/lib/tsan/rtl/tsan_ignoreset.cpp, 24, 3, 21
2083, /home/yrong/devel/llvm/benchmark/llvm-project/compiler-rt/lib/tsan/rtl/tsan_interceptors_memintrinsics.cpp, 463, 4, 459
2084, /home/yrong/devel/llvm/benchmark/llvm-project/compiler-rt/lib/tsan/rtl/tsan_interceptors_posix.cpp, 1309, 14, 1295
2085, /home/yrong/devel/llvm/benchmark/llvm-project/compiler-rt/lib/tsan/rtl/tsan_interface.cpp, 458, 4, 454
2086, /home/yrong/devel/llvm/benchmark/llvm-project/compiler-rt/lib/tsan/rtl/tsan_interface_ann.cpp, 461, 4, 457
2087, /home/yrong/devel/llvm/benchmark/llvm-project/compiler-rt/lib/tsan/rtl/tsan_interface_atomic.cpp, 484, 4, 480
2088, /home/yrong/devel/llvm/benchmark/llvm-project/compiler-rt/lib/tsan/rtl/tsan_interface_java.cpp, 460, 4, 456
2089, /home/yrong/devel/llvm/benchmark/llvm-project/compiler-rt/lib/tsan/rtl/tsan_malloc_mac.cpp, 0, 0, 0
2090, /home/yrong/devel/llvm/benchmark/llvm-project/compiler-rt/lib/tsan/rtl/tsan_md5.cpp, 33, 3, 30
2091, /home/yrong/devel/llvm/benchmark/llvm-project/compiler-rt/lib/tsan/rtl/tsan_mman.cpp, 505, 10, 495
2092, /home/yrong/devel/llvm/benchmark/llvm-project/compiler-rt/lib/tsan/rtl/tsan_mutexset.cpp, 465, 4, 461
2093, /home/yrong/devel/llvm/benchmark/llvm-project/compiler-rt/lib/tsan/rtl/tsan_new_delete.cpp, 458, 4, 454
2094, /home/yrong/devel/llvm/benchmark/llvm-project/compiler-rt/lib/tsan/rtl/tsan_platform_linux.cpp, 471, 4, 467
2095, /home/yrong/devel/llvm/benchmark/llvm-project/compiler-rt/lib/tsan/rtl/tsan_platform_posix.cpp, 458, 4, 454
2096, /home/yrong/devel/llvm/benchmark/llvm-project/compiler-rt/lib/tsan/rtl/tsan_preinit.cpp, 0, 0, 0
2097, /home/yrong/devel/llvm/benchmark/llvm-project/compiler-rt/lib/tsan/rtl/tsan_report.cpp, 468, 4, 464
2098, /home/yrong/devel/llvm/benchmark/llvm-project/compiler-rt/lib/tsan/rtl/tsan_rtl.cpp, 500, 6, 494
2099, /home/yrong/devel/llvm/benchmark/llvm-project/compiler-rt/lib/tsan/rtl/tsan_rtl_access.cpp, 468, 6, 462
2100, /home/yrong/devel/llvm/benchmark/llvm-project/compiler-rt/lib/tsan/rtl/tsan_rtl_mutex.cpp, 468, 4, 464
2101, /home/yrong/devel/llvm/benchmark/llvm-project/compiler-rt/lib/tsan/rtl/tsan_rtl_proc.cpp, 459, 4, 455
2102, /home/yrong/devel/llvm/benchmark/llvm-project/compiler-rt/lib/tsan/rtl/tsan_rtl_report.cpp, 524, 7, 517
2103, /home/yrong/devel/llvm/benchmark/llvm-project/compiler-rt/lib/tsan/rtl/tsan_rtl_thread.cpp, 473, 5, 468
2104, /home/yrong/devel/llvm/benchmark/llvm-project/compiler-rt/lib/tsan/rtl/tsan_stack_trace.cpp, 460, 4, 456
2105, /home/yrong/devel/llvm/benchmark/llvm-project/compiler-rt/lib/tsan/rtl/tsan_suppressions.cpp, 463, 4, 459
2106, /home/yrong/devel/llvm/benchmark/llvm-project/compiler-rt/lib/tsan/rtl/tsan_symbolize.cpp, 461, 4, 457
2107, /home/yrong/devel/llvm/benchmark/llvm-project/compiler-rt/lib/tsan/rtl/tsan_sync.cpp, 488, 5, 483
2108, /home/yrong/devel/llvm/benchmark/llvm-project/compiler-rt/lib/tsan/rtl/tsan_vector_clock.cpp, 31, 3, 28
2109, /home/yrong/devel/llvm/benchmark/llvm-project/compiler-rt/lib/ubsan/ubsan_diag.cpp, 321, 11, 310
2110, /home/yrong/devel/llvm/benchmark/llvm-project/compiler-rt/lib/ubsan/ubsan_diag_standalone.cpp, 309, 1, 308
2111, /home/yrong/devel/llvm/benchmark/llvm-project/compiler-rt/lib/ubsan/ubsan_flags.cpp, 85, 0, 85
2112, /home/yrong/devel/llvm/benchmark/llvm-project/compiler-rt/lib/ubsan/ubsan_handlers.cpp, 366, 48, 318
2113, /home/yrong/devel/llvm/benchmark/llvm-project/compiler-rt/lib/ubsan/ubsan_handlers_cxx.cpp, 324, 13, 311
2114, /home/yrong/devel/llvm/benchmark/llvm-project/compiler-rt/lib/ubsan/ubsan_init.cpp, 310, 1, 309
2115, /home/yrong/devel/llvm/benchmark/llvm-project/compiler-rt/lib/ubsan/ubsan_init_standalone.cpp, 0, 0, 0
2116, /home/yrong/devel/llvm/benchmark/llvm-project/compiler-rt/lib/ubsan/ubsan_init_standalone_preinit.cpp, 0, 0, 0
2117, /home/yrong/devel/llvm/benchmark/llvm-project/compiler-rt/lib/ubsan/ubsan_monitor.cpp, 309, 1, 308
2118, /home/yrong/devel/llvm/benchmark/llvm-project/compiler-rt/lib/ubsan/ubsan_signals_standalone.cpp, 311, 1, 310
2119, /home/yrong/devel/llvm/benchmark/llvm-project/compiler-rt/lib/ubsan/ubsan_type_hash.cpp, 84, 0, 84
2120, /home/yrong/devel/llvm/benchmark/llvm-project/compiler-rt/lib/ubsan/ubsan_type_hash_itanium.cpp, 84, 0, 84
2121, /home/yrong/devel/llvm/benchmark/llvm-project/compiler-rt/lib/ubsan/ubsan_type_hash_win.cpp, 0, 0, 0
2122, /home/yrong/devel/llvm/benchmark/llvm-project/compiler-rt/lib/ubsan/ubsan_value.cpp, 86, 0, 86
2123, /home/yrong/devel/llvm/benchmark/llvm-project/compiler-rt/lib/ubsan_minimal/ubsan_minimal_handlers.cpp, 11, 0, 11
2124, /home/yrong/devel/llvm/benchmark/llvm-project/compiler-rt/lib/xray/xray_basic_flags.cpp, 85, 0, 85
2125, /home/yrong/devel/llvm/benchmark/llvm-project/compiler-rt/lib/xray/xray_basic_logging.cpp, 338, 8, 330
2126, /home/yrong/devel/llvm/benchmark/llvm-project/compiler-rt/lib/xray/xray_buffer_queue.cpp, 580, 8, 572
2127, /home/yrong/devel/llvm/benchmark/llvm-project/compiler-rt/lib/xray/xray_fdr_flags.cpp, 85, 0, 85
2128, /home/yrong/devel/llvm/benchmark/llvm-project/compiler-rt/lib/xray/xray_fdr_logging.cpp, 2110, 100, 2010
2129, /home/yrong/devel/llvm/benchmark/llvm-project/compiler-rt/lib/xray/xray_flags.cpp, 85, 0, 85
2130, /home/yrong/devel/llvm/benchmark/llvm-project/compiler-rt/lib/xray/xray_init.cpp, 88, 0, 88
2131, /home/yrong/devel/llvm/benchmark/llvm-project/compiler-rt/lib/xray/xray_interface.cpp, 366, 5, 361
2132, /home/yrong/devel/llvm/benchmark/llvm-project/compiler-rt/lib/xray/xray_log_interface.cpp, 294, 1, 293
2133, /home/yrong/devel/llvm/benchmark/llvm-project/compiler-rt/lib/xray/xray_profile_collector.cpp, 917, 26, 891
2134, /home/yrong/devel/llvm/benchmark/llvm-project/compiler-rt/lib/xray/xray_profiling.cpp, 899, 29, 870
2135, /home/yrong/devel/llvm/benchmark/llvm-project/compiler-rt/lib/xray/xray_profiling_flags.cpp, 85, 0, 85
2136, /home/yrong/devel/llvm/benchmark/llvm-project/compiler-rt/lib/xray/xray_utils.cpp, 996, 74, 922
2137, /home/yrong/devel/llvm/benchmark/llvm-project/compiler-rt/lib/xray/xray_x86_64.cpp, 813, 100, 713
2138, /home/yrong/devel/llvm/benchmark/llvm-project/cross-project-tests/debuginfo-tests/llvm-prettyprinters/gdb/llvm-support.cpp, 3337, 403, 2934
2139, /home/yrong/devel/llvm/benchmark/llvm-project/cross-project-tests/debuginfo-tests/llvm-prettyprinters/gdb/mlir-support.cpp, 5628, 1339, 4289
2140, /home/yrong/devel/llvm/benchmark/llvm-project/libc/cmake/modules/cpu_features/check_AVX.cpp, 0, 0, 0
2141, /home/yrong/devel/llvm/benchmark/llvm-project/libc/cmake/modules/cpu_features/check_AVX2.cpp, 0, 0, 0
2142, /home/yrong/devel/llvm/benchmark/llvm-project/libc/cmake/modules/cpu_features/check_FMA.cpp, 0, 0, 0
2143, /home/yrong/devel/llvm/benchmark/llvm-project/libc/cmake/modules/cpu_features/check_SSE2.cpp, 0, 0, 0
2144, /home/yrong/devel/llvm/benchmark/llvm-project/libc/cmake/modules/cpu_features/check_SSE4_2.cpp, 0, 0, 0
2145, /home/yrong/devel/llvm/benchmark/llvm-project/libc/src/__support/CPP/new.cpp, 0, 0, 0
2146, /home/yrong/devel/llvm/benchmark/llvm-project/libc/src/__support/File/file.cpp, 19, 4, 15
2147, /home/yrong/devel/llvm/benchmark/llvm-project/libc/src/__support/StringUtil/error_to_string.cpp, 25, 10, 15
2148, /home/yrong/devel/llvm/benchmark/llvm-project/libc/src/__support/StringUtil/signal_to_string.cpp, 27, 12, 15
2149, /home/yrong/devel/llvm/benchmark/llvm-project/libc/src/ctype/isalnum.cpp, 0, 0, 0
2150, /home/yrong/devel/llvm/benchmark/llvm-project/libc/src/ctype/isalpha.cpp, 0, 0, 0
2151, /home/yrong/devel/llvm/benchmark/llvm-project/libc/src/ctype/isascii.cpp, 0, 0, 0
2152, /home/yrong/devel/llvm/benchmark/llvm-project/libc/src/ctype/isblank.cpp, 0, 0, 0
2153, /home/yrong/devel/llvm/benchmark/llvm-project/libc/src/ctype/iscntrl.cpp, 0, 0, 0
2154, /home/yrong/devel/llvm/benchmark/llvm-project/libc/src/ctype/isdigit.cpp, 0, 0, 0
2155, /home/yrong/devel/llvm/benchmark/llvm-project/libc/src/ctype/isgraph.cpp, 0, 0, 0
2156, /home/yrong/devel/llvm/benchmark/llvm-project/libc/src/ctype/islower.cpp, 0, 0, 0
2157, /home/yrong/devel/llvm/benchmark/llvm-project/libc/src/ctype/isprint.cpp, 0, 0, 0
2158, /home/yrong/devel/llvm/benchmark/llvm-project/libc/src/ctype/ispunct.cpp, 0, 0, 0
2159, /home/yrong/devel/llvm/benchmark/llvm-project/libc/src/ctype/isspace.cpp, 0, 0, 0
2160, /home/yrong/devel/llvm/benchmark/llvm-project/libc/src/ctype/isupper.cpp, 0, 0, 0
2161, /home/yrong/devel/llvm/benchmark/llvm-project/libc/src/ctype/isxdigit.cpp, 0, 0, 0
2162, /home/yrong/devel/llvm/benchmark/llvm-project/libc/src/ctype/toascii.cpp, 0, 0, 0
2163, /home/yrong/devel/llvm/benchmark/llvm-project/libc/src/ctype/tolower.cpp, 0, 0, 0
2164, /home/yrong/devel/llvm/benchmark/llvm-project/libc/src/ctype/toupper.cpp, 0, 0, 0
2165, /home/yrong/devel/llvm/benchmark/llvm-project/libc/src/errno/libc_errno.cpp, 0, 0, 0
2166, /home/yrong/devel/llvm/benchmark/llvm-project/libc/src/fcntl/linux/creat.cpp, 0, 0, 0
2167, /home/yrong/devel/llvm/benchmark/llvm-project/libc/src/fcntl/linux/open.cpp, 0, 0, 0
2168, /home/yrong/devel/llvm/benchmark/llvm-project/libc/src/fcntl/linux/openat.cpp, 0, 0, 0
2169, /home/yrong/devel/llvm/benchmark/llvm-project/libc/src/fenv/feclearexcept.cpp, 413, 26, 387
2170, /home/yrong/devel/llvm/benchmark/llvm-project/libc/src/fenv/fedisableexcept.cpp, 413, 26, 387
2171, /home/yrong/devel/llvm/benchmark/llvm-project/libc/src/fenv/feenableexcept.cpp, 413, 26, 387
2172, /home/yrong/devel/llvm/benchmark/llvm-project/libc/src/fenv/fegetenv.cpp, 413, 26, 387
2173, /home/yrong/devel/llvm/benchmark/llvm-project/libc/src/fenv/fegetexcept.cpp, 413, 26, 387
2174, /home/yrong/devel/llvm/benchmark/llvm-project/libc/src/fenv/fegetexceptflag.cpp, 413, 26, 387
2175, /home/yrong/devel/llvm/benchmark/llvm-project/libc/src/fenv/fegetround.cpp, 413, 26, 387
2176, /home/yrong/devel/llvm/benchmark/llvm-project/libc/src/fenv/feholdexcept.cpp, 415, 26, 389
2177, /home/yrong/devel/llvm/benchmark/llvm-project/libc/src/fenv/feraiseexcept.cpp, 413, 26, 387
2178, /home/yrong/devel/llvm/benchmark/llvm-project/libc/src/fenv/fesetenv.cpp, 413, 26, 387
2179, /home/yrong/devel/llvm/benchmark/llvm-project/libc/src/fenv/fesetexceptflag.cpp, 414, 26, 388
2180, /home/yrong/devel/llvm/benchmark/llvm-project/libc/src/fenv/fesetround.cpp, 413, 26, 387
2181, /home/yrong/devel/llvm/benchmark/llvm-project/libc/src/fenv/fetestexcept.cpp, 413, 26, 387
2182, /home/yrong/devel/llvm/benchmark/llvm-project/libc/src/fenv/feupdateenv.cpp, 413, 26, 387
2183, /home/yrong/devel/llvm/benchmark/llvm-project/libc/src/inttypes/imaxabs.cpp, 2, 0, 2
2184, /home/yrong/devel/llvm/benchmark/llvm-project/libc/src/inttypes/imaxdiv.cpp, 2, 0, 2
2185, /home/yrong/devel/llvm/benchmark/llvm-project/libc/src/inttypes/strtoimax.cpp, 0, 0, 0
2186, /home/yrong/devel/llvm/benchmark/llvm-project/libc/src/inttypes/strtoumax.cpp, 0, 0, 0
2187, /home/yrong/devel/llvm/benchmark/llvm-project/libc/src/math/generic/acosf.cpp, 543, 37, 506
2188, /home/yrong/devel/llvm/benchmark/llvm-project/libc/src/math/generic/acoshf.cpp, 540, 35, 505
2189, /home/yrong/devel/llvm/benchmark/llvm-project/libc/src/math/generic/asinf.cpp, 542, 36, 506
2190, /home/yrong/devel/llvm/benchmark/llvm-project/libc/src/math/generic/asinhf.cpp, 539, 35, 504
2191, /home/yrong/devel/llvm/benchmark/llvm-project/libc/src/math/generic/atanf.cpp, 536, 37, 499
2192, /home/yrong/devel/llvm/benchmark/llvm-project/libc/src/math/generic/atanhf.cpp, 537, 36, 501
2193, /home/yrong/devel/llvm/benchmark/llvm-project/libc/src/math/generic/ceil.cpp, 535, 29, 506
2194, /home/yrong/devel/llvm/benchmark/llvm-project/libc/src/math/generic/ceilf.cpp, 535, 29, 506
2195, /home/yrong/devel/llvm/benchmark/llvm-project/libc/src/math/generic/ceill.cpp, 535, 29, 506
2196, /home/yrong/devel/llvm/benchmark/llvm-project/libc/src/math/generic/common_constants.cpp, 2, 0, 2
2197, /home/yrong/devel/llvm/benchmark/llvm-project/libc/src/math/generic/copysign.cpp, 563, 31, 532
2198, /home/yrong/devel/llvm/benchmark/llvm-project/libc/src/math/generic/copysignf.cpp, 563, 31, 532
2199, /home/yrong/devel/llvm/benchmark/llvm-project/libc/src/math/generic/copysignl.cpp, 563, 31, 532
2200, /home/yrong/devel/llvm/benchmark/llvm-project/libc/src/math/generic/cosf.cpp, 535, 34, 501
2201, /home/yrong/devel/llvm/benchmark/llvm-project/libc/src/math/generic/coshf.cpp, 540, 40, 500
2202, /home/yrong/devel/llvm/benchmark/llvm-project/libc/src/math/generic/erff.cpp, 532, 33, 499
2203, /home/yrong/devel/llvm/benchmark/llvm-project/libc/src/math/generic/exp10f.cpp, 541, 39, 502
2204, /home/yrong/devel/llvm/benchmark/llvm-project/libc/src/math/generic/exp2f.cpp, 541, 39, 502
2205, /home/yrong/devel/llvm/benchmark/llvm-project/libc/src/math/generic/expf.cpp, 536, 35, 501
2206, /home/yrong/devel/llvm/benchmark/llvm-project/libc/src/math/generic/explogxf.cpp, 534, 35, 499
2207, /home/yrong/devel/llvm/benchmark/llvm-project/libc/src/math/generic/expm1f.cpp, 534, 34, 500
2208, /home/yrong/devel/llvm/benchmark/llvm-project/libc/src/math/generic/fabs.cpp, 115, 3, 112
2209, /home/yrong/devel/llvm/benchmark/llvm-project/libc/src/math/generic/fabsf.cpp, 115, 3, 112
2210, /home/yrong/devel/llvm/benchmark/llvm-project/libc/src/math/generic/fabsl.cpp, 115, 3, 112
2211, /home/yrong/devel/llvm/benchmark/llvm-project/libc/src/math/generic/fdim.cpp, 115, 3, 112
2212, /home/yrong/devel/llvm/benchmark/llvm-project/libc/src/math/generic/fdimf.cpp, 115, 3, 112
2213, /home/yrong/devel/llvm/benchmark/llvm-project/libc/src/math/generic/fdiml.cpp, 115, 3, 112
2214, /home/yrong/devel/llvm/benchmark/llvm-project/libc/src/math/generic/floor.cpp, 535, 29, 506
2215, /home/yrong/devel/llvm/benchmark/llvm-project/libc/src/math/generic/floorf.cpp, 535, 29, 506
2216, /home/yrong/devel/llvm/benchmark/llvm-project/libc/src/math/generic/floorl.cpp, 535, 29, 506
2217, /home/yrong/devel/llvm/benchmark/llvm-project/libc/src/math/generic/fma.cpp, 3, 3, 0
2218, /home/yrong/devel/llvm/benchmark/llvm-project/libc/src/math/generic/fmaf.cpp, 3, 3, 0
2219, /home/yrong/devel/llvm/benchmark/llvm-project/libc/src/math/generic/fmax.cpp, 115, 3, 112
2220, /home/yrong/devel/llvm/benchmark/llvm-project/libc/src/math/generic/fmaxf.cpp, 115, 3, 112
2221, /home/yrong/devel/llvm/benchmark/llvm-project/libc/src/math/generic/fmaxl.cpp, 115, 3, 112
2222, /home/yrong/devel/llvm/benchmark/llvm-project/libc/src/math/generic/fmin.cpp, 115, 3, 112
2223, /home/yrong/devel/llvm/benchmark/llvm-project/libc/src/math/generic/fminf.cpp, 115, 3, 112
2224, /home/yrong/devel/llvm/benchmark/llvm-project/libc/src/math/generic/fminl.cpp, 115, 3, 112
2225, /home/yrong/devel/llvm/benchmark/llvm-project/libc/src/math/generic/fmod.cpp, 547, 29, 518
2226, /home/yrong/devel/llvm/benchmark/llvm-project/libc/src/math/generic/fmodf.cpp, 547, 29, 518
2227, /home/yrong/devel/llvm/benchmark/llvm-project/libc/src/math/generic/frexp.cpp, 564, 32, 532
2228, /home/yrong/devel/llvm/benchmark/llvm-project/libc/src/math/generic/frexpf.cpp, 564, 32, 532
2229, /home/yrong/devel/llvm/benchmark/llvm-project/libc/src/math/generic/frexpl.cpp, 562, 30, 532
2230, /home/yrong/devel/llvm/benchmark/llvm-project/libc/src/math/generic/hypot.cpp, 548, 34, 514
2231, /home/yrong/devel/llvm/benchmark/llvm-project/libc/src/math/generic/hypotf.cpp, 535, 31, 504
2232, /home/yrong/devel/llvm/benchmark/llvm-project/libc/src/math/generic/ilogb.cpp, 562, 30, 532
2233, /home/yrong/devel/llvm/benchmark/llvm-project/libc/src/math/generic/ilogbf.cpp, 562, 30, 532
2234, /home/yrong/devel/llvm/benchmark/llvm-project/libc/src/math/generic/ilogbl.cpp, 562, 30, 532
2235, /home/yrong/devel/llvm/benchmark/llvm-project/libc/src/math/generic/inv_trigf_utils.cpp, 534, 35, 499
2236, /home/yrong/devel/llvm/benchmark/llvm-project/libc/src/math/generic/ldexp.cpp, 568, 36, 532
2237, /home/yrong/devel/llvm/benchmark/llvm-project/libc/src/math/generic/ldexpf.cpp, 568, 36, 532
2238, /home/yrong/devel/llvm/benchmark/llvm-project/libc/src/math/generic/ldexpl.cpp, 566, 34, 532
2239, /home/yrong/devel/llvm/benchmark/llvm-project/libc/src/math/generic/llrint.cpp, 536, 29, 507
2240, /home/yrong/devel/llvm/benchmark/llvm-project/libc/src/math/generic/llrintf.cpp, 536, 29, 507
2241, /home/yrong/devel/llvm/benchmark/llvm-project/libc/src/math/generic/llrintl.cpp, 536, 29, 507
2242, /home/yrong/devel/llvm/benchmark/llvm-project/libc/src/math/generic/llround.cpp, 536, 29, 507
2243, /home/yrong/devel/llvm/benchmark/llvm-project/libc/src/math/generic/llroundf.cpp, 536, 29, 507
2244, /home/yrong/devel/llvm/benchmark/llvm-project/libc/src/math/generic/llroundl.cpp, 536, 29, 507
2245, /home/yrong/devel/llvm/benchmark/llvm-project/libc/src/math/generic/log.cpp, 1199, 673, 526
2246, /home/yrong/devel/llvm/benchmark/llvm-project/libc/src/math/generic/log10.cpp, 1199, 673, 526
2247, /home/yrong/devel/llvm/benchmark/llvm-project/libc/src/math/generic/log10f.cpp, 534, 33, 501
2248, /home/yrong/devel/llvm/benchmark/llvm-project/libc/src/math/generic/log1p.cpp, 1047, 521, 526
2249, /home/yrong/devel/llvm/benchmark/llvm-project/libc/src/math/generic/log1pf.cpp, 534, 33, 501
2250, /home/yrong/devel/llvm/benchmark/llvm-project/libc/src/math/generic/log2.cpp, 1198, 672, 526
2251, /home/yrong/devel/llvm/benchmark/llvm-project/libc/src/math/generic/log2f.cpp, 534, 33, 501
2252, /home/yrong/devel/llvm/benchmark/llvm-project/libc/src/math/generic/logb.cpp, 564, 32, 532
2253, /home/yrong/devel/llvm/benchmark/llvm-project/libc/src/math/generic/logbf.cpp, 564, 32, 532
2254, /home/yrong/devel/llvm/benchmark/llvm-project/libc/src/math/generic/logbl.cpp, 564, 32, 532
2255, /home/yrong/devel/llvm/benchmark/llvm-project/libc/src/math/generic/logf.cpp, 536, 34, 502
2256, /home/yrong/devel/llvm/benchmark/llvm-project/libc/src/math/generic/lrint.cpp, 536, 29, 507
2257, /home/yrong/devel/llvm/benchmark/llvm-project/libc/src/math/generic/lrintf.cpp, 536, 29, 507
2258, /home/yrong/devel/llvm/benchmark/llvm-project/libc/src/math/generic/lrintl.cpp, 536, 29, 507
2259, /home/yrong/devel/llvm/benchmark/llvm-project/libc/src/math/generic/lround.cpp, 536, 29, 507
2260, /home/yrong/devel/llvm/benchmark/llvm-project/libc/src/math/generic/lroundf.cpp, 536, 29, 507
2261, /home/yrong/devel/llvm/benchmark/llvm-project/libc/src/math/generic/lroundl.cpp, 536, 29, 507
2262, /home/yrong/devel/llvm/benchmark/llvm-project/libc/src/math/generic/math_utils.cpp, 412, 26, 386
2263, /home/yrong/devel/llvm/benchmark/llvm-project/libc/src/math/generic/modf.cpp, 566, 34, 532
2264, /home/yrong/devel/llvm/benchmark/llvm-project/libc/src/math/generic/modff.cpp, 566, 34, 532
2265, /home/yrong/devel/llvm/benchmark/llvm-project/libc/src/math/generic/modfl.cpp, 566, 34, 532
2266, /home/yrong/devel/llvm/benchmark/llvm-project/libc/src/math/generic/nearbyint.cpp, 535, 29, 506
2267, /home/yrong/devel/llvm/benchmark/llvm-project/libc/src/math/generic/nearbyintf.cpp, 535, 29, 506
2268, /home/yrong/devel/llvm/benchmark/llvm-project/libc/src/math/generic/nearbyintl.cpp, 535, 29, 506
2269, /home/yrong/devel/llvm/benchmark/llvm-project/libc/src/math/generic/nextafter.cpp, 562, 30, 532
2270, /home/yrong/devel/llvm/benchmark/llvm-project/libc/src/math/generic/nextafterf.cpp, 562, 30, 532
2271, /home/yrong/devel/llvm/benchmark/llvm-project/libc/src/math/generic/nextafterl.cpp, 562, 30, 532
2272, /home/yrong/devel/llvm/benchmark/llvm-project/libc/src/math/generic/remainder.cpp, 575, 34, 541
2273, /home/yrong/devel/llvm/benchmark/llvm-project/libc/src/math/generic/remainderf.cpp, 575, 34, 541
2274, /home/yrong/devel/llvm/benchmark/llvm-project/libc/src/math/generic/remainderl.cpp, 573, 32, 541
2275, /home/yrong/devel/llvm/benchmark/llvm-project/libc/src/math/generic/remquo.cpp, 575, 34, 541
2276, /home/yrong/devel/llvm/benchmark/llvm-project/libc/src/math/generic/remquof.cpp, 575, 34, 541
2277, /home/yrong/devel/llvm/benchmark/llvm-project/libc/src/math/generic/remquol.cpp, 573, 32, 541
2278, /home/yrong/devel/llvm/benchmark/llvm-project/libc/src/math/generic/rint.cpp, 535, 29, 506
2279, /home/yrong/devel/llvm/benchmark/llvm-project/libc/src/math/generic/rintf.cpp, 535, 29, 506
2280, /home/yrong/devel/llvm/benchmark/llvm-project/libc/src/math/generic/rintl.cpp, 535, 29, 506
2281, /home/yrong/devel/llvm/benchmark/llvm-project/libc/src/math/generic/round.cpp, 535, 29, 506
2282, /home/yrong/devel/llvm/benchmark/llvm-project/libc/src/math/generic/roundf.cpp, 535, 29, 506
2283, /home/yrong/devel/llvm/benchmark/llvm-project/libc/src/math/generic/roundl.cpp, 535, 29, 506
2284, /home/yrong/devel/llvm/benchmark/llvm-project/libc/src/math/generic/scalbn.cpp, 568, 36, 532
2285, /home/yrong/devel/llvm/benchmark/llvm-project/libc/src/math/generic/scalbnf.cpp, 568, 36, 532
2286, /home/yrong/devel/llvm/benchmark/llvm-project/libc/src/math/generic/scalbnl.cpp, 566, 34, 532
2287, /home/yrong/devel/llvm/benchmark/llvm-project/libc/src/math/generic/sincosf.cpp, 535, 36, 499
2288, /home/yrong/devel/llvm/benchmark/llvm-project/libc/src/math/generic/sinf.cpp, 532, 32, 500
2289, /home/yrong/devel/llvm/benchmark/llvm-project/libc/src/math/generic/sinhf.cpp, 540, 40, 500
2290, /home/yrong/devel/llvm/benchmark/llvm-project/libc/src/math/generic/sqrt.cpp, 532, 29, 503
2291, /home/yrong/devel/llvm/benchmark/llvm-project/libc/src/math/generic/sqrtf.cpp, 532, 29, 503
2292, /home/yrong/devel/llvm/benchmark/llvm-project/libc/src/math/generic/sqrtl.cpp, 532, 29, 503
2293, /home/yrong/devel/llvm/benchmark/llvm-project/libc/src/math/generic/tanf.cpp, 533, 33, 500
2294, /home/yrong/devel/llvm/benchmark/llvm-project/libc/src/math/generic/tanhf.cpp, 535, 36, 499
2295, /home/yrong/devel/llvm/benchmark/llvm-project/libc/src/math/generic/trunc.cpp, 535, 29, 506
2296, /home/yrong/devel/llvm/benchmark/llvm-project/libc/src/math/generic/truncf.cpp, 535, 29, 506
2297, /home/yrong/devel/llvm/benchmark/llvm-project/libc/src/math/generic/truncl.cpp, 535, 29, 506
2298, /home/yrong/devel/llvm/benchmark/llvm-project/libc/src/math/x86_64/cos.cpp, 0, 0, 0
2299, /home/yrong/devel/llvm/benchmark/llvm-project/libc/src/math/x86_64/sin.cpp, 0, 0, 0
2300, /home/yrong/devel/llvm/benchmark/llvm-project/libc/src/math/x86_64/tan.cpp, 0, 0, 0
2301, /home/yrong/devel/llvm/benchmark/llvm-project/libc/src/sched/linux/sched_get_priority_max.cpp, 0, 0, 0
2302, /home/yrong/devel/llvm/benchmark/llvm-project/libc/src/sched/linux/sched_get_priority_min.cpp, 0, 0, 0
2303, /home/yrong/devel/llvm/benchmark/llvm-project/libc/src/sched/linux/sched_getaffinity.cpp, 0, 0, 0
2304, /home/yrong/devel/llvm/benchmark/llvm-project/libc/src/sched/linux/sched_getparam.cpp, 0, 0, 0
2305, /home/yrong/devel/llvm/benchmark/llvm-project/libc/src/sched/linux/sched_getscheduler.cpp, 0, 0, 0
2306, /home/yrong/devel/llvm/benchmark/llvm-project/libc/src/sched/linux/sched_rr_get_interval.cpp, 0, 0, 0
2307, /home/yrong/devel/llvm/benchmark/llvm-project/libc/src/sched/linux/sched_setaffinity.cpp, 0, 0, 0
2308, /home/yrong/devel/llvm/benchmark/llvm-project/libc/src/sched/linux/sched_setparam.cpp, 0, 0, 0
2309, /home/yrong/devel/llvm/benchmark/llvm-project/libc/src/sched/linux/sched_setscheduler.cpp, 0, 0, 0
2310, /home/yrong/devel/llvm/benchmark/llvm-project/libc/src/sched/linux/sched_yield.cpp, 0, 0, 0
2311, /home/yrong/devel/llvm/benchmark/llvm-project/libc/src/stdio/fprintf.cpp, 157, 6, 151
2312, /home/yrong/devel/llvm/benchmark/llvm-project/libc/src/stdio/linux/remove.cpp, 0, 0, 0
2313, /home/yrong/devel/llvm/benchmark/llvm-project/libc/src/stdio/printf.cpp, 157, 6, 151
2314, /home/yrong/devel/llvm/benchmark/llvm-project/libc/src/stdio/printf_core/converter.cpp, 679, 90, 589
2315, /home/yrong/devel/llvm/benchmark/llvm-project/libc/src/stdio/printf_core/parser.cpp, 150, 31, 119
2316, /home/yrong/devel/llvm/benchmark/llvm-project/libc/src/stdio/printf_core/printf_main.cpp, 148, 7, 141
2317, /home/yrong/devel/llvm/benchmark/llvm-project/libc/src/stdio/printf_core/writer.cpp, 146, 6, 140
2318, /home/yrong/devel/llvm/benchmark/llvm-project/libc/src/stdio/snprintf.cpp, 146, 6, 140
2319, /home/yrong/devel/llvm/benchmark/llvm-project/libc/src/stdio/sprintf.cpp, 146, 6, 140
2320, /home/yrong/devel/llvm/benchmark/llvm-project/libc/src/stdio/vfprintf.cpp, 157, 6, 151
2321, /home/yrong/devel/llvm/benchmark/llvm-project/libc/src/stdio/vprintf.cpp, 157, 6, 151
2322, /home/yrong/devel/llvm/benchmark/llvm-project/libc/src/stdio/vsnprintf.cpp, 146, 6, 140
2323, /home/yrong/devel/llvm/benchmark/llvm-project/libc/src/stdio/vsprintf.cpp, 146, 6, 140
2324, /home/yrong/devel/llvm/benchmark/llvm-project/libc/src/stdlib/abs.cpp, 2, 0, 2
2325, /home/yrong/devel/llvm/benchmark/llvm-project/libc/src/stdlib/atof.cpp, 663, 55, 608
2326, /home/yrong/devel/llvm/benchmark/llvm-project/libc/src/stdlib/atoi.cpp, 0, 0, 0
2327, /home/yrong/devel/llvm/benchmark/llvm-project/libc/src/stdlib/atol.cpp, 0, 0, 0
2328, /home/yrong/devel/llvm/benchmark/llvm-project/libc/src/stdlib/atoll.cpp, 0, 0, 0
2329, /home/yrong/devel/llvm/benchmark/llvm-project/libc/src/stdlib/bsearch.cpp, 0, 0, 0
2330, /home/yrong/devel/llvm/benchmark/llvm-project/libc/src/stdlib/div.cpp, 2, 0, 2
2331, /home/yrong/devel/llvm/benchmark/llvm-project/libc/src/stdlib/labs.cpp, 2, 0, 2
2332, /home/yrong/devel/llvm/benchmark/llvm-project/libc/src/stdlib/ldiv.cpp, 2, 0, 2
2333, /home/yrong/devel/llvm/benchmark/llvm-project/libc/src/stdlib/llabs.cpp, 2, 0, 2
2334, /home/yrong/devel/llvm/benchmark/llvm-project/libc/src/stdlib/lldiv.cpp, 2, 0, 2
2335, /home/yrong/devel/llvm/benchmark/llvm-project/libc/src/stdlib/qsort.cpp, 3, 3, 0
2336, /home/yrong/devel/llvm/benchmark/llvm-project/libc/src/stdlib/qsort_r.cpp, 3, 3, 0
2337, /home/yrong/devel/llvm/benchmark/llvm-project/libc/src/stdlib/rand.cpp, 0, 0, 0
2338, /home/yrong/devel/llvm/benchmark/llvm-project/libc/src/stdlib/rand_util.cpp, 0, 0, 0
2339, /home/yrong/devel/llvm/benchmark/llvm-project/libc/src/stdlib/srand.cpp, 0, 0, 0
2340, /home/yrong/devel/llvm/benchmark/llvm-project/libc/src/stdlib/strtod.cpp, 663, 55, 608
2341, /home/yrong/devel/llvm/benchmark/llvm-project/libc/src/stdlib/strtof.cpp, 663, 55, 608
2342, /home/yrong/devel/llvm/benchmark/llvm-project/libc/src/stdlib/strtol.cpp, 0, 0, 0
2343, /home/yrong/devel/llvm/benchmark/llvm-project/libc/src/stdlib/strtold.cpp, 663, 55, 608
2344, /home/yrong/devel/llvm/benchmark/llvm-project/libc/src/stdlib/strtoll.cpp, 0, 0, 0
2345, /home/yrong/devel/llvm/benchmark/llvm-project/libc/src/stdlib/strtoul.cpp, 0, 0, 0
2346, /home/yrong/devel/llvm/benchmark/llvm-project/libc/src/stdlib/strtoull.cpp, 0, 0, 0
2347, /home/yrong/devel/llvm/benchmark/llvm-project/libc/src/string/bcmp.cpp, 33, 4, 29
2348, /home/yrong/devel/llvm/benchmark/llvm-project/libc/src/string/bcopy.cpp, 32, 3, 29
2349, /home/yrong/devel/llvm/benchmark/llvm-project/libc/src/string/bzero.cpp, 32, 3, 29
2350, /home/yrong/devel/llvm/benchmark/llvm-project/libc/src/string/index.cpp, 39, 3, 36
2351, /home/yrong/devel/llvm/benchmark/llvm-project/libc/src/string/memccpy.cpp, 0, 0, 0
2352, /home/yrong/devel/llvm/benchmark/llvm-project/libc/src/string/memchr.cpp, 39, 3, 36
2353, /home/yrong/devel/llvm/benchmark/llvm-project/libc/src/string/memcmp.cpp, 33, 4, 29
2354, /home/yrong/devel/llvm/benchmark/llvm-project/libc/src/string/memcpy.cpp, 32, 3, 29
2355, /home/yrong/devel/llvm/benchmark/llvm-project/libc/src/string/memmem.cpp, 0, 0, 0
2356, /home/yrong/devel/llvm/benchmark/llvm-project/libc/src/string/memmove.cpp, 32, 3, 29
2357, /home/yrong/devel/llvm/benchmark/llvm-project/libc/src/string/mempcpy.cpp, 32, 3, 29
2358, /home/yrong/devel/llvm/benchmark/llvm-project/libc/src/string/memrchr.cpp, 0, 0, 0
2359, /home/yrong/devel/llvm/benchmark/llvm-project/libc/src/string/memset.cpp, 32, 3, 29
2360, /home/yrong/devel/llvm/benchmark/llvm-project/libc/src/string/rindex.cpp, 39, 3, 36
2361, /home/yrong/devel/llvm/benchmark/llvm-project/libc/src/string/stpcpy.cpp, 39, 3, 36
2362, /home/yrong/devel/llvm/benchmark/llvm-project/libc/src/string/stpncpy.cpp, 32, 3, 29
2363, /home/yrong/devel/llvm/benchmark/llvm-project/libc/src/string/strcasecmp.cpp, 0, 0, 0
2364, /home/yrong/devel/llvm/benchmark/llvm-project/libc/src/string/strcasestr.cpp, 39, 3, 36
2365, /home/yrong/devel/llvm/benchmark/llvm-project/libc/src/string/strcat.cpp, 40, 3, 37
2366, /home/yrong/devel/llvm/benchmark/llvm-project/libc/src/string/strchr.cpp, 39, 3, 36
2367, /home/yrong/devel/llvm/benchmark/llvm-project/libc/src/string/strchrnul.cpp, 39, 3, 36
2368, /home/yrong/devel/llvm/benchmark/llvm-project/libc/src/string/strcmp.cpp, 0, 0, 0
2369, /home/yrong/devel/llvm/benchmark/llvm-project/libc/src/string/strcoll.cpp, 0, 0, 0
2370, /home/yrong/devel/llvm/benchmark/llvm-project/libc/src/string/strcpy.cpp, 43, 3, 40
2371, /home/yrong/devel/llvm/benchmark/llvm-project/libc/src/string/strcspn.cpp, 39, 3, 36
2372, /home/yrong/devel/llvm/benchmark/llvm-project/libc/src/string/strdup.cpp, 47, 3, 44
2373, /home/yrong/devel/llvm/benchmark/llvm-project/libc/src/string/strerror.cpp, 3, 1, 2
2374, /home/yrong/devel/llvm/benchmark/llvm-project/libc/src/string/strerror_r.cpp, 3, 1, 2
2375, /home/yrong/devel/llvm/benchmark/llvm-project/libc/src/string/strlcat.cpp, 39, 3, 36
2376, /home/yrong/devel/llvm/benchmark/llvm-project/libc/src/string/strlcpy.cpp, 39, 3, 36
2377, /home/yrong/devel/llvm/benchmark/llvm-project/libc/src/string/strlen.cpp, 39, 3, 36
2378, /home/yrong/devel/llvm/benchmark/llvm-project/libc/src/string/strncasecmp.cpp, 0, 0, 0
2379, /home/yrong/devel/llvm/benchmark/llvm-project/libc/src/string/strncat.cpp, 40, 3, 37
2380, /home/yrong/devel/llvm/benchmark/llvm-project/libc/src/string/strncmp.cpp, 0, 0, 0
2381, /home/yrong/devel/llvm/benchmark/llvm-project/libc/src/string/strncpy.cpp, 0, 0, 0
2382, /home/yrong/devel/llvm/benchmark/llvm-project/libc/src/string/strndup.cpp, 43, 3, 40
2383, /home/yrong/devel/llvm/benchmark/llvm-project/libc/src/string/strnlen.cpp, 39, 3, 36
2384, /home/yrong/devel/llvm/benchmark/llvm-project/libc/src/string/strpbrk.cpp, 39, 3, 36
2385, /home/yrong/devel/llvm/benchmark/llvm-project/libc/src/string/strrchr.cpp, 39, 3, 36
2386, /home/yrong/devel/llvm/benchmark/llvm-project/libc/src/string/strsep.cpp, 39, 3, 36
2387, /home/yrong/devel/llvm/benchmark/llvm-project/libc/src/string/strsignal.cpp, 3, 1, 2
2388, /home/yrong/devel/llvm/benchmark/llvm-project/libc/src/string/strspn.cpp, 3, 0, 3
2389, /home/yrong/devel/llvm/benchmark/llvm-project/libc/src/string/strstr.cpp, 39, 3, 36
2390, /home/yrong/devel/llvm/benchmark/llvm-project/libc/src/string/strtok.cpp, 39, 3, 36
2391, /home/yrong/devel/llvm/benchmark/llvm-project/libc/src/string/strtok_r.cpp, 39, 3, 36
2392, /home/yrong/devel/llvm/benchmark/llvm-project/libc/src/string/strxfrm.cpp, 43, 3, 40
2393, /home/yrong/devel/llvm/benchmark/llvm-project/libc/src/sys/mman/linux/madvise.cpp, 0, 0, 0
2394, /home/yrong/devel/llvm/benchmark/llvm-project/libc/src/sys/mman/linux/mmap.cpp, 0, 0, 0
2395, /home/yrong/devel/llvm/benchmark/llvm-project/libc/src/sys/mman/linux/mprotect.cpp, 0, 0, 0
2396, /home/yrong/devel/llvm/benchmark/llvm-project/libc/src/sys/mman/linux/munmap.cpp, 0, 0, 0
2397, /home/yrong/devel/llvm/benchmark/llvm-project/libc/src/sys/mman/linux/posix_madvise.cpp, 0, 0, 0
2398, /home/yrong/devel/llvm/benchmark/llvm-project/libc/src/sys/random/linux/getrandom.cpp, 0, 0, 0
2399, /home/yrong/devel/llvm/benchmark/llvm-project/libc/src/sys/resource/linux/getrlimit.cpp, 0, 0, 0
2400, /home/yrong/devel/llvm/benchmark/llvm-project/libc/src/sys/resource/linux/setrlimit.cpp, 0, 0, 0
2401, /home/yrong/devel/llvm/benchmark/llvm-project/libc/src/sys/sendfile/linux/sendfile.cpp, 0, 0, 0
2402, /home/yrong/devel/llvm/benchmark/llvm-project/libc/src/sys/socket/linux/socket.cpp, 0, 0, 0
2403, /home/yrong/devel/llvm/benchmark/llvm-project/libc/src/sys/stat/linux/chmod.cpp, 0, 0, 0
2404, /home/yrong/devel/llvm/benchmark/llvm-project/libc/src/sys/stat/linux/fchmod.cpp, 0, 0, 0
2405, /home/yrong/devel/llvm/benchmark/llvm-project/libc/src/sys/stat/linux/fchmodat.cpp, 0, 0, 0
2406, /home/yrong/devel/llvm/benchmark/llvm-project/libc/src/sys/stat/linux/fstat.cpp, 0, 0, 0
2407, /home/yrong/devel/llvm/benchmark/llvm-project/libc/src/sys/stat/linux/lstat.cpp, 0, 0, 0
2408, /home/yrong/devel/llvm/benchmark/llvm-project/libc/src/sys/stat/linux/mkdir.cpp, 0, 0, 0
2409, /home/yrong/devel/llvm/benchmark/llvm-project/libc/src/sys/stat/linux/mkdirat.cpp, 0, 0, 0
2410, /home/yrong/devel/llvm/benchmark/llvm-project/libc/src/sys/stat/linux/stat.cpp, 0, 0, 0
2411, /home/yrong/devel/llvm/benchmark/llvm-project/libc/src/sys/utsname/linux/uname.cpp, 0, 0, 0
2412, /home/yrong/devel/llvm/benchmark/llvm-project/libc/src/sys/wait/linux/wait.cpp, 18, 7, 11
2413, /home/yrong/devel/llvm/benchmark/llvm-project/libc/src/sys/wait/linux/wait4.cpp, 18, 7, 11
2414, /home/yrong/devel/llvm/benchmark/llvm-project/libc/src/sys/wait/linux/waitpid.cpp, 18, 7, 11
2415, /home/yrong/devel/llvm/benchmark/llvm-project/libc/src/termios/linux/cfgetispeed.cpp, 0, 0, 0
2416, /home/yrong/devel/llvm/benchmark/llvm-project/libc/src/termios/linux/cfgetospeed.cpp, 0, 0, 0
2417, /home/yrong/devel/llvm/benchmark/llvm-project/libc/src/termios/linux/cfsetispeed.cpp, 0, 0, 0
2418, /home/yrong/devel/llvm/benchmark/llvm-project/libc/src/termios/linux/cfsetospeed.cpp, 0, 0, 0
2419, /home/yrong/devel/llvm/benchmark/llvm-project/libc/src/termios/linux/tcdrain.cpp, 0, 0, 0
2420, /home/yrong/devel/llvm/benchmark/llvm-project/libc/src/termios/linux/tcflow.cpp, 0, 0, 0
2421, /home/yrong/devel/llvm/benchmark/llvm-project/libc/src/termios/linux/tcflush.cpp, 0, 0, 0
2422, /home/yrong/devel/llvm/benchmark/llvm-project/libc/src/termios/linux/tcgetattr.cpp, 0, 0, 0
2423, /home/yrong/devel/llvm/benchmark/llvm-project/libc/src/termios/linux/tcgetsid.cpp, 0, 0, 0
2424, /home/yrong/devel/llvm/benchmark/llvm-project/libc/src/termios/linux/tcsendbreak.cpp, 0, 0, 0
2425, /home/yrong/devel/llvm/benchmark/llvm-project/libc/src/termios/linux/tcsetattr.cpp, 0, 0, 0
2426, /home/yrong/devel/llvm/benchmark/llvm-project/libc/src/unistd/linux/access.cpp, 0, 0, 0
2427, /home/yrong/devel/llvm/benchmark/llvm-project/libc/src/unistd/linux/chdir.cpp, 0, 0, 0
2428, /home/yrong/devel/llvm/benchmark/llvm-project/libc/src/unistd/linux/close.cpp, 0, 0, 0
2429, /home/yrong/devel/llvm/benchmark/llvm-project/libc/src/unistd/linux/dup.cpp, 0, 0, 0
2430, /home/yrong/devel/llvm/benchmark/llvm-project/libc/src/unistd/linux/dup2.cpp, 0, 0, 0
2431, /home/yrong/devel/llvm/benchmark/llvm-project/libc/src/unistd/linux/dup3.cpp, 0, 0, 0
2432, /home/yrong/devel/llvm/benchmark/llvm-project/libc/src/unistd/linux/execve.cpp, 0, 0, 0
2433, /home/yrong/devel/llvm/benchmark/llvm-project/libc/src/unistd/linux/fchdir.cpp, 0, 0, 0
2434, /home/yrong/devel/llvm/benchmark/llvm-project/libc/src/unistd/linux/fsync.cpp, 0, 0, 0
2435, /home/yrong/devel/llvm/benchmark/llvm-project/libc/src/unistd/linux/ftruncate.cpp, 0, 0, 0
2436, /home/yrong/devel/llvm/benchmark/llvm-project/libc/src/unistd/linux/getcwd.cpp, 47, 3, 44
2437, /home/yrong/devel/llvm/benchmark/llvm-project/libc/src/unistd/linux/geteuid.cpp, 0, 0, 0
2438, /home/yrong/devel/llvm/benchmark/llvm-project/libc/src/unistd/linux/getpid.cpp, 0, 0, 0
2439, /home/yrong/devel/llvm/benchmark/llvm-project/libc/src/unistd/linux/getppid.cpp, 0, 0, 0
2440, /home/yrong/devel/llvm/benchmark/llvm-project/libc/src/unistd/linux/getuid.cpp, 0, 0, 0
2441, /home/yrong/devel/llvm/benchmark/llvm-project/libc/src/unistd/linux/isatty.cpp, 0, 0, 0
2442, /home/yrong/devel/llvm/benchmark/llvm-project/libc/src/unistd/linux/link.cpp, 0, 0, 0
2443, /home/yrong/devel/llvm/benchmark/llvm-project/libc/src/unistd/linux/linkat.cpp, 0, 0, 0
2444, /home/yrong/devel/llvm/benchmark/llvm-project/libc/src/unistd/linux/lseek.cpp, 0, 0, 0
2445, /home/yrong/devel/llvm/benchmark/llvm-project/libc/src/unistd/linux/pread.cpp, 0, 0, 0
2446, /home/yrong/devel/llvm/benchmark/llvm-project/libc/src/unistd/linux/pwrite.cpp, 0, 0, 0
2447, /home/yrong/devel/llvm/benchmark/llvm-project/libc/src/unistd/linux/read.cpp, 0, 0, 0
2448, /home/yrong/devel/llvm/benchmark/llvm-project/libc/src/unistd/linux/readlink.cpp, 0, 0, 0
2449, /home/yrong/devel/llvm/benchmark/llvm-project/libc/src/unistd/linux/readlinkat.cpp, 0, 0, 0
2450, /home/yrong/devel/llvm/benchmark/llvm-project/libc/src/unistd/linux/rmdir.cpp, 0, 0, 0
2451, /home/yrong/devel/llvm/benchmark/llvm-project/libc/src/unistd/linux/symlink.cpp, 0, 0, 0
2452, /home/yrong/devel/llvm/benchmark/llvm-project/libc/src/unistd/linux/symlinkat.cpp, 0, 0, 0
2453, /home/yrong/devel/llvm/benchmark/llvm-project/libc/src/unistd/linux/sysconf.cpp, 0, 0, 0
2454, /home/yrong/devel/llvm/benchmark/llvm-project/libc/src/unistd/linux/truncate.cpp, 0, 0, 0
2455, /home/yrong/devel/llvm/benchmark/llvm-project/libc/src/unistd/linux/unlink.cpp, 0, 0, 0
2456, /home/yrong/devel/llvm/benchmark/llvm-project/libc/src/unistd/linux/unlinkat.cpp, 0, 0, 0
2457, /home/yrong/devel/llvm/benchmark/llvm-project/libc/src/unistd/linux/write.cpp, 0, 0, 0
2458, /home/yrong/devel/llvm/benchmark/llvm-project/libc/src/wchar/wctob.cpp, 6, 2, 4
2459, /home/yrong/devel/llvm/benchmark/llvm-project/libc/test/src/__support/str_to_float_comparison_test.cpp, 1208, 92, 1116
2460, /home/yrong/devel/llvm/benchmark/llvm-project/libc/test/src/math/RandUtils.cpp, 0, 0, 0
2461, /home/yrong/devel/llvm/benchmark/llvm-project/libc/test/src/math/differential_testing/Timer.cpp, 1233, 122, 1111
2462, /home/yrong/devel/llvm/benchmark/llvm-project/lld/COFF/COFFLinkerContext.cpp, 5790, 1615, 4175
2463, /home/yrong/devel/llvm/benchmark/llvm-project/lld/COFF/CallGraphSort.cpp, 5876, 1611, 4265
2464, /home/yrong/devel/llvm/benchmark/llvm-project/lld/COFF/Chunks.cpp, 5977, 1729, 4248
2465, /home/yrong/devel/llvm/benchmark/llvm-project/lld/COFF/DLL.cpp, 5970, 1726, 4244
2466, /home/yrong/devel/llvm/benchmark/llvm-project/lld/COFF/DebugTypes.cpp, 7440, 2509, 4931
2467, /home/yrong/devel/llvm/benchmark/llvm-project/lld/COFF/Driver.cpp, 13434, 6377, 7057
2468, /home/yrong/devel/llvm/benchmark/llvm-project/lld/COFF/DriverUtils.cpp, 6743, 2336, 4407
2469, /home/yrong/devel/llvm/benchmark/llvm-project/lld/COFF/ICF.cpp, 5864, 1637, 4227
2470, /home/yrong/devel/llvm/benchmark/llvm-project/lld/COFF/InputFiles.cpp, 14137, 6878, 7259
2471, /home/yrong/devel/llvm/benchmark/llvm-project/lld/COFF/LLDMapFile.cpp, 5849, 1595, 4254
2472, /home/yrong/devel/llvm/benchmark/llvm-project/lld/COFF/LTO.cpp, 12469, 5631, 6838
2473, /home/yrong/devel/llvm/benchmark/llvm-project/lld/COFF/MapFile.cpp, 5957, 1697, 4260
2474, /home/yrong/devel/llvm/benchmark/llvm-project/lld/COFF/MarkLive.cpp, 5687, 1513, 4174
2475, /home/yrong/devel/llvm/benchmark/llvm-project/lld/COFF/MinGW.cpp, 5869, 1631, 4238
2476, /home/yrong/devel/llvm/benchmark/llvm-project/lld/COFF/PDB.cpp, 8371, 3094, 5277
2477, /home/yrong/devel/llvm/benchmark/llvm-project/lld/COFF/SymbolTable.cpp, 12682, 5754, 6928
2478, /home/yrong/devel/llvm/benchmark/llvm-project/lld/COFF/Symbols.cpp, 5771, 1567, 4204
2479, /home/yrong/devel/llvm/benchmark/llvm-project/lld/COFF/Writer.cpp, 7759, 2361, 5398
2480, /home/yrong/devel/llvm/benchmark/llvm-project/lld/Common/Args.cpp, 3704, 592, 3112
2481, /home/yrong/devel/llvm/benchmark/llvm-project/lld/Common/CommonLinkerContext.cpp, 3326, 474, 2852
2482, /home/yrong/devel/llvm/benchmark/llvm-project/lld/Common/DWARF.cpp, 4498, 1179, 3319
2483, /home/yrong/devel/llvm/benchmark/llvm-project/lld/Common/DriverDispatcher.cpp, 4141, 698, 3443
2484, /home/yrong/devel/llvm/benchmark/llvm-project/lld/Common/ErrorHandler.cpp, 6464, 1442, 5022
2485, /home/yrong/devel/llvm/benchmark/llvm-project/lld/Common/Filesystem.cpp, 3624, 569, 3055
2486, /home/yrong/devel/llvm/benchmark/llvm-project/lld/Common/Memory.cpp, 3265, 423, 2842
2487, /home/yrong/devel/llvm/benchmark/llvm-project/lld/Common/Reproduce.cpp, 3746, 550, 3196
2488, /home/yrong/devel/llvm/benchmark/llvm-project/lld/Common/Strings.cpp, 3731, 617, 3114
2489, /home/yrong/devel/llvm/benchmark/llvm-project/lld/Common/TargetOptionsCommandFlags.cpp, 2790, 303, 2487
2490, /home/yrong/devel/llvm/benchmark/llvm-project/lld/Common/Timer.cpp, 3422, 421, 3001
2491, /home/yrong/devel/llvm/benchmark/llvm-project/lld/Common/Version.cpp, 1206, 105, 1101
2492, /home/yrong/devel/llvm/benchmark/llvm-project/lld/ELF/AArch64ErrataFix.cpp, 6156, 1962, 4194
2493, /home/yrong/devel/llvm/benchmark/llvm-project/lld/ELF/ARMErrataFix.cpp, 6164, 1969, 4195
2494, /home/yrong/devel/llvm/benchmark/llvm-project/lld/ELF/Arch/AArch64.cpp, 6082, 1899, 4183
2495, /home/yrong/devel/llvm/benchmark/llvm-project/lld/ELF/Arch/AMDGPU.cpp, 5338, 1252, 4086
2496, /home/yrong/devel/llvm/benchmark/llvm-project/lld/ELF/Arch/ARM.cpp, 6880, 2550, 4330
2497, /home/yrong/devel/llvm/benchmark/llvm-project/lld/ELF/Arch/AVR.cpp, 5327, 1240, 4087
2498, /home/yrong/devel/llvm/benchmark/llvm-project/lld/ELF/Arch/Hexagon.cpp, 5904, 1777, 4127
2499, /home/yrong/devel/llvm/benchmark/llvm-project/lld/ELF/Arch/LoongArch.cpp, 6047, 1907, 4140
2500, /home/yrong/devel/llvm/benchmark/llvm-project/lld/ELF/Arch/MSP430.cpp, 5217, 1148, 4069
2501, /home/yrong/devel/llvm/benchmark/llvm-project/lld/ELF/Arch/Mips.cpp, 6305, 2094, 4211
2502, /home/yrong/devel/llvm/benchmark/llvm-project/lld/ELF/Arch/MipsArchTree.cpp, 5244, 1301, 3943
2503, /home/yrong/devel/llvm/benchmark/llvm-project/lld/ELF/Arch/PPC.cpp, 5966, 1841, 4125
2504, /home/yrong/devel/llvm/benchmark/llvm-project/lld/ELF/Arch/PPC64.cpp, 6273, 2097, 4176
2505, /home/yrong/devel/llvm/benchmark/llvm-project/lld/ELF/Arch/RISCV.cpp, 6515, 2211, 4304
2506, /home/yrong/devel/llvm/benchmark/llvm-project/lld/ELF/Arch/SPARCV9.cpp, 5816, 1704, 4112
2507, /home/yrong/devel/llvm/benchmark/llvm-project/lld/ELF/Arch/X86.cpp, 5963, 1822, 4141
2508, /home/yrong/devel/llvm/benchmark/llvm-project/lld/ELF/Arch/X86_64.cpp, 6044, 1873, 4171
2509, /home/yrong/devel/llvm/benchmark/llvm-project/lld/ELF/CallGraphSort.cpp, 5470, 1293, 4177
2510, /home/yrong/devel/llvm/benchmark/llvm-project/lld/ELF/DWARF.cpp, 6946, 2289, 4657
2511, /home/yrong/devel/llvm/benchmark/llvm-project/lld/ELF/Driver.cpp, 15690, 8481, 7209
2512, /home/yrong/devel/llvm/benchmark/llvm-project/lld/ELF/DriverUtils.cpp, 5324, 1380, 3944
2513, /home/yrong/devel/llvm/benchmark/llvm-project/lld/ELF/EhFrame.cpp, 5327, 1248, 4079
2514, /home/yrong/devel/llvm/benchmark/llvm-project/lld/ELF/ICF.cpp, 6253, 2003, 4250
2515, /home/yrong/devel/llvm/benchmark/llvm-project/lld/ELF/InputFiles.cpp, 17382, 10085, 7297
2516, /home/yrong/devel/llvm/benchmark/llvm-project/lld/ELF/InputSection.cpp, 8102, 3601, 4501
2517, /home/yrong/devel/llvm/benchmark/llvm-project/lld/ELF/LTO.cpp, 12196, 5447, 6749
2518, /home/yrong/devel/llvm/benchmark/llvm-project/lld/ELF/LinkerScript.cpp, 6512, 2177, 4335
2519, /home/yrong/devel/llvm/benchmark/llvm-project/lld/ELF/MapFile.cpp, 6301, 2053, 4248
2520, /home/yrong/devel/llvm/benchmark/llvm-project/lld/ELF/MarkLive.cpp, 6241, 2006, 4235
2521, /home/yrong/devel/llvm/benchmark/llvm-project/lld/ELF/OutputSections.cpp, 6500, 2205, 4295
2522, /home/yrong/devel/llvm/benchmark/llvm-project/lld/ELF/Relocations.cpp, 8277, 3608, 4669
2523, /home/yrong/devel/llvm/benchmark/llvm-project/lld/ELF/ScriptLexer.cpp, 3051, 472, 2579
2524, /home/yrong/devel/llvm/benchmark/llvm-project/lld/ELF/ScriptParser.cpp, 6683, 2378, 4305
2525, /home/yrong/devel/llvm/benchmark/llvm-project/lld/ELF/SymbolTable.cpp, 5227, 1251, 3976
2526, /home/yrong/devel/llvm/benchmark/llvm-project/lld/ELF/Symbols.cpp, 6120, 1952, 4168
2527, /home/yrong/devel/llvm/benchmark/llvm-project/lld/ELF/SyntheticSections.cpp, 9652, 4328, 5324
2528, /home/yrong/devel/llvm/benchmark/llvm-project/lld/ELF/Target.cpp, 6008, 1877, 4131
2529, /home/yrong/devel/llvm/benchmark/llvm-project/lld/ELF/Thunks.cpp, 6203, 1972, 4231
2530, /home/yrong/devel/llvm/benchmark/llvm-project/lld/ELF/Writer.cpp, 10314, 4653, 5661
2531, /home/yrong/devel/llvm/benchmark/llvm-project/lld/MachO/Arch/ARM64.cpp, 5703, 1679, 4024
2532, /home/yrong/devel/llvm/benchmark/llvm-project/lld/MachO/Arch/ARM64Common.cpp, 5686, 1677, 4009
2533, /home/yrong/devel/llvm/benchmark/llvm-project/lld/MachO/Arch/ARM64_32.cpp, 5654, 1650, 4004
2534, /home/yrong/devel/llvm/benchmark/llvm-project/lld/MachO/Arch/X86_64.cpp, 5659, 1656, 4003
2535, /home/yrong/devel/llvm/benchmark/llvm-project/lld/MachO/ConcatOutputSection.cpp, 6597, 2153, 4444
2536, /home/yrong/devel/llvm/benchmark/llvm-project/lld/MachO/Driver.cpp, 13613, 6602, 7011
2537, /home/yrong/devel/llvm/benchmark/llvm-project/lld/MachO/DriverUtils.cpp, 12751, 5985, 6766
2538, /home/yrong/devel/llvm/benchmark/llvm-project/lld/MachO/Dwarf.cpp, 5467, 1495, 3972
2539, /home/yrong/devel/llvm/benchmark/llvm-project/lld/MachO/EhFrame.cpp, 5511, 1509, 4002
2540, /home/yrong/devel/llvm/benchmark/llvm-project/lld/MachO/ExportTrie.cpp, 5460, 1523, 3937
2541, /home/yrong/devel/llvm/benchmark/llvm-project/lld/MachO/ICF.cpp, 5860, 1754, 4106
2542, /home/yrong/devel/llvm/benchmark/llvm-project/lld/MachO/InputFiles.cpp, 14104, 6996, 7108
2543, /home/yrong/devel/llvm/benchmark/llvm-project/lld/MachO/InputSection.cpp, 5850, 1796, 4054
2544, /home/yrong/devel/llvm/benchmark/llvm-project/lld/MachO/LTO.cpp, 12482, 5711, 6771
2545, /home/yrong/devel/llvm/benchmark/llvm-project/lld/MachO/MapFile.cpp, 5965, 1838, 4127
2546, /home/yrong/devel/llvm/benchmark/llvm-project/lld/MachO/MarkLive.cpp, 5771, 1712, 4059
2547, /home/yrong/devel/llvm/benchmark/llvm-project/lld/MachO/ObjC.cpp, 5704, 1618, 4086
2548, /home/yrong/devel/llvm/benchmark/llvm-project/lld/MachO/OutputSection.cpp, 5416, 1444, 3972
2549, /home/yrong/devel/llvm/benchmark/llvm-project/lld/MachO/OutputSegment.cpp, 5834, 1762, 4072
2550, /home/yrong/devel/llvm/benchmark/llvm-project/lld/MachO/Relocations.cpp, 5724, 1711, 4013
2551, /home/yrong/devel/llvm/benchmark/llvm-project/lld/MachO/SectionPriorities.cpp, 5861, 1719, 4142
2552, /home/yrong/devel/llvm/benchmark/llvm-project/lld/MachO/SymbolTable.cpp, 6057, 1911, 4146
2553, /home/yrong/devel/llvm/benchmark/llvm-project/lld/MachO/Symbols.cpp, 5649, 1637, 4012
2554, /home/yrong/devel/llvm/benchmark/llvm-project/lld/MachO/SyntheticSections.cpp, 6820, 2449, 4371
2555, /home/yrong/devel/llvm/benchmark/llvm-project/lld/MachO/Target.cpp, 2946, 340, 2606
2556, /home/yrong/devel/llvm/benchmark/llvm-project/lld/MachO/UnwindInfoSection.cpp, 6203, 1945, 4258
2557, /home/yrong/devel/llvm/benchmark/llvm-project/lld/MachO/Writer.cpp, 6664, 2267, 4397
2558, /home/yrong/devel/llvm/benchmark/llvm-project/lld/MinGW/Driver.cpp, 4816, 1113, 3703
2559, /home/yrong/devel/llvm/benchmark/llvm-project/lld/tools/lld/lld.cpp, 4134, 697, 3437
2560, /home/yrong/devel/llvm/benchmark/llvm-project/lld/wasm/Driver.cpp, 12580, 5740, 6840
2561, /home/yrong/devel/llvm/benchmark/llvm-project/lld/wasm/InputChunks.cpp, 11696, 5023, 6673
2562, /home/yrong/devel/llvm/benchmark/llvm-project/lld/wasm/InputFiles.cpp, 12212, 5423, 6789
2563, /home/yrong/devel/llvm/benchmark/llvm-project/lld/wasm/LTO.cpp, 11807, 5135, 6672
2564, /home/yrong/devel/llvm/benchmark/llvm-project/lld/wasm/MapFile.cpp, 11939, 5161, 6778
2565, /home/yrong/devel/llvm/benchmark/llvm-project/lld/wasm/MarkLive.cpp, 11698, 5043, 6655
2566, /home/yrong/devel/llvm/benchmark/llvm-project/lld/wasm/OutputSections.cpp, 11806, 5098, 6708
2567, /home/yrong/devel/llvm/benchmark/llvm-project/lld/wasm/OutputSegment.cpp, 11651, 4991, 6660
2568, /home/yrong/devel/llvm/benchmark/llvm-project/lld/wasm/Relocations.cpp, 11825, 5123, 6702
2569, /home/yrong/devel/llvm/benchmark/llvm-project/lld/wasm/SymbolTable.cpp, 12299, 5467, 6832
2570, /home/yrong/devel/llvm/benchmark/llvm-project/lld/wasm/Symbols.cpp, 11758, 5048, 6710
2571, /home/yrong/devel/llvm/benchmark/llvm-project/lld/wasm/SyntheticSections.cpp, 12331, 5493, 6838
2572, /home/yrong/devel/llvm/benchmark/llvm-project/lld/wasm/Writer.cpp, 13471, 5899, 7572
2573, /home/yrong/devel/llvm/benchmark/llvm-project/lld/wasm/WriterUtils.cpp, 3853, 801, 3052
2574, /home/yrong/devel/llvm/benchmark/llvm-project/lldb/source/API/SBAddress.cpp, 7219, 2476, 4743
2575, /home/yrong/devel/llvm/benchmark/llvm-project/lldb/source/API/SBAttachInfo.cpp, 7727, 2949, 4778
2576, /home/yrong/devel/llvm/benchmark/llvm-project/lldb/source/API/SBBlock.cpp, 8035, 3130, 4905
2577, /home/yrong/devel/llvm/benchmark/llvm-project/lldb/source/API/SBBreakpoint.cpp, 8095, 3288, 4807
2578, /home/yrong/devel/llvm/benchmark/llvm-project/lldb/source/API/SBBreakpointLocation.cpp, 7355, 2615, 4740
2579, /home/yrong/devel/llvm/benchmark/llvm-project/lldb/source/API/SBBreakpointName.cpp, 7415, 2672, 4743
2580, /home/yrong/devel/llvm/benchmark/llvm-project/lldb/source/API/SBBreakpointOptionCommon.cpp, 7868, 3072, 4796
2581, /home/yrong/devel/llvm/benchmark/llvm-project/lldb/source/API/SBBroadcaster.cpp, 4183, 662, 3521
2582, /home/yrong/devel/llvm/benchmark/llvm-project/lldb/source/API/SBCommandInterpreter.cpp, 7529, 2751, 4778
2583, /home/yrong/devel/llvm/benchmark/llvm-project/lldb/source/API/SBCommandInterpreterRunOptions.cpp, 7148, 2410, 4738
2584, /home/yrong/devel/llvm/benchmark/llvm-project/lldb/source/API/SBCommandReturnObject.cpp, 4352, 795, 3557
2585, /home/yrong/devel/llvm/benchmark/llvm-project/lldb/source/API/SBCommunication.cpp, 4418, 829, 3589
2586, /home/yrong/devel/llvm/benchmark/llvm-project/lldb/source/API/SBCompileUnit.cpp, 7138, 2416, 4722
2587, /home/yrong/devel/llvm/benchmark/llvm-project/lldb/source/API/SBData.cpp, 4230, 724, 3506
2588, /home/yrong/devel/llvm/benchmark/llvm-project/lldb/source/API/SBDebugger.cpp, 8979, 4035, 4944
2589, /home/yrong/devel/llvm/benchmark/llvm-project/lldb/source/API/SBDeclaration.cpp, 4165, 649, 3516
2590, /home/yrong/devel/llvm/benchmark/llvm-project/lldb/source/API/SBEnvironment.cpp, 4251, 713, 3538
2591, /home/yrong/devel/llvm/benchmark/llvm-project/lldb/source/API/SBError.cpp, 4122, 641, 3481
2592, /home/yrong/devel/llvm/benchmark/llvm-project/lldb/source/API/SBEvent.cpp, 7729, 2932, 4797
2593, /home/yrong/devel/llvm/benchmark/llvm-project/lldb/source/API/SBExecutionContext.cpp, 4289, 776, 3513
2594, /home/yrong/devel/llvm/benchmark/llvm-project/lldb/source/API/SBExpressionOptions.cpp, 6911, 2196, 4715
2595, /home/yrong/devel/llvm/benchmark/llvm-project/lldb/source/API/SBFile.cpp, 4215, 675, 3540
2596, /home/yrong/devel/llvm/benchmark/llvm-project/lldb/source/API/SBFileSpec.cpp, 4594, 958, 3636
2597, /home/yrong/devel/llvm/benchmark/llvm-project/lldb/source/API/SBFileSpecList.cpp, 4164, 668, 3496
2598, /home/yrong/devel/llvm/benchmark/llvm-project/lldb/source/API/SBFrame.cpp, 8465, 3550, 4915
2599, /home/yrong/devel/llvm/benchmark/llvm-project/lldb/source/API/SBFunction.cpp, 7564, 2744, 4820
2600, /home/yrong/devel/llvm/benchmark/llvm-project/lldb/source/API/SBHostOS.cpp, 6280, 1858, 4422
2601, /home/yrong/devel/llvm/benchmark/llvm-project/lldb/source/API/SBInstruction.cpp, 7287, 2544, 4743
2602, /home/yrong/devel/llvm/benchmark/llvm-project/lldb/source/API/SBInstructionList.cpp, 6647, 2066, 4581
2603, /home/yrong/devel/llvm/benchmark/llvm-project/lldb/source/API/SBLanguageRuntime.cpp, 7762, 2926, 4836
2604, /home/yrong/devel/llvm/benchmark/llvm-project/lldb/source/API/SBLaunchInfo.cpp, 6173, 1742, 4431
2605, /home/yrong/devel/llvm/benchmark/llvm-project/lldb/source/API/SBLineEntry.cpp, 4296, 779, 3517
2606, /home/yrong/devel/llvm/benchmark/llvm-project/lldb/source/API/SBListener.cpp, 7025, 2285, 4740
2607, /home/yrong/devel/llvm/benchmark/llvm-project/lldb/source/API/SBMemoryRegionInfo.cpp, 4265, 681, 3584
2608, /home/yrong/devel/llvm/benchmark/llvm-project/lldb/source/API/SBMemoryRegionInfoList.cpp, 4267, 673, 3594
2609, /home/yrong/devel/llvm/benchmark/llvm-project/lldb/source/API/SBModule.cpp, 8318, 3370, 4948
2610, /home/yrong/devel/llvm/benchmark/llvm-project/lldb/source/API/SBModuleSpec.cpp, 6552, 1975, 4577
2611, /home/yrong/devel/llvm/benchmark/llvm-project/lldb/source/API/SBPlatform.cpp, 7215, 2454, 4761
2612, /home/yrong/devel/llvm/benchmark/llvm-project/lldb/source/API/SBProcess.cpp, 8075, 3271, 4804
2613, /home/yrong/devel/llvm/benchmark/llvm-project/lldb/source/API/SBProcessInfo.cpp, 5526, 1292, 4234
2614, /home/yrong/devel/llvm/benchmark/llvm-project/lldb/source/API/SBQueue.cpp, 7684, 2893, 4791
2615, /home/yrong/devel/llvm/benchmark/llvm-project/lldb/source/API/SBQueueItem.cpp, 7602, 2819, 4783
2616, /home/yrong/devel/llvm/benchmark/llvm-project/lldb/source/API/SBReproducer.cpp, 4987, 1349, 3638
2617, /home/yrong/devel/llvm/benchmark/llvm-project/lldb/source/API/SBScriptObject.cpp, 4089, 608, 3481
2618, /home/yrong/devel/llvm/benchmark/llvm-project/lldb/source/API/SBSection.cpp, 6632, 2049, 4583
2619, /home/yrong/devel/llvm/benchmark/llvm-project/lldb/source/API/SBSourceManager.cpp, 7128, 2401, 4727
2620, /home/yrong/devel/llvm/benchmark/llvm-project/lldb/source/API/SBStream.cpp, 4697, 1045, 3652
2621, /home/yrong/devel/llvm/benchmark/llvm-project/lldb/source/API/SBStringList.cpp, 4118, 632, 3486
2622, /home/yrong/devel/llvm/benchmark/llvm-project/lldb/source/API/SBStructuredData.cpp, 7304, 2555, 4749
2623, /home/yrong/devel/llvm/benchmark/llvm-project/lldb/source/API/SBSymbol.cpp, 7194, 2455, 4739
2624, /home/yrong/devel/llvm/benchmark/llvm-project/lldb/source/API/SBSymbolContext.cpp, 6892, 2246, 4646
2625, /home/yrong/devel/llvm/benchmark/llvm-project/lldb/source/API/SBSymbolContextList.cpp, 4314, 795, 3519
2626, /home/yrong/devel/llvm/benchmark/llvm-project/lldb/source/API/SBTarget.cpp, 9312, 4272, 5040
2627, /home/yrong/devel/llvm/benchmark/llvm-project/lldb/source/API/SBThread.cpp, 8587, 3660, 4927
2628, /home/yrong/devel/llvm/benchmark/llvm-project/lldb/source/API/SBThreadCollection.cpp, 5948, 1610, 4338
2629, /home/yrong/devel/llvm/benchmark/llvm-project/lldb/source/API/SBThreadPlan.cpp, 8302, 3419, 4883
2630, /home/yrong/devel/llvm/benchmark/llvm-project/lldb/source/API/SBTrace.cpp, 7640, 2859, 4781
2631, /home/yrong/devel/llvm/benchmark/llvm-project/lldb/source/API/SBTraceCursor.cpp, 4158, 648, 3510
2632, /home/yrong/devel/llvm/benchmark/llvm-project/lldb/source/API/SBType.cpp, 5410, 1422, 3988
2633, /home/yrong/devel/llvm/benchmark/llvm-project/lldb/source/API/SBTypeCategory.cpp, 8236, 3343, 4893
2634, /home/yrong/devel/llvm/benchmark/llvm-project/lldb/source/API/SBTypeEnumMember.cpp, 4362, 764, 3598
2635, /home/yrong/devel/llvm/benchmark/llvm-project/lldb/source/API/SBTypeFilter.cpp, 8022, 3146, 4876
2636, /home/yrong/devel/llvm/benchmark/llvm-project/lldb/source/API/SBTypeFormat.cpp, 8024, 3151, 4873
2637, /home/yrong/devel/llvm/benchmark/llvm-project/lldb/source/API/SBTypeNameSpecifier.cpp, 8051, 3178, 4873
2638, /home/yrong/devel/llvm/benchmark/llvm-project/lldb/source/API/SBTypeSummary.cpp, 8158, 3268, 4890
2639, /home/yrong/devel/llvm/benchmark/llvm-project/lldb/source/API/SBTypeSynthetic.cpp, 8027, 3154, 4873
2640, /home/yrong/devel/llvm/benchmark/llvm-project/lldb/source/API/SBUnixSignals.cpp, 7529, 2742, 4787
2641, /home/yrong/devel/llvm/benchmark/llvm-project/lldb/source/API/SBValue.cpp, 8734, 3777, 4957
2642, /home/yrong/devel/llvm/benchmark/llvm-project/lldb/source/API/SBValueList.cpp, 4192, 697, 3495
2643, /home/yrong/devel/llvm/benchmark/llvm-project/lldb/source/API/SBVariablesOptions.cpp, 6996, 2278, 4718
2644, /home/yrong/devel/llvm/benchmark/llvm-project/lldb/source/API/SBWatchpoint.cpp, 7711, 2931, 4780
2645, /home/yrong/devel/llvm/benchmark/llvm-project/lldb/source/API/SystemInitializerFull.cpp, 9032, 3532, 5500
2646, /home/yrong/devel/llvm/benchmark/llvm-project/lldb/source/Breakpoint/Breakpoint.cpp, 7635, 2747, 4888
2647, /home/yrong/devel/llvm/benchmark/llvm-project/lldb/source/Breakpoint/BreakpointID.cpp, 5019, 1083, 3936
2648, /home/yrong/devel/llvm/benchmark/llvm-project/lldb/source/Breakpoint/BreakpointIDList.cpp, 6941, 2202, 4739
2649, /home/yrong/devel/llvm/benchmark/llvm-project/lldb/source/Breakpoint/BreakpointList.cpp, 6821, 2099, 4722
2650, /home/yrong/devel/llvm/benchmark/llvm-project/lldb/source/Breakpoint/BreakpointLocation.cpp, 8183, 3235, 4948
2651, /home/yrong/devel/llvm/benchmark/llvm-project/lldb/source/Breakpoint/BreakpointLocationCollection.cpp, 6610, 1986, 4624
2652, /home/yrong/devel/llvm/benchmark/llvm-project/lldb/source/Breakpoint/BreakpointLocationList.cpp, 7076, 2334, 4742
2653, /home/yrong/devel/llvm/benchmark/llvm-project/lldb/source/Breakpoint/BreakpointName.cpp, 5164, 1135, 4029
2654, /home/yrong/devel/llvm/benchmark/llvm-project/lldb/source/Breakpoint/BreakpointOptions.cpp, 7834, 2983, 4851
2655, /home/yrong/devel/llvm/benchmark/llvm-project/lldb/source/Breakpoint/BreakpointPrecondition.cpp, 2889, 359, 2530
2656, /home/yrong/devel/llvm/benchmark/llvm-project/lldb/source/Breakpoint/BreakpointResolver.cpp, 7381, 2538, 4843
2657, /home/yrong/devel/llvm/benchmark/llvm-project/lldb/source/Breakpoint/BreakpointResolverAddress.cpp, 7481, 2703, 4778
2658, /home/yrong/devel/llvm/benchmark/llvm-project/lldb/source/Breakpoint/BreakpointResolverFileLine.cpp, 7386, 2574, 4812
2659, /home/yrong/devel/llvm/benchmark/llvm-project/lldb/source/Breakpoint/BreakpointResolverFileRegex.cpp, 7208, 2398, 4810
2660, /home/yrong/devel/llvm/benchmark/llvm-project/lldb/source/Breakpoint/BreakpointResolverName.cpp, 8096, 3179, 4917
2661, /home/yrong/devel/llvm/benchmark/llvm-project/lldb/source/Breakpoint/BreakpointResolverScripted.cpp, 7725, 2930, 4795
2662, /home/yrong/devel/llvm/benchmark/llvm-project/lldb/source/Breakpoint/BreakpointSite.cpp, 5170, 1084, 4086
2663, /home/yrong/devel/llvm/benchmark/llvm-project/lldb/source/Breakpoint/BreakpointSiteList.cpp, 3232, 325, 2907
2664, /home/yrong/devel/llvm/benchmark/llvm-project/lldb/source/Breakpoint/Stoppoint.cpp, 2865, 239, 2626
2665, /home/yrong/devel/llvm/benchmark/llvm-project/lldb/source/Breakpoint/StoppointCallbackContext.cpp, 2948, 278, 2670
2666, /home/yrong/devel/llvm/benchmark/llvm-project/lldb/source/Breakpoint/StoppointSite.cpp, 2866, 239, 2627
2667, /home/yrong/devel/llvm/benchmark/llvm-project/lldb/source/Breakpoint/Watchpoint.cpp, 7697, 2874, 4823
2668, /home/yrong/devel/llvm/benchmark/llvm-project/lldb/source/Breakpoint/WatchpointList.cpp, 6861, 2147, 4714
2669, /home/yrong/devel/llvm/benchmark/llvm-project/lldb/source/Breakpoint/WatchpointOptions.cpp, 7439, 2663, 4776
2670, /home/yrong/devel/llvm/benchmark/llvm-project/lldb/source/Commands/CommandCompletions.cpp, 8623, 3622, 5001
2671, /home/yrong/devel/llvm/benchmark/llvm-project/lldb/source/Commands/CommandObjectApropos.cpp, 7129, 2381, 4748
2672, /home/yrong/devel/llvm/benchmark/llvm-project/lldb/source/Commands/CommandObjectBreakpoint.cpp, 8243, 3298, 4945
2673, /home/yrong/devel/llvm/benchmark/llvm-project/lldb/source/Commands/CommandObjectBreakpointCommand.cpp, 7180, 2424, 4756
2674, /home/yrong/devel/llvm/benchmark/llvm-project/lldb/source/Commands/CommandObjectCommands.cpp, 7332, 2525, 4807
2675, /home/yrong/devel/llvm/benchmark/llvm-project/lldb/source/Commands/CommandObjectDWIMPrint.cpp, 9934, 3742, 6192
2676, /home/yrong/devel/llvm/benchmark/llvm-project/lldb/source/Commands/CommandObjectDiagnostics.cpp, 5752, 1452, 4300
2677, /home/yrong/devel/llvm/benchmark/llvm-project/lldb/source/Commands/CommandObjectDisassemble.cpp, 7630, 2786, 4844
2678, /home/yrong/devel/llvm/benchmark/llvm-project/lldb/source/Commands/CommandObjectExpression.cpp, 8112, 3222, 4890
2679, /home/yrong/devel/llvm/benchmark/llvm-project/lldb/source/Commands/CommandObjectFrame.cpp, 8673, 3650, 5023
2680, /home/yrong/devel/llvm/benchmark/llvm-project/lldb/source/Commands/CommandObjectGUI.cpp, 7099, 2356, 4743
2681, /home/yrong/devel/llvm/benchmark/llvm-project/lldb/source/Commands/CommandObjectHelp.cpp, 7135, 2370, 4765
2682, /home/yrong/devel/llvm/benchmark/llvm-project/lldb/source/Commands/CommandObjectLanguage.cpp, 7658, 2840, 4818
2683, /home/yrong/devel/llvm/benchmark/llvm-project/lldb/source/Commands/CommandObjectLog.cpp, 7091, 2331, 4760
2684, /home/yrong/devel/llvm/benchmark/llvm-project/lldb/source/Commands/CommandObjectMemory.cpp, 8799, 3749, 5050
2685, /home/yrong/devel/llvm/benchmark/llvm-project/lldb/source/Commands/CommandObjectMemoryTag.cpp, 7768, 2923, 4845
2686, /home/yrong/devel/llvm/benchmark/llvm-project/lldb/source/Commands/CommandObjectMultiword.cpp, 7194, 2438, 4756
2687, /home/yrong/devel/llvm/benchmark/llvm-project/lldb/source/Commands/CommandObjectPlatform.cpp, 8130, 3233, 4897
2688, /home/yrong/devel/llvm/benchmark/llvm-project/lldb/source/Commands/CommandObjectPlugin.cpp, 7114, 2364, 4750
2689, /home/yrong/devel/llvm/benchmark/llvm-project/lldb/source/Commands/CommandObjectProcess.cpp, 8172, 3198, 4974
2690, /home/yrong/devel/llvm/benchmark/llvm-project/lldb/source/Commands/CommandObjectQuit.cpp, 7728, 2922, 4806
2691, /home/yrong/devel/llvm/benchmark/llvm-project/lldb/source/Commands/CommandObjectRegexCommand.cpp, 7149, 2395, 4754
2692, /home/yrong/devel/llvm/benchmark/llvm-project/lldb/source/Commands/CommandObjectRegister.cpp, 7921, 3079, 4842
2693, /home/yrong/devel/llvm/benchmark/llvm-project/lldb/source/Commands/CommandObjectScript.cpp, 8147, 3252, 4895
2694, /home/yrong/devel/llvm/benchmark/llvm-project/lldb/source/Commands/CommandObjectSession.cpp, 7156, 2399, 4757
2695, /home/yrong/devel/llvm/benchmark/llvm-project/lldb/source/Commands/CommandObjectSettings.cpp, 7173, 2402, 4771
2696, /home/yrong/devel/llvm/benchmark/llvm-project/lldb/source/Commands/CommandObjectSource.cpp, 8017, 3100, 4917
2697, /home/yrong/devel/llvm/benchmark/llvm-project/lldb/source/Commands/CommandObjectStats.cpp, 6990, 2251, 4739
2698, /home/yrong/devel/llvm/benchmark/llvm-project/lldb/source/Commands/CommandObjectTarget.cpp, 15742, 7785, 7957
2699, /home/yrong/devel/llvm/benchmark/llvm-project/lldb/source/Commands/CommandObjectThread.cpp, 9069, 3605, 5464
2700, /home/yrong/devel/llvm/benchmark/llvm-project/lldb/source/Commands/CommandObjectThreadUtil.cpp, 7606, 2796, 4810
2701, /home/yrong/devel/llvm/benchmark/llvm-project/lldb/source/Commands/CommandObjectTrace.cpp, 7861, 3026, 4835
2702, /home/yrong/devel/llvm/benchmark/llvm-project/lldb/source/Commands/CommandObjectType.cpp, 9061, 3933, 5128
2703, /home/yrong/devel/llvm/benchmark/llvm-project/lldb/source/Commands/CommandObjectVersion.cpp, 5503, 1279, 4224
2704, /home/yrong/devel/llvm/benchmark/llvm-project/lldb/source/Commands/CommandObjectWatchpoint.cpp, 8253, 3310, 4943
2705, /home/yrong/devel/llvm/benchmark/llvm-project/lldb/source/Commands/CommandObjectWatchpointCommand.cpp, 7194, 2437, 4757
2706, /home/yrong/devel/llvm/benchmark/llvm-project/lldb/source/Commands/CommandOptionArgumentTable.cpp, 7963, 3089, 4874
2707, /home/yrong/devel/llvm/benchmark/llvm-project/lldb/source/Commands/CommandOptionsProcessAttach.cpp, 7481, 2698, 4783
2708, /home/yrong/devel/llvm/benchmark/llvm-project/lldb/source/Commands/CommandOptionsProcessLaunch.cpp, 6858, 2132, 4726
2709, /home/yrong/devel/llvm/benchmark/llvm-project/lldb/source/Core/Address.cpp, 8156, 3143, 5013
2710, /home/yrong/devel/llvm/benchmark/llvm-project/lldb/source/Core/AddressRange.cpp, 6971, 2232, 4739
2711, /home/yrong/devel/llvm/benchmark/llvm-project/lldb/source/Core/AddressResolver.cpp, 4599, 862, 3737
2712, /home/yrong/devel/llvm/benchmark/llvm-project/lldb/source/Core/AddressResolverFileLine.cpp, 6137, 1677, 4460
2713, /home/yrong/devel/llvm/benchmark/llvm-project/lldb/source/Core/Communication.cpp, 3387, 645, 2742
2714, /home/yrong/devel/llvm/benchmark/llvm-project/lldb/source/Core/DataFileCache.cpp, 6574, 1980, 4594
2715, /home/yrong/devel/llvm/benchmark/llvm-project/lldb/source/Core/Debugger.cpp, 9298, 4116, 5182
2716, /home/yrong/devel/llvm/benchmark/llvm-project/lldb/source/Core/DebuggerEvents.cpp, 7121, 2366, 4755
2717, /home/yrong/devel/llvm/benchmark/llvm-project/lldb/source/Core/Declaration.cpp, 3573, 482, 3091
2718, /home/yrong/devel/llvm/benchmark/llvm-project/lldb/source/Core/Disassembler.cpp, 7913, 2982, 4931
2719, /home/yrong/devel/llvm/benchmark/llvm-project/lldb/source/Core/DumpDataExtractor.cpp, 8299, 2839, 5460
2720, /home/yrong/devel/llvm/benchmark/llvm-project/lldb/source/Core/DumpRegisterInfo.cpp, 3453, 512, 2941
2721, /home/yrong/devel/llvm/benchmark/llvm-project/lldb/source/Core/DumpRegisterValue.cpp, 7648, 2808, 4840
2722, /home/yrong/devel/llvm/benchmark/llvm-project/lldb/source/Core/DynamicLoader.cpp, 7501, 2709, 4792
2723, /home/yrong/devel/llvm/benchmark/llvm-project/lldb/source/Core/EmulateInstruction.cpp, 7519, 2708, 4811
2724, /home/yrong/devel/llvm/benchmark/llvm-project/lldb/source/Core/FileLineResolver.cpp, 6052, 1639, 4413
2725, /home/yrong/devel/llvm/benchmark/llvm-project/lldb/source/Core/FormatEntity.cpp, 8739, 3656, 5083
2726, /home/yrong/devel/llvm/benchmark/llvm-project/lldb/source/Core/Highlighter.cpp, 7739, 2913, 4826
2727, /home/yrong/devel/llvm/benchmark/llvm-project/lldb/source/Core/IOHandler.cpp, 7951, 2418, 5533
2728, /home/yrong/devel/llvm/benchmark/llvm-project/lldb/source/Core/IOHandlerCursesGUI.cpp, 9204, 3954, 5250
2729, /home/yrong/devel/llvm/benchmark/llvm-project/lldb/source/Core/Mangled.cpp, 7863, 3028, 4835
2730, /home/yrong/devel/llvm/benchmark/llvm-project/lldb/source/Core/Module.cpp, 8741, 3716, 5025
2731, /home/yrong/devel/llvm/benchmark/llvm-project/lldb/source/Core/ModuleChild.cpp, 468, 12, 456
2732, /home/yrong/devel/llvm/benchmark/llvm-project/lldb/source/Core/ModuleList.cpp, 7682, 2740, 4942
2733, /home/yrong/devel/llvm/benchmark/llvm-project/lldb/source/Core/Opcode.cpp, 2927, 380, 2547
2734, /home/yrong/devel/llvm/benchmark/llvm-project/lldb/source/Core/PluginManager.cpp, 8250, 3293, 4957
2735, /home/yrong/devel/llvm/benchmark/llvm-project/lldb/source/Core/Progress.cpp, 6915, 2185, 4730
2736, /home/yrong/devel/llvm/benchmark/llvm-project/lldb/source/Core/RichManglingContext.cpp, 7849, 3006, 4843
2737, /home/yrong/devel/llvm/benchmark/llvm-project/lldb/source/Core/SearchFilter.cpp, 7597, 2689, 4908
2738, /home/yrong/devel/llvm/benchmark/llvm-project/lldb/source/Core/Section.cpp, 7090, 2330, 4760
2739, /home/yrong/devel/llvm/benchmark/llvm-project/lldb/source/Core/SourceLocationSpec.cpp, 3752, 569, 3183
2740, /home/yrong/devel/llvm/benchmark/llvm-project/lldb/source/Core/SourceManager.cpp, 8023, 3134, 4889
2741, /home/yrong/devel/llvm/benchmark/llvm-project/lldb/source/Core/StreamAsynchronousIO.cpp, 6913, 2184, 4729
2742, /home/yrong/devel/llvm/benchmark/llvm-project/lldb/source/Core/StreamFile.cpp, 4342, 932, 3410
2743, /home/yrong/devel/llvm/benchmark/llvm-project/lldb/source/Core/ThreadedCommunication.cpp, 5363, 1238, 4125
2744, /home/yrong/devel/llvm/benchmark/llvm-project/lldb/source/Core/UserSettingsController.cpp, 5369, 1241, 4128
2745, /home/yrong/devel/llvm/benchmark/llvm-project/lldb/source/Core/Value.cpp, 7724, 2860, 4864
2746, /home/yrong/devel/llvm/benchmark/llvm-project/lldb/source/Core/ValueObject.cpp, 8733, 3691, 5042
2747, /home/yrong/devel/llvm/benchmark/llvm-project/lldb/source/Core/ValueObjectCast.cpp, 7570, 2758, 4812
2748, /home/yrong/devel/llvm/benchmark/llvm-project/lldb/source/Core/ValueObjectChild.cpp, 7636, 2817, 4819
2749, /home/yrong/devel/llvm/benchmark/llvm-project/lldb/source/Core/ValueObjectConstResult.cpp, 7586, 2767, 4819
2750, /home/yrong/devel/llvm/benchmark/llvm-project/lldb/source/Core/ValueObjectConstResultCast.cpp, 7566, 2754, 4812
2751, /home/yrong/devel/llvm/benchmark/llvm-project/lldb/source/Core/ValueObjectConstResultChild.cpp, 7576, 2764, 4812
2752, /home/yrong/devel/llvm/benchmark/llvm-project/lldb/source/Core/ValueObjectConstResultImpl.cpp, 7597, 2779, 4818
2753, /home/yrong/devel/llvm/benchmark/llvm-project/lldb/source/Core/ValueObjectDynamicValue.cpp, 7676, 2851, 4825
2754, /home/yrong/devel/llvm/benchmark/llvm-project/lldb/source/Core/ValueObjectList.cpp, 7617, 2788, 4829
2755, /home/yrong/devel/llvm/benchmark/llvm-project/lldb/source/Core/ValueObjectMemory.cpp, 7589, 2767, 4822
2756, /home/yrong/devel/llvm/benchmark/llvm-project/lldb/source/Core/ValueObjectRegister.cpp, 7672, 2844, 4828
2757, /home/yrong/devel/llvm/benchmark/llvm-project/lldb/source/Core/ValueObjectSyntheticFilter.cpp, 7719, 2895, 4824
2758, /home/yrong/devel/llvm/benchmark/llvm-project/lldb/source/Core/ValueObjectUpdater.cpp, 7577, 2765, 4812
2759, /home/yrong/devel/llvm/benchmark/llvm-project/lldb/source/Core/ValueObjectVariable.cpp, 7861, 2967, 4894
2760, /home/yrong/devel/llvm/benchmark/llvm-project/lldb/source/DataFormatters/CXXFunctionPointer.cpp, 7734, 2880, 4854
2761, /home/yrong/devel/llvm/benchmark/llvm-project/lldb/source/DataFormatters/DataVisualization.cpp, 7980, 3109, 4871
2762, /home/yrong/devel/llvm/benchmark/llvm-project/lldb/source/DataFormatters/DumpValueObjectOptions.cpp, 7579, 2765, 4814
2763, /home/yrong/devel/llvm/benchmark/llvm-project/lldb/source/DataFormatters/FormatCache.cpp, 3056, 338, 2718
2764, /home/yrong/devel/llvm/benchmark/llvm-project/lldb/source/DataFormatters/FormatClasses.cpp, 7961, 3090, 4871
2765, /home/yrong/devel/llvm/benchmark/llvm-project/lldb/source/DataFormatters/FormatManager.cpp, 8272, 3364, 4908
2766, /home/yrong/devel/llvm/benchmark/llvm-project/lldb/source/DataFormatters/FormattersHelpers.cpp, 7975, 3099, 4876
2767, /home/yrong/devel/llvm/benchmark/llvm-project/lldb/source/DataFormatters/LanguageCategory.cpp, 7988, 3113, 4875
2768, /home/yrong/devel/llvm/benchmark/llvm-project/lldb/source/DataFormatters/StringPrinter.cpp, 8402, 3100, 5302
2769, /home/yrong/devel/llvm/benchmark/llvm-project/lldb/source/DataFormatters/TypeCategory.cpp, 8131, 3230, 4901
2770, /home/yrong/devel/llvm/benchmark/llvm-project/lldb/source/DataFormatters/TypeCategoryMap.cpp, 8037, 3143, 4894
2771, /home/yrong/devel/llvm/benchmark/llvm-project/lldb/source/DataFormatters/TypeFormat.cpp, 8408, 3414, 4994
2772, /home/yrong/devel/llvm/benchmark/llvm-project/lldb/source/DataFormatters/TypeSummary.cpp, 7833, 2999, 4834
2773, /home/yrong/devel/llvm/benchmark/llvm-project/lldb/source/DataFormatters/TypeSynthetic.cpp, 7854, 3010, 4844
2774, /home/yrong/devel/llvm/benchmark/llvm-project/lldb/source/DataFormatters/ValueObjectPrinter.cpp, 8249, 3302, 4947
2775, /home/yrong/devel/llvm/benchmark/llvm-project/lldb/source/DataFormatters/VectorType.cpp, 7958, 3081, 4877
2776, /home/yrong/devel/llvm/benchmark/llvm-project/lldb/source/Expression/DWARFExpression.cpp, 9178, 4052, 5126
2777, /home/yrong/devel/llvm/benchmark/llvm-project/lldb/source/Expression/DWARFExpressionList.cpp, 7690, 2872, 4818
2778, /home/yrong/devel/llvm/benchmark/llvm-project/lldb/source/Expression/DiagnosticManager.cpp, 3201, 482, 2719
2779, /home/yrong/devel/llvm/benchmark/llvm-project/lldb/source/Expression/Expression.cpp, 6771, 2062, 4709
2780, /home/yrong/devel/llvm/benchmark/llvm-project/lldb/source/Expression/ExpressionTypeSystemHelper.cpp, 522, 6, 516
2781, /home/yrong/devel/llvm/benchmark/llvm-project/lldb/source/Expression/ExpressionVariable.cpp, 8642, 3346, 5296
2782, /home/yrong/devel/llvm/benchmark/llvm-project/lldb/source/Expression/FunctionCaller.cpp, 8836, 3510, 5326
2783, /home/yrong/devel/llvm/benchmark/llvm-project/lldb/source/Expression/IRExecutionUnit.cpp, 10025, 4428, 5597
2784, /home/yrong/devel/llvm/benchmark/llvm-project/lldb/source/Expression/IRInterpreter.cpp, 9935, 4135, 5800
2785, /home/yrong/devel/llvm/benchmark/llvm-project/lldb/source/Expression/IRMemoryMap.cpp, 7499, 2711, 4788
2786, /home/yrong/devel/llvm/benchmark/llvm-project/lldb/source/Expression/LLVMUserExpression.cpp, 9221, 3821, 5400
2787, /home/yrong/devel/llvm/benchmark/llvm-project/lldb/source/Expression/Materializer.cpp, 8200, 3239, 4961
2788, /home/yrong/devel/llvm/benchmark/llvm-project/lldb/source/Expression/ObjectFileJIT.cpp, 7473, 2681, 4792
2789, /home/yrong/devel/llvm/benchmark/llvm-project/lldb/source/Expression/REPL.cpp, 8107, 3209, 4898
2790, /home/yrong/devel/llvm/benchmark/llvm-project/lldb/source/Expression/UserExpression.cpp, 9102, 3747, 5355
2791, /home/yrong/devel/llvm/benchmark/llvm-project/lldb/source/Expression/UtilityFunction.cpp, 8555, 3289, 5266
2792, /home/yrong/devel/llvm/benchmark/llvm-project/lldb/source/Host/common/Editline.cpp, 6227, 1401, 4826
2793, /home/yrong/devel/llvm/benchmark/llvm-project/lldb/source/Host/common/File.cpp, 4710, 1110, 3600
2794, /home/yrong/devel/llvm/benchmark/llvm-project/lldb/source/Host/common/FileAction.cpp, 3373, 476, 2897
2795, /home/yrong/devel/llvm/benchmark/llvm-project/lldb/source/Host/common/FileCache.cpp, 4246, 863, 3383
2796, /home/yrong/devel/llvm/benchmark/llvm-project/lldb/source/Host/common/FileSystem.cpp, 4875, 948, 3927
2797, /home/yrong/devel/llvm/benchmark/llvm-project/lldb/source/Host/common/GetOptInc.cpp, 462, 6, 456
2798, /home/yrong/devel/llvm/benchmark/llvm-project/lldb/source/Host/common/Host.cpp, 6098, 1763, 4335
2799, /home/yrong/devel/llvm/benchmark/llvm-project/lldb/source/Host/common/HostInfoBase.cpp, 5910, 1650, 4260
2800, /home/yrong/devel/llvm/benchmark/llvm-project/lldb/source/Host/common/HostNativeThreadBase.cpp, 4778, 956, 3822
2801, /home/yrong/devel/llvm/benchmark/llvm-project/lldb/source/Host/common/HostProcess.cpp, 4069, 665, 3404
2802, /home/yrong/devel/llvm/benchmark/llvm-project/lldb/source/Host/common/HostThread.cpp, 2894, 364, 2530
2803, /home/yrong/devel/llvm/benchmark/llvm-project/lldb/source/Host/common/LZMA.cpp, 2803, 317, 2486
2804, /home/yrong/devel/llvm/benchmark/llvm-project/lldb/source/Host/common/LockFileBase.cpp, 2961, 419, 2542
2805, /home/yrong/devel/llvm/benchmark/llvm-project/lldb/source/Host/common/MainLoopBase.cpp, 3400, 425, 2975
2806, /home/yrong/devel/llvm/benchmark/llvm-project/lldb/source/Host/common/MonitoringProcessLauncher.cpp, 5807, 1497, 4310
2807, /home/yrong/devel/llvm/benchmark/llvm-project/lldb/source/Host/common/NativeProcessProtocol.cpp, 6200, 1766, 4434
2808, /home/yrong/devel/llvm/benchmark/llvm-project/lldb/source/Host/common/NativeRegisterContext.cpp, 5788, 1394, 4394
2809, /home/yrong/devel/llvm/benchmark/llvm-project/lldb/source/Host/common/NativeThreadProtocol.cpp, 5672, 1324, 4348
2810, /home/yrong/devel/llvm/benchmark/llvm-project/lldb/source/Host/common/NativeWatchpointList.cpp, 3432, 496, 2936
2811, /home/yrong/devel/llvm/benchmark/llvm-project/lldb/source/Host/common/OptionParser.cpp, 3130, 342, 2788
2812, /home/yrong/devel/llvm/benchmark/llvm-project/lldb/source/Host/common/PipeBase.cpp, 2913, 386, 2527
2813, /home/yrong/devel/llvm/benchmark/llvm-project/lldb/source/Host/common/ProcessLaunchInfo.cpp, 5871, 1546, 4325
2814, /home/yrong/devel/llvm/benchmark/llvm-project/lldb/source/Host/common/ProcessRunLock.cpp, 470, 6, 464
2815, /home/yrong/devel/llvm/benchmark/llvm-project/lldb/source/Host/common/PseudoTerminal.cpp, 4146, 810, 3336
2816, /home/yrong/devel/llvm/benchmark/llvm-project/lldb/source/Host/common/Socket.cpp, 4365, 862, 3503
2817, /home/yrong/devel/llvm/benchmark/llvm-project/lldb/source/Host/common/SocketAddress.cpp, 941, 74, 867
2818, /home/yrong/devel/llvm/benchmark/llvm-project/lldb/source/Host/common/TCPSocket.cpp, 3940, 622, 3318
2819, /home/yrong/devel/llvm/benchmark/llvm-project/lldb/source/Host/common/Terminal.cpp, 3167, 449, 2718
2820, /home/yrong/devel/llvm/benchmark/llvm-project/lldb/source/Host/common/ThreadLauncher.cpp, 3202, 469, 2733
2821, /home/yrong/devel/llvm/benchmark/llvm-project/lldb/source/Host/common/UDPSocket.cpp, 3443, 515, 2928
2822, /home/yrong/devel/llvm/benchmark/llvm-project/lldb/source/Host/common/XML.cpp, 4873, 992, 3881
2823, /home/yrong/devel/llvm/benchmark/llvm-project/lldb/source/Host/common/ZipFileResolver.cpp, 4135, 807, 3328
2824, /home/yrong/devel/llvm/benchmark/llvm-project/lldb/source/Host/linux/AbstractSocket.cpp, 3082, 367, 2715
2825, /home/yrong/devel/llvm/benchmark/llvm-project/lldb/source/Host/linux/Host.cpp, 6439, 1957, 4482
2826, /home/yrong/devel/llvm/benchmark/llvm-project/lldb/source/Host/linux/HostInfoLinux.cpp, 5060, 1173, 3887
2827, /home/yrong/devel/llvm/benchmark/llvm-project/lldb/source/Host/linux/LibcGlue.cpp, 0, 0, 0
2828, /home/yrong/devel/llvm/benchmark/llvm-project/lldb/source/Host/linux/Support.cpp, 3285, 530, 2755
2829, /home/yrong/devel/llvm/benchmark/llvm-project/lldb/source/Host/posix/ConnectionFileDescriptorPosix.cpp, 5354, 1207, 4147
2830, /home/yrong/devel/llvm/benchmark/llvm-project/lldb/source/Host/posix/DomainSocket.cpp, 3592, 507, 3085
2831, /home/yrong/devel/llvm/benchmark/llvm-project/lldb/source/Host/posix/FileSystemPosix.cpp, 4409, 917, 3492
2832, /home/yrong/devel/llvm/benchmark/llvm-project/lldb/source/Host/posix/HostInfoPosix.cpp, 4791, 972, 3819
2833, /home/yrong/devel/llvm/benchmark/llvm-project/lldb/source/Host/posix/HostProcessPosix.cpp, 4405, 914, 3491
2834, /home/yrong/devel/llvm/benchmark/llvm-project/lldb/source/Host/posix/HostThreadPosix.cpp, 2889, 359, 2530
2835, /home/yrong/devel/llvm/benchmark/llvm-project/lldb/source/Host/posix/LockFilePosix.cpp, 2893, 361, 2532
2836, /home/yrong/devel/llvm/benchmark/llvm-project/lldb/source/Host/posix/MainLoopPosix.cpp, 3756, 533, 3223
2837, /home/yrong/devel/llvm/benchmark/llvm-project/lldb/source/Host/posix/PipePosix.cpp, 5080, 1219, 3861
2838, /home/yrong/devel/llvm/benchmark/llvm-project/lldb/source/Host/posix/ProcessLauncherPosixFork.cpp, 6270, 1503, 4767
2839, /home/yrong/devel/llvm/benchmark/llvm-project/lldb/source/Initialization/SystemInitializer.cpp, 2801, 317, 2484
2840, /home/yrong/devel/llvm/benchmark/llvm-project/lldb/source/Initialization/SystemInitializerCommon.cpp, 5590, 1396, 4194
2841, /home/yrong/devel/llvm/benchmark/llvm-project/lldb/source/Initialization/SystemLifetimeManager.cpp, 6930, 2201, 4729
2842, /home/yrong/devel/llvm/benchmark/llvm-project/lldb/source/Interpreter/CommandAlias.cpp, 7209, 2439, 4770
2843, /home/yrong/devel/llvm/benchmark/llvm-project/lldb/source/Interpreter/CommandHistory.cpp, 2997, 303, 2694
2844, /home/yrong/devel/llvm/benchmark/llvm-project/lldb/source/Interpreter/CommandInterpreter.cpp, 9993, 4148, 5845
2845, /home/yrong/devel/llvm/benchmark/llvm-project/lldb/source/Interpreter/CommandObject.cpp, 8735, 3355, 5380
2846, /home/yrong/devel/llvm/benchmark/llvm-project/lldb/source/Interpreter/CommandOptionValidators.cpp, 7038, 2298, 4740
2847, /home/yrong/devel/llvm/benchmark/llvm-project/lldb/source/Interpreter/CommandReturnObject.cpp, 3319, 493, 2826
2848, /home/yrong/devel/llvm/benchmark/llvm-project/lldb/source/Interpreter/OptionArgParser.cpp, 8140, 3213, 4927
2849, /home/yrong/devel/llvm/benchmark/llvm-project/lldb/source/Interpreter/OptionGroupArchitecture.cpp, 5636, 1394, 4242
2850, /home/yrong/devel/llvm/benchmark/llvm-project/lldb/source/Interpreter/OptionGroupBoolean.cpp, 5316, 1216, 4100
2851, /home/yrong/devel/llvm/benchmark/llvm-project/lldb/source/Interpreter/OptionGroupFile.cpp, 5556, 1338, 4218
2852, /home/yrong/devel/llvm/benchmark/llvm-project/lldb/source/Interpreter/OptionGroupFormat.cpp, 7080, 2333, 4747
2853, /home/yrong/devel/llvm/benchmark/llvm-project/lldb/source/Interpreter/OptionGroupMemoryTag.cpp, 5315, 1214, 4101
2854, /home/yrong/devel/llvm/benchmark/llvm-project/lldb/source/Interpreter/OptionGroupOutputFile.cpp, 5550, 1333, 4217
2855, /home/yrong/devel/llvm/benchmark/llvm-project/lldb/source/Interpreter/OptionGroupPlatform.cpp, 7085, 2349, 4736
2856, /home/yrong/devel/llvm/benchmark/llvm-project/lldb/source/Interpreter/OptionGroupPythonClassWithDict.cpp, 5362, 1164, 4198
2857, /home/yrong/devel/llvm/benchmark/llvm-project/lldb/source/Interpreter/OptionGroupString.cpp, 5311, 1215, 4096
2858, /home/yrong/devel/llvm/benchmark/llvm-project/lldb/source/Interpreter/OptionGroupUInt64.cpp, 5316, 1216, 4100
2859, /home/yrong/devel/llvm/benchmark/llvm-project/lldb/source/Interpreter/OptionGroupUUID.cpp, 5313, 1216, 4097
2860, /home/yrong/devel/llvm/benchmark/llvm-project/lldb/source/Interpreter/OptionGroupValueObjectDisplay.cpp, 7829, 2989, 4840
2861, /home/yrong/devel/llvm/benchmark/llvm-project/lldb/source/Interpreter/OptionGroupVariable.cpp, 8093, 3211, 4882
2862, /home/yrong/devel/llvm/benchmark/llvm-project/lldb/source/Interpreter/OptionGroupWatchpoint.cpp, 7727, 2906, 4821
2863, /home/yrong/devel/llvm/benchmark/llvm-project/lldb/source/Interpreter/OptionValue.cpp, 5860, 1566, 4294
2864, /home/yrong/devel/llvm/benchmark/llvm-project/lldb/source/Interpreter/OptionValueArch.cpp, 8099, 3211, 4888
2865, /home/yrong/devel/llvm/benchmark/llvm-project/lldb/source/Interpreter/OptionValueArgs.cpp, 5364, 1258, 4106
2866, /home/yrong/devel/llvm/benchmark/llvm-project/lldb/source/Interpreter/OptionValueArray.cpp, 5427, 1297, 4130
2867, /home/yrong/devel/llvm/benchmark/llvm-project/lldb/source/Interpreter/OptionValueBoolean.cpp, 5325, 1218, 4107
2868, /home/yrong/devel/llvm/benchmark/llvm-project/lldb/source/Interpreter/OptionValueChar.cpp, 5323, 1217, 4106
2869, /home/yrong/devel/llvm/benchmark/llvm-project/lldb/source/Interpreter/OptionValueDictionary.cpp, 8066, 3172, 4894
2870, /home/yrong/devel/llvm/benchmark/llvm-project/lldb/source/Interpreter/OptionValueEnumeration.cpp, 5398, 1260, 4138
2871, /home/yrong/devel/llvm/benchmark/llvm-project/lldb/source/Interpreter/OptionValueFileColonLine.cpp, 8108, 3220, 4888
2872, /home/yrong/devel/llvm/benchmark/llvm-project/lldb/source/Interpreter/OptionValueFileSpec.cpp, 8101, 3219, 4882
2873, /home/yrong/devel/llvm/benchmark/llvm-project/lldb/source/Interpreter/OptionValueFileSpecList.cpp, 5360, 1243, 4117
2874, /home/yrong/devel/llvm/benchmark/llvm-project/lldb/source/Interpreter/OptionValueFormat.cpp, 7953, 3082, 4871
2875, /home/yrong/devel/llvm/benchmark/llvm-project/lldb/source/Interpreter/OptionValueFormatEntity.cpp, 7230, 2477, 4753
2876, /home/yrong/devel/llvm/benchmark/llvm-project/lldb/source/Interpreter/OptionValueLanguage.cpp, 7970, 3091, 4879
2877, /home/yrong/devel/llvm/benchmark/llvm-project/lldb/source/Interpreter/OptionValuePathMappings.cpp, 5657, 1465, 4192
2878, /home/yrong/devel/llvm/benchmark/llvm-project/lldb/source/Interpreter/OptionValueProperties.cpp, 5838, 1543, 4295
2879, /home/yrong/devel/llvm/benchmark/llvm-project/lldb/source/Interpreter/OptionValueRegex.cpp, 5337, 1229, 4108
2880, /home/yrong/devel/llvm/benchmark/llvm-project/lldb/source/Interpreter/OptionValueSInt64.cpp, 5323, 1217, 4106
2881, /home/yrong/devel/llvm/benchmark/llvm-project/lldb/source/Interpreter/OptionValueString.cpp, 5329, 1225, 4104
2882, /home/yrong/devel/llvm/benchmark/llvm-project/lldb/source/Interpreter/OptionValueUInt64.cpp, 5331, 1226, 4105
2883, /home/yrong/devel/llvm/benchmark/llvm-project/lldb/source/Interpreter/OptionValueUUID.cpp, 7220, 2474, 4746
2884, /home/yrong/devel/llvm/benchmark/llvm-project/lldb/source/Interpreter/Options.cpp, 7796, 2854, 4942
2885, /home/yrong/devel/llvm/benchmark/llvm-project/lldb/source/Interpreter/Property.cpp, 8181, 3277, 4904
2886, /home/yrong/devel/llvm/benchmark/llvm-project/lldb/source/Interpreter/ScriptInterpreter.cpp, 7205, 2449, 4756
2887, /home/yrong/devel/llvm/benchmark/llvm-project/lldb/source/Plugins/ABI/AArch64/ABIAArch64.cpp, 7719, 2821, 4898
2888, /home/yrong/devel/llvm/benchmark/llvm-project/lldb/source/Plugins/ABI/AArch64/ABIMacOSX_arm64.cpp, 7851, 2984, 4867
2889, /home/yrong/devel/llvm/benchmark/llvm-project/lldb/source/Plugins/ABI/AArch64/ABISysV_arm64.cpp, 7850, 2984, 4866
2890, /home/yrong/devel/llvm/benchmark/llvm-project/lldb/source/Plugins/ABI/ARM/ABIARM.cpp, 5774, 1385, 4389
2891, /home/yrong/devel/llvm/benchmark/llvm-project/lldb/source/Plugins/ABI/ARM/ABIMacOSX_arm.cpp, 7836, 2974, 4862
2892, /home/yrong/devel/llvm/benchmark/llvm-project/lldb/source/Plugins/ABI/ARM/ABISysV_arm.cpp, 7833, 2965, 4868
2893, /home/yrong/devel/llvm/benchmark/llvm-project/lldb/source/Plugins/ABI/Hexagon/ABISysV_hexagon.cpp, 7846, 2940, 4906
2894, /home/yrong/devel/llvm/benchmark/llvm-project/lldb/source/Plugins/ABI/MSP430/ABISysV_msp430.cpp, 7824, 2927, 4897
2895, /home/yrong/devel/llvm/benchmark/llvm-project/lldb/source/Plugins/ABI/Mips/ABIMips.cpp, 5774, 1385, 4389
2896, /home/yrong/devel/llvm/benchmark/llvm-project/lldb/source/Plugins/ABI/Mips/ABISysV_mips.cpp, 7836, 2964, 4872
2897, /home/yrong/devel/llvm/benchmark/llvm-project/lldb/source/Plugins/ABI/Mips/ABISysV_mips64.cpp, 7854, 2967, 4887
2898, /home/yrong/devel/llvm/benchmark/llvm-project/lldb/source/Plugins/ABI/PowerPC/ABIPowerPC.cpp, 5774, 1385, 4389
2899, /home/yrong/devel/llvm/benchmark/llvm-project/lldb/source/Plugins/ABI/PowerPC/ABISysV_ppc.cpp, 7865, 2990, 4875
2900, /home/yrong/devel/llvm/benchmark/llvm-project/lldb/source/Plugins/ABI/PowerPC/ABISysV_ppc64.cpp, 10585, 4685, 5900
2901, /home/yrong/devel/llvm/benchmark/llvm-project/lldb/source/Plugins/ABI/SystemZ/ABISysV_s390x.cpp, 7834, 2966, 4868
2902, /home/yrong/devel/llvm/benchmark/llvm-project/lldb/source/Plugins/ABI/X86/ABIMacOSX_i386.cpp, 7820, 2957, 4863
2903, /home/yrong/devel/llvm/benchmark/llvm-project/lldb/source/Plugins/ABI/X86/ABISysV_i386.cpp, 7862, 2999, 4863
2904, /home/yrong/devel/llvm/benchmark/llvm-project/lldb/source/Plugins/ABI/X86/ABISysV_x86_64.cpp, 7906, 3019, 4887
2905, /home/yrong/devel/llvm/benchmark/llvm-project/lldb/source/Plugins/ABI/X86/ABIWindows_x86_64.cpp, 7898, 3017, 4881
2906, /home/yrong/devel/llvm/benchmark/llvm-project/lldb/source/Plugins/ABI/X86/ABIX86.cpp, 7957, 3070, 4887
2907, /home/yrong/devel/llvm/benchmark/llvm-project/lldb/source/Plugins/ABI/X86/ABIX86_i386.cpp, 4983, 1014, 3969
2908, /home/yrong/devel/llvm/benchmark/llvm-project/lldb/source/Plugins/Architecture/AArch64/ArchitectureAArch64.cpp, 5417, 1206, 4211
2909, /home/yrong/devel/llvm/benchmark/llvm-project/lldb/source/Plugins/Architecture/Arm/ArchitectureArm.cpp, 6025, 1643, 4382
2910, /home/yrong/devel/llvm/benchmark/llvm-project/lldb/source/Plugins/Architecture/Mips/ArchitectureMips.cpp, 7259, 2454, 4805
2911, /home/yrong/devel/llvm/benchmark/llvm-project/lldb/source/Plugins/Architecture/PPC64/ArchitecturePPC64.cpp, 7163, 2361, 4802
2912, /home/yrong/devel/llvm/benchmark/llvm-project/lldb/source/Plugins/Disassembler/LLVMC/DisassemblerLLVMC.cpp, 8940, 3713, 5227
2913, /home/yrong/devel/llvm/benchmark/llvm-project/lldb/source/Plugins/DynamicLoader/Darwin-Kernel/DynamicLoaderDarwinKernel.cpp, 7955, 3094, 4861
2914, /home/yrong/devel/llvm/benchmark/llvm-project/lldb/source/Plugins/DynamicLoader/Hexagon-DYLD/DynamicLoaderHexagonDYLD.cpp, 7615, 2817, 4798
2915, /home/yrong/devel/llvm/benchmark/llvm-project/lldb/source/Plugins/DynamicLoader/Hexagon-DYLD/HexagonDYLDRendezvous.cpp, 7461, 2670, 4791
2916, /home/yrong/devel/llvm/benchmark/llvm-project/lldb/source/Plugins/DynamicLoader/MacOSX-DYLD/DynamicLoaderDarwin.cpp, 11155, 5221, 5934
2917, /home/yrong/devel/llvm/benchmark/llvm-project/lldb/source/Plugins/DynamicLoader/MacOSX-DYLD/DynamicLoaderMacOS.cpp, 10771, 4864, 5907
2918, /home/yrong/devel/llvm/benchmark/llvm-project/lldb/source/Plugins/DynamicLoader/MacOSX-DYLD/DynamicLoaderMacOSXDYLD.cpp, 10848, 4917, 5931
2919, /home/yrong/devel/llvm/benchmark/llvm-project/lldb/source/Plugins/DynamicLoader/POSIX-DYLD/DYLDRendezvous.cpp, 7519, 2719, 4800
2920, /home/yrong/devel/llvm/benchmark/llvm-project/lldb/source/Plugins/DynamicLoader/POSIX-DYLD/DynamicLoaderPOSIXDYLD.cpp, 8023, 3149, 4874
2921, /home/yrong/devel/llvm/benchmark/llvm-project/lldb/source/Plugins/DynamicLoader/Static/DynamicLoaderStatic.cpp, 7455, 2669, 4786
2922, /home/yrong/devel/llvm/benchmark/llvm-project/lldb/source/Plugins/DynamicLoader/Windows-DYLD/DynamicLoaderWindowsDYLD.cpp, 7586, 2798, 4788
2923, /home/yrong/devel/llvm/benchmark/llvm-project/lldb/source/Plugins/DynamicLoader/wasm-DYLD/DynamicLoaderWasmDYLD.cpp, 7453, 2675, 4778
2924, /home/yrong/devel/llvm/benchmark/llvm-project/lldb/source/Plugins/ExpressionParser/Clang/ASTResultSynthesizer.cpp, 15488, 7696, 7792
2925, /home/yrong/devel/llvm/benchmark/llvm-project/lldb/source/Plugins/ExpressionParser/Clang/ASTStructExtractor.cpp, 14865, 7220, 7645
2926, /home/yrong/devel/llvm/benchmark/llvm-project/lldb/source/Plugins/ExpressionParser/Clang/ASTUtils.cpp, 10704, 4394, 6310
2927, /home/yrong/devel/llvm/benchmark/llvm-project/lldb/source/Plugins/ExpressionParser/Clang/ClangASTImporter.cpp, 15140, 7527, 7613
2928, /home/yrong/devel/llvm/benchmark/llvm-project/lldb/source/Plugins/ExpressionParser/Clang/ClangASTMetadata.cpp, 3049, 291, 2758
2929, /home/yrong/devel/llvm/benchmark/llvm-project/lldb/source/Plugins/ExpressionParser/Clang/ClangASTSource.cpp, 16173, 8417, 7756
2930, /home/yrong/devel/llvm/benchmark/llvm-project/lldb/source/Plugins/ExpressionParser/Clang/ClangDeclVendor.cpp, 10115, 4354, 5761
2931, /home/yrong/devel/llvm/benchmark/llvm-project/lldb/source/Plugins/ExpressionParser/Clang/ClangExpressionDeclMap.cpp, 16680, 8484, 8196
2932, /home/yrong/devel/llvm/benchmark/llvm-project/lldb/source/Plugins/ExpressionParser/Clang/ClangExpressionHelper.cpp, 2925, 239, 2686
2933, /home/yrong/devel/llvm/benchmark/llvm-project/lldb/source/Plugins/ExpressionParser/Clang/ClangExpressionParser.cpp, 19373, 10472, 8901
2934, /home/yrong/devel/llvm/benchmark/llvm-project/lldb/source/Plugins/ExpressionParser/Clang/ClangExpressionSourceCode.cpp, 9024, 3870, 5154
2935, /home/yrong/devel/llvm/benchmark/llvm-project/lldb/source/Plugins/ExpressionParser/Clang/ClangExpressionUtil.cpp, 7575, 2757, 4818
2936, /home/yrong/devel/llvm/benchmark/llvm-project/lldb/source/Plugins/ExpressionParser/Clang/ClangExpressionVariable.cpp, 9528, 3898, 5630
2937, /home/yrong/devel/llvm/benchmark/llvm-project/lldb/source/Plugins/ExpressionParser/Clang/ClangExternalASTSourceCallbacks.cpp, 10437, 4563, 5874
2938, /home/yrong/devel/llvm/benchmark/llvm-project/lldb/source/Plugins/ExpressionParser/Clang/ClangFunctionCaller.cpp, 15912, 7807, 8105
2939, /home/yrong/devel/llvm/benchmark/llvm-project/lldb/source/Plugins/ExpressionParser/Clang/ClangHost.cpp, 5936, 1713, 4223
2940, /home/yrong/devel/llvm/benchmark/llvm-project/lldb/source/Plugins/ExpressionParser/Clang/ClangModulesDeclVendor.cpp, 17866, 9456, 8410
2941, /home/yrong/devel/llvm/benchmark/llvm-project/lldb/source/Plugins/ExpressionParser/Clang/ClangPersistentVariables.cpp, 14389, 6960, 7429
2942, /home/yrong/devel/llvm/benchmark/llvm-project/lldb/source/Plugins/ExpressionParser/Clang/ClangUserExpression.cpp, 16073, 8196, 7877
2943, /home/yrong/devel/llvm/benchmark/llvm-project/lldb/source/Plugins/ExpressionParser/Clang/ClangUtil.cpp, 10114, 4351, 5763
2944, /home/yrong/devel/llvm/benchmark/llvm-project/lldb/source/Plugins/ExpressionParser/Clang/ClangUtilityFunction.cpp, 15389, 7588, 7801
2945, /home/yrong/devel/llvm/benchmark/llvm-project/lldb/source/Plugins/ExpressionParser/Clang/CppModuleConfiguration.cpp, 4317, 975, 3342
2946, /home/yrong/devel/llvm/benchmark/llvm-project/lldb/source/Plugins/ExpressionParser/Clang/CxxModuleHandler.cpp, 14303, 6925, 7378
2947, /home/yrong/devel/llvm/benchmark/llvm-project/lldb/source/Plugins/ExpressionParser/Clang/IRDynamicChecks.cpp, 9219, 3623, 5596
2948, /home/yrong/devel/llvm/benchmark/llvm-project/lldb/source/Plugins/ExpressionParser/Clang/IRForTarget.cpp, 16527, 8276, 8251
2949, /home/yrong/devel/llvm/benchmark/llvm-project/lldb/source/Plugins/ExpressionParser/Clang/NameSearchContext.cpp, 14389, 6966, 7423
2950, /home/yrong/devel/llvm/benchmark/llvm-project/lldb/source/Plugins/Instruction/ARM/EmulateInstructionARM.cpp, 5726, 1444, 4282
2951, /home/yrong/devel/llvm/benchmark/llvm-project/lldb/source/Plugins/Instruction/ARM/EmulationStateARM.cpp, 5589, 1413, 4176
2952, /home/yrong/devel/llvm/benchmark/llvm-project/lldb/source/Plugins/Instruction/ARM64/EmulateInstructionARM64.cpp, 5664, 1422, 4242
2953, /home/yrong/devel/llvm/benchmark/llvm-project/lldb/source/Plugins/Instruction/LoongArch/EmulateInstructionLoongArch.cpp, 5745, 1458, 4287
2954, /home/yrong/devel/llvm/benchmark/llvm-project/lldb/source/Plugins/Instruction/MIPS/EmulateInstructionMIPS.cpp, 7976, 2862, 5114
2955, /home/yrong/devel/llvm/benchmark/llvm-project/lldb/source/Plugins/Instruction/MIPS64/EmulateInstructionMIPS64.cpp, 6962, 2152, 4810
2956, /home/yrong/devel/llvm/benchmark/llvm-project/lldb/source/Plugins/Instruction/PPC64/EmulateInstructionPPC64.cpp, 5778, 1494, 4284
2957, /home/yrong/devel/llvm/benchmark/llvm-project/lldb/source/Plugins/Instruction/RISCV/EmulateInstructionRISCV.cpp, 9569, 5120, 4449
2958, /home/yrong/devel/llvm/benchmark/llvm-project/lldb/source/Plugins/InstrumentationRuntime/ASan/InstrumentationRuntimeASan.cpp, 7850, 2997, 4853
2959, /home/yrong/devel/llvm/benchmark/llvm-project/lldb/source/Plugins/InstrumentationRuntime/MainThreadChecker/InstrumentationRuntimeMainThreadChecker.cpp, 7886, 2993, 4893
2960, /home/yrong/devel/llvm/benchmark/llvm-project/lldb/source/Plugins/InstrumentationRuntime/TSan/InstrumentationRuntimeTSan.cpp, 8582, 3592, 4990
2961, /home/yrong/devel/llvm/benchmark/llvm-project/lldb/source/Plugins/InstrumentationRuntime/UBSan/InstrumentationRuntimeUBSan.cpp, 8251, 3293, 4958
2962, /home/yrong/devel/llvm/benchmark/llvm-project/lldb/source/Plugins/JITLoader/GDB/JITLoaderGDB.cpp, 8076, 3109, 4967
2963, /home/yrong/devel/llvm/benchmark/llvm-project/lldb/source/Plugins/Language/CPlusPlus/BlockPointer.cpp, 14712, 7243, 7469
2964, /home/yrong/devel/llvm/benchmark/llvm-project/lldb/source/Plugins/Language/CPlusPlus/CPlusPlusLanguage.cpp, 9489, 4009, 5480
2965, /home/yrong/devel/llvm/benchmark/llvm-project/lldb/source/Plugins/Language/CPlusPlus/CPlusPlusNameParser.cpp, 4570, 1397, 3173
2966, /home/yrong/devel/llvm/benchmark/llvm-project/lldb/source/Plugins/Language/CPlusPlus/Coroutines.cpp, 10372, 4540, 5832
2967, /home/yrong/devel/llvm/benchmark/llvm-project/lldb/source/Plugins/Language/CPlusPlus/CxxStringTypes.cpp, 10533, 4700, 5833
2968, /home/yrong/devel/llvm/benchmark/llvm-project/lldb/source/Plugins/Language/CPlusPlus/GenericBitset.cpp, 10518, 4702, 5816
2969, /home/yrong/devel/llvm/benchmark/llvm-project/lldb/source/Plugins/Language/CPlusPlus/GenericOptional.cpp, 10485, 4669, 5816
2970, /home/yrong/devel/llvm/benchmark/llvm-project/lldb/source/Plugins/Language/CPlusPlus/LibCxx.cpp, 10840, 4989, 5851
2971, /home/yrong/devel/llvm/benchmark/llvm-project/lldb/source/Plugins/Language/CPlusPlus/LibCxxAtomic.cpp, 7942, 3072, 4870
2972, /home/yrong/devel/llvm/benchmark/llvm-project/lldb/source/Plugins/Language/CPlusPlus/LibCxxInitializerList.cpp, 7945, 3074, 4871
2973, /home/yrong/devel/llvm/benchmark/llvm-project/lldb/source/Plugins/Language/CPlusPlus/LibCxxList.cpp, 10563, 4737, 5826
2974, /home/yrong/devel/llvm/benchmark/llvm-project/lldb/source/Plugins/Language/CPlusPlus/LibCxxMap.cpp, 10574, 4748, 5826
2975, /home/yrong/devel/llvm/benchmark/llvm-project/lldb/source/Plugins/Language/CPlusPlus/LibCxxQueue.cpp, 7939, 3069, 4870
2976, /home/yrong/devel/llvm/benchmark/llvm-project/lldb/source/Plugins/Language/CPlusPlus/LibCxxRangesRefView.cpp, 7951, 3080, 4871
2977, /home/yrong/devel/llvm/benchmark/llvm-project/lldb/source/Plugins/Language/CPlusPlus/LibCxxSpan.cpp, 7959, 3088, 4871
2978, /home/yrong/devel/llvm/benchmark/llvm-project/lldb/source/Plugins/Language/CPlusPlus/LibCxxTuple.cpp, 7971, 3101, 4870
2979, /home/yrong/devel/llvm/benchmark/llvm-project/lldb/source/Plugins/Language/CPlusPlus/LibCxxUnorderedMap.cpp, 10523, 4703, 5820
2980, /home/yrong/devel/llvm/benchmark/llvm-project/lldb/source/Plugins/Language/CPlusPlus/LibCxxVariant.cpp, 7952, 3079, 4873
2981, /home/yrong/devel/llvm/benchmark/llvm-project/lldb/source/Plugins/Language/CPlusPlus/LibCxxVector.cpp, 7994, 3119, 4875
2982, /home/yrong/devel/llvm/benchmark/llvm-project/lldb/source/Plugins/Language/CPlusPlus/LibStdcpp.cpp, 10161, 4394, 5767
2983, /home/yrong/devel/llvm/benchmark/llvm-project/lldb/source/Plugins/Language/CPlusPlus/LibStdcppTuple.cpp, 7966, 3093, 4873
2984, /home/yrong/devel/llvm/benchmark/llvm-project/lldb/source/Plugins/Language/CPlusPlus/LibStdcppUniquePointer.cpp, 7947, 3075, 4872
2985, /home/yrong/devel/llvm/benchmark/llvm-project/lldb/source/Plugins/Language/CPlusPlus/MSVCUndecoratedNameParser.cpp, 2904, 190, 2714
2986, /home/yrong/devel/llvm/benchmark/llvm-project/lldb/source/Plugins/Language/ClangCommon/ClangHighlighter.cpp, 8833, 3473, 5360
2987, /home/yrong/devel/llvm/benchmark/llvm-project/lldb/source/Plugins/Language/ObjC/CF.cpp, 10663, 4813, 5850
2988, /home/yrong/devel/llvm/benchmark/llvm-project/lldb/source/Plugins/Language/ObjC/CFBasicHash.cpp, 7456, 2682, 4774
2989, /home/yrong/devel/llvm/benchmark/llvm-project/lldb/source/Plugins/Language/ObjC/Cocoa.cpp, 10859, 4973, 5886
2990, /home/yrong/devel/llvm/benchmark/llvm-project/lldb/source/Plugins/Language/ObjC/CoreMedia.cpp, 7579, 2759, 4820
2991, /home/yrong/devel/llvm/benchmark/llvm-project/lldb/source/Plugins/Language/ObjC/NSArray.cpp, 10874, 4982, 5892
2992, /home/yrong/devel/llvm/benchmark/llvm-project/lldb/source/Plugins/Language/ObjC/NSDictionary.cpp, 11796, 5461, 6335
2993, /home/yrong/devel/llvm/benchmark/llvm-project/lldb/source/Plugins/Language/ObjC/NSError.cpp, 11386, 5121, 6265
2994, /home/yrong/devel/llvm/benchmark/llvm-project/lldb/source/Plugins/Language/ObjC/NSException.cpp, 11392, 5128, 6264
2995, /home/yrong/devel/llvm/benchmark/llvm-project/lldb/source/Plugins/Language/ObjC/NSIndexPath.cpp, 10655, 4818, 5837
2996, /home/yrong/devel/llvm/benchmark/llvm-project/lldb/source/Plugins/Language/ObjC/NSSet.cpp, 10970, 5066, 5904
2997, /home/yrong/devel/llvm/benchmark/llvm-project/lldb/source/Plugins/Language/ObjC/NSString.cpp, 8172, 3261, 4911
2998, /home/yrong/devel/llvm/benchmark/llvm-project/lldb/source/Plugins/Language/ObjC/ObjCLanguage.cpp, 11040, 5168, 5872
2999, /home/yrong/devel/llvm/benchmark/llvm-project/lldb/source/Plugins/Language/ObjCPlusPlus/ObjCPlusPlusLanguage.cpp, 7734, 2906, 4828
3000, /home/yrong/devel/llvm/benchmark/llvm-project/lldb/source/Plugins/LanguageRuntime/CPlusPlus/CPPLanguageRuntime.cpp, 8193, 3247, 4946
3001, /home/yrong/devel/llvm/benchmark/llvm-project/lldb/source/Plugins/LanguageRuntime/CPlusPlus/ItaniumABI/ItaniumABILanguageRuntime.cpp, 11182, 5244, 5938
3002, /home/yrong/devel/llvm/benchmark/llvm-project/lldb/source/Plugins/LanguageRuntime/ObjC/AppleObjCRuntime/AppleObjCClassDescriptorV2.cpp, 8623, 3708, 4915
3003, /home/yrong/devel/llvm/benchmark/llvm-project/lldb/source/Plugins/LanguageRuntime/ObjC/AppleObjCRuntime/AppleObjCDeclVendor.cpp, 10542, 4697, 5845
3004, /home/yrong/devel/llvm/benchmark/llvm-project/lldb/source/Plugins/LanguageRuntime/ObjC/AppleObjCRuntime/AppleObjCRuntime.cpp, 10992, 5135, 5857
3005, /home/yrong/devel/llvm/benchmark/llvm-project/lldb/source/Plugins/LanguageRuntime/ObjC/AppleObjCRuntime/AppleObjCRuntimeV1.cpp, 10480, 4689, 5791
3006, /home/yrong/devel/llvm/benchmark/llvm-project/lldb/source/Plugins/LanguageRuntime/ObjC/AppleObjCRuntime/AppleObjCRuntimeV2.cpp, 11695, 5676, 6019
3007, /home/yrong/devel/llvm/benchmark/llvm-project/lldb/source/Plugins/LanguageRuntime/ObjC/AppleObjCRuntime/AppleObjCTrampolineHandler.cpp, 10903, 5046, 5857
3008, /home/yrong/devel/llvm/benchmark/llvm-project/lldb/source/Plugins/LanguageRuntime/ObjC/AppleObjCRuntime/AppleObjCTypeEncodingParser.cpp, 10310, 4525, 5785
3009, /home/yrong/devel/llvm/benchmark/llvm-project/lldb/source/Plugins/LanguageRuntime/ObjC/AppleObjCRuntime/AppleThreadPlanStepThroughObjCTrampoline.cpp, 8153, 3256, 4897
3010, /home/yrong/devel/llvm/benchmark/llvm-project/lldb/source/Plugins/LanguageRuntime/ObjC/GNUstepObjCRuntime/GNUstepObjCRuntime.cpp, 10298, 4522, 5776
3011, /home/yrong/devel/llvm/benchmark/llvm-project/lldb/source/Plugins/LanguageRuntime/ObjC/ObjCLanguageRuntime.cpp, 11041, 5093, 5948
3012, /home/yrong/devel/llvm/benchmark/llvm-project/lldb/source/Plugins/MemoryHistory/asan/MemoryHistoryASan.cpp, 8399, 3078, 5321
3013, /home/yrong/devel/llvm/benchmark/llvm-project/lldb/source/Plugins/ObjectContainer/BSD-Archive/ObjectContainerBSDArchive.cpp, 6657, 2034, 4623
3014, /home/yrong/devel/llvm/benchmark/llvm-project/lldb/source/Plugins/ObjectContainer/Mach-O-Fileset/ObjectContainerMachOFileset.cpp, 7013, 2275, 4738
3015, /home/yrong/devel/llvm/benchmark/llvm-project/lldb/source/Plugins/ObjectContainer/Universal-Mach-O/ObjectContainerUniversalMachO.cpp, 6997, 2258, 4739
3016, /home/yrong/devel/llvm/benchmark/llvm-project/lldb/source/Plugins/ObjectFile/Breakpad/BreakpadRecords.cpp, 3402, 794, 2608
3017, /home/yrong/devel/llvm/benchmark/llvm-project/lldb/source/Plugins/ObjectFile/Breakpad/ObjectFileBreakpad.cpp, 6124, 1754, 4370
3018, /home/yrong/devel/llvm/benchmark/llvm-project/lldb/source/Plugins/ObjectFile/COFF/ObjectFileCOFF.cpp, 6857, 2197, 4660
3019, /home/yrong/devel/llvm/benchmark/llvm-project/lldb/source/Plugins/ObjectFile/ELF/ELFHeader.cpp, 3908, 637, 3271
3020, /home/yrong/devel/llvm/benchmark/llvm-project/lldb/source/Plugins/ObjectFile/ELF/ObjectFileELF.cpp, 8300, 2919, 5381
3021, /home/yrong/devel/llvm/benchmark/llvm-project/lldb/source/Plugins/ObjectFile/JSON/ObjectFileJSON.cpp, 6510, 1916, 4594
3022, /home/yrong/devel/llvm/benchmark/llvm-project/lldb/source/Plugins/ObjectFile/Mach-O/ObjectFileMachO.cpp, 8822, 3549, 5273
3023, /home/yrong/devel/llvm/benchmark/llvm-project/lldb/source/Plugins/ObjectFile/Minidump/MinidumpFileBuilder.cpp, 7866, 3025, 4841
3024, /home/yrong/devel/llvm/benchmark/llvm-project/lldb/source/Plugins/ObjectFile/Minidump/ObjectFileMinidump.cpp, 7517, 2709, 4808
3025, /home/yrong/devel/llvm/benchmark/llvm-project/lldb/source/Plugins/ObjectFile/PDB/ObjectFilePDB.cpp, 7705, 2482, 5223
3026, /home/yrong/devel/llvm/benchmark/llvm-project/lldb/source/Plugins/ObjectFile/PECOFF/ObjectFilePECOFF.cpp, 8224, 3226, 4998
3027, /home/yrong/devel/llvm/benchmark/llvm-project/lldb/source/Plugins/ObjectFile/PECOFF/PECallFrameInfo.cpp, 5299, 1328, 3971
3028, /home/yrong/devel/llvm/benchmark/llvm-project/lldb/source/Plugins/ObjectFile/PECOFF/WindowsMiniDump.cpp, 7397, 2633, 4764
3029, /home/yrong/devel/llvm/benchmark/llvm-project/lldb/source/Plugins/ObjectFile/Placeholder/ObjectFilePlaceholder.cpp, 7031, 2289, 4742
3030, /home/yrong/devel/llvm/benchmark/llvm-project/lldb/source/Plugins/ObjectFile/wasm/ObjectFileWasm.cpp, 7574, 2778, 4796
3031, /home/yrong/devel/llvm/benchmark/llvm-project/lldb/source/Plugins/OperatingSystem/Python/OperatingSystemPython.cpp, 8192, 3276, 4916
3032, /home/yrong/devel/llvm/benchmark/llvm-project/lldb/source/Plugins/Platform/Android/AdbClient.cpp, 5183, 1031, 4152
3033, /home/yrong/devel/llvm/benchmark/llvm-project/lldb/source/Plugins/Platform/Android/PlatformAndroid.cpp, 10694, 4798, 5896
3034, /home/yrong/devel/llvm/benchmark/llvm-project/lldb/source/Plugins/Platform/Android/PlatformAndroidRemoteGDBServer.cpp, 6819, 1806, 5013
3035, /home/yrong/devel/llvm/benchmark/llvm-project/lldb/source/Plugins/Platform/FreeBSD/PlatformFreeBSD.cpp, 10407, 4614, 5793
3036, /home/yrong/devel/llvm/benchmark/llvm-project/lldb/source/Plugins/Platform/Linux/PlatformLinux.cpp, 10494, 4656, 5838
3037, /home/yrong/devel/llvm/benchmark/llvm-project/lldb/source/Plugins/Platform/MacOSX/PlatformDarwin.cpp, 11853, 6846, 5007
3038, /home/yrong/devel/llvm/benchmark/llvm-project/lldb/source/Plugins/Platform/MacOSX/PlatformDarwinDevice.cpp, 6823, 2133, 4690
3039, /home/yrong/devel/llvm/benchmark/llvm-project/lldb/source/Plugins/Platform/MacOSX/PlatformDarwinKernel.cpp, 6005, 1671, 4334
3040, /home/yrong/devel/llvm/benchmark/llvm-project/lldb/source/Plugins/Platform/MacOSX/PlatformMacOSX.cpp, 8148, 2902, 5246
3041, /home/yrong/devel/llvm/benchmark/llvm-project/lldb/source/Plugins/Platform/MacOSX/PlatformRemoteAppleBridge.cpp, 7541, 2763, 4778
3042, /home/yrong/devel/llvm/benchmark/llvm-project/lldb/source/Plugins/Platform/MacOSX/PlatformRemoteAppleTV.cpp, 7543, 2765, 4778
3043, /home/yrong/devel/llvm/benchmark/llvm-project/lldb/source/Plugins/Platform/MacOSX/PlatformRemoteAppleWatch.cpp, 7544, 2766, 4778
3044, /home/yrong/devel/llvm/benchmark/llvm-project/lldb/source/Plugins/Platform/MacOSX/PlatformRemoteDarwinDevice.cpp, 7690, 2898, 4792
3045, /home/yrong/devel/llvm/benchmark/llvm-project/lldb/source/Plugins/Platform/MacOSX/PlatformRemoteMacOSX.cpp, 7594, 2811, 4783
3046, /home/yrong/devel/llvm/benchmark/llvm-project/lldb/source/Plugins/Platform/MacOSX/PlatformRemoteiOS.cpp, 7544, 2762, 4782
3047, /home/yrong/devel/llvm/benchmark/llvm-project/lldb/source/Plugins/Platform/NetBSD/PlatformNetBSD.cpp, 10410, 4612, 5798
3048, /home/yrong/devel/llvm/benchmark/llvm-project/lldb/source/Plugins/Platform/OpenBSD/PlatformOpenBSD.cpp, 7680, 2890, 4790
3049, /home/yrong/devel/llvm/benchmark/llvm-project/lldb/source/Plugins/Platform/POSIX/PlatformPOSIX.cpp, 10984, 5029, 5955
3050, /home/yrong/devel/llvm/benchmark/llvm-project/lldb/source/Plugins/Platform/QemuUser/PlatformQemuUser.cpp, 7964, 3032, 4932
3051, /home/yrong/devel/llvm/benchmark/llvm-project/lldb/source/Plugins/Platform/Windows/PlatformWindows.cpp, 10766, 4836, 5930
3052, /home/yrong/devel/llvm/benchmark/llvm-project/lldb/source/Plugins/Platform/gdb-server/PlatformRemoteGDBServer.cpp, 8160, 3215, 4945
3053, /home/yrong/devel/llvm/benchmark/llvm-project/lldb/source/Plugins/Process/Linux/IntelPTCollector.cpp, 6724, 1686, 5038
3054, /home/yrong/devel/llvm/benchmark/llvm-project/lldb/source/Plugins/Process/Linux/IntelPTMultiCoreTrace.cpp, 5999, 1591, 4408
3055, /home/yrong/devel/llvm/benchmark/llvm-project/lldb/source/Plugins/Process/Linux/IntelPTPerThreadProcessTrace.cpp, 4117, 844, 3273
3056, /home/yrong/devel/llvm/benchmark/llvm-project/lldb/source/Plugins/Process/Linux/IntelPTSingleBufferTrace.cpp, 4871, 923, 3948
3057, /home/yrong/devel/llvm/benchmark/llvm-project/lldb/source/Plugins/Process/Linux/IntelPTThreadTraceCollection.cpp, 4102, 805, 3297
3058, /home/yrong/devel/llvm/benchmark/llvm-project/lldb/source/Plugins/Process/Linux/NativeProcessLinux.cpp, 9741, 4093, 5648
3059, /home/yrong/devel/llvm/benchmark/llvm-project/lldb/source/Plugins/Process/Linux/NativeRegisterContextLinux.cpp, 6279, 1746, 4533
3060, /home/yrong/devel/llvm/benchmark/llvm-project/lldb/source/Plugins/Process/Linux/NativeRegisterContextLinux_arm.cpp, 0, 0, 0
3061, /home/yrong/devel/llvm/benchmark/llvm-project/lldb/source/Plugins/Process/Linux/NativeRegisterContextLinux_arm64.cpp, 0, 0, 0
3062, /home/yrong/devel/llvm/benchmark/llvm-project/lldb/source/Plugins/Process/Linux/NativeRegisterContextLinux_loongarch64.cpp, 0, 0, 0
3063, /home/yrong/devel/llvm/benchmark/llvm-project/lldb/source/Plugins/Process/Linux/NativeRegisterContextLinux_ppc64le.cpp, 0, 0, 0
3064, /home/yrong/devel/llvm/benchmark/llvm-project/lldb/source/Plugins/Process/Linux/NativeRegisterContextLinux_riscv64.cpp, 0, 0, 0
3065, /home/yrong/devel/llvm/benchmark/llvm-project/lldb/source/Plugins/Process/Linux/NativeRegisterContextLinux_s390x.cpp, 0, 0, 0
3066, /home/yrong/devel/llvm/benchmark/llvm-project/lldb/source/Plugins/Process/Linux/NativeRegisterContextLinux_x86_64.cpp, 5260, 1276, 3984
3067, /home/yrong/devel/llvm/benchmark/llvm-project/lldb/source/Plugins/Process/Linux/NativeThreadLinux.cpp, 6652, 1710, 4942
3068, /home/yrong/devel/llvm/benchmark/llvm-project/lldb/source/Plugins/Process/Linux/Perf.cpp, 4462, 953, 3509
3069, /home/yrong/devel/llvm/benchmark/llvm-project/lldb/source/Plugins/Process/Linux/Procfs.cpp, 3288, 541, 2747
3070, /home/yrong/devel/llvm/benchmark/llvm-project/lldb/source/Plugins/Process/Linux/SingleStepCheck.cpp, 6076, 1599, 4477
3071, /home/yrong/devel/llvm/benchmark/llvm-project/lldb/source/Plugins/Process/POSIX/CrashReason.cpp, 3909, 630, 3279
3072, /home/yrong/devel/llvm/benchmark/llvm-project/lldb/source/Plugins/Process/POSIX/NativeProcessELF.cpp, 5759, 1383, 4376
3073, /home/yrong/devel/llvm/benchmark/llvm-project/lldb/source/Plugins/Process/POSIX/ProcessPOSIXLog.cpp, 3173, 448, 2725
3074, /home/yrong/devel/llvm/benchmark/llvm-project/lldb/source/Plugins/Process/Utility/AuxVector.cpp, 3213, 482, 2731
3075, /home/yrong/devel/llvm/benchmark/llvm-project/lldb/source/Plugins/Process/Utility/FreeBSDSignals.cpp, 3900, 622, 3278
3076, /home/yrong/devel/llvm/benchmark/llvm-project/lldb/source/Plugins/Process/Utility/GDBRemoteSignals.cpp, 3906, 628, 3278
3077, /home/yrong/devel/llvm/benchmark/llvm-project/lldb/source/Plugins/Process/Utility/HistoryThread.cpp, 7467, 2687, 4780
3078, /home/yrong/devel/llvm/benchmark/llvm-project/lldb/source/Plugins/Process/Utility/HistoryUnwind.cpp, 7427, 2655, 4772
3079, /home/yrong/devel/llvm/benchmark/llvm-project/lldb/source/Plugins/Process/Utility/InferiorCallPOSIX.cpp, 7748, 2915, 4833
3080, /home/yrong/devel/llvm/benchmark/llvm-project/lldb/source/Plugins/Process/Utility/LinuxProcMaps.cpp, 3247, 441, 2806
3081, /home/yrong/devel/llvm/benchmark/llvm-project/lldb/source/Plugins/Process/Utility/LinuxSignals.cpp, 3906, 628, 3278
3082, /home/yrong/devel/llvm/benchmark/llvm-project/lldb/source/Plugins/Process/Utility/MemoryTagManagerAArch64MTE.cpp, 3340, 500, 2840
3083, /home/yrong/devel/llvm/benchmark/llvm-project/lldb/source/Plugins/Process/Utility/NativeProcessSoftwareSingleStep.cpp, 5863, 1464, 4399
3084, /home/yrong/devel/llvm/benchmark/llvm-project/lldb/source/Plugins/Process/Utility/NativeRegisterContextDBReg_arm64.cpp, 4297, 947, 3350
3085, /home/yrong/devel/llvm/benchmark/llvm-project/lldb/source/Plugins/Process/Utility/NativeRegisterContextDBReg_x86.cpp, 4217, 873, 3344
3086, /home/yrong/devel/llvm/benchmark/llvm-project/lldb/source/Plugins/Process/Utility/NativeRegisterContextRegisterInfo.cpp, 3964, 754, 3210
3087, /home/yrong/devel/llvm/benchmark/llvm-project/lldb/source/Plugins/Process/Utility/NetBSDSignals.cpp, 3900, 622, 3278
3088, /home/yrong/devel/llvm/benchmark/llvm-project/lldb/source/Plugins/Process/Utility/RegisterContextDarwin_arm.cpp, 3624, 569, 3055
3089, /home/yrong/devel/llvm/benchmark/llvm-project/lldb/source/Plugins/Process/Utility/RegisterContextDarwin_arm64.cpp, 7477, 2671, 4806
3090, /home/yrong/devel/llvm/benchmark/llvm-project/lldb/source/Plugins/Process/Utility/RegisterContextDarwin_i386.cpp, 3611, 569, 3042
3091, /home/yrong/devel/llvm/benchmark/llvm-project/lldb/source/Plugins/Process/Utility/RegisterContextDarwin_x86_64.cpp, 3611, 569, 3042
3092, /home/yrong/devel/llvm/benchmark/llvm-project/lldb/source/Plugins/Process/Utility/RegisterContextDummy.cpp, 7838, 2947, 4891
3093, /home/yrong/devel/llvm/benchmark/llvm-project/lldb/source/Plugins/Process/Utility/RegisterContextFreeBSD_i386.cpp, 4113, 802, 3311
3094, /home/yrong/devel/llvm/benchmark/llvm-project/lldb/source/Plugins/Process/Utility/RegisterContextFreeBSD_mips64.cpp, 4165, 801, 3364
3095, /home/yrong/devel/llvm/benchmark/llvm-project/lldb/source/Plugins/Process/Utility/RegisterContextFreeBSD_powerpc.cpp, 4101, 801, 3300
3096, /home/yrong/devel/llvm/benchmark/llvm-project/lldb/source/Plugins/Process/Utility/RegisterContextFreeBSD_x86_64.cpp, 4161, 838, 3323
3097, /home/yrong/devel/llvm/benchmark/llvm-project/lldb/source/Plugins/Process/Utility/RegisterContextHistory.cpp, 7838, 2947, 4891
3098, /home/yrong/devel/llvm/benchmark/llvm-project/lldb/source/Plugins/Process/Utility/RegisterContextLinux_i386.cpp, 4113, 802, 3311
3099, /home/yrong/devel/llvm/benchmark/llvm-project/lldb/source/Plugins/Process/Utility/RegisterContextLinux_s390x.cpp, 4104, 801, 3303
3100, /home/yrong/devel/llvm/benchmark/llvm-project/lldb/source/Plugins/Process/Utility/RegisterContextLinux_x86_64.cpp, 4161, 837, 3324
3101, /home/yrong/devel/llvm/benchmark/llvm-project/lldb/source/Plugins/Process/Utility/RegisterContextMach_arm.cpp, 0, 0, 0
3102, /home/yrong/devel/llvm/benchmark/llvm-project/lldb/source/Plugins/Process/Utility/RegisterContextMach_i386.cpp, 0, 0, 0
3103, /home/yrong/devel/llvm/benchmark/llvm-project/lldb/source/Plugins/Process/Utility/RegisterContextMach_x86_64.cpp, 0, 0, 0
3104, /home/yrong/devel/llvm/benchmark/llvm-project/lldb/source/Plugins/Process/Utility/RegisterContextMemory.cpp, 7470, 2698, 4772
3105, /home/yrong/devel/llvm/benchmark/llvm-project/lldb/source/Plugins/Process/Utility/RegisterContextNetBSD_i386.cpp, 4113, 802, 3311
3106, /home/yrong/devel/llvm/benchmark/llvm-project/lldb/source/Plugins/Process/Utility/RegisterContextNetBSD_x86_64.cpp, 4161, 837, 3324
3107, /home/yrong/devel/llvm/benchmark/llvm-project/lldb/source/Plugins/Process/Utility/RegisterContextOpenBSD_i386.cpp, 4113, 802, 3311
3108, /home/yrong/devel/llvm/benchmark/llvm-project/lldb/source/Plugins/Process/Utility/RegisterContextOpenBSD_x86_64.cpp, 4114, 802, 3312
3109, /home/yrong/devel/llvm/benchmark/llvm-project/lldb/source/Plugins/Process/Utility/RegisterContextPOSIX_arm.cpp, 7436, 2672, 4764
3110, /home/yrong/devel/llvm/benchmark/llvm-project/lldb/source/Plugins/Process/Utility/RegisterContextPOSIX_arm64.cpp, 7440, 2676, 4764
3111, /home/yrong/devel/llvm/benchmark/llvm-project/lldb/source/Plugins/Process/Utility/RegisterContextPOSIX_loongarch64.cpp, 7436, 2672, 4764
3112, /home/yrong/devel/llvm/benchmark/llvm-project/lldb/source/Plugins/Process/Utility/RegisterContextPOSIX_mips64.cpp, 7442, 2673, 4769
3113, /home/yrong/devel/llvm/benchmark/llvm-project/lldb/source/Plugins/Process/Utility/RegisterContextPOSIX_powerpc.cpp, 7440, 2673, 4767
3114, /home/yrong/devel/llvm/benchmark/llvm-project/lldb/source/Plugins/Process/Utility/RegisterContextPOSIX_ppc64le.cpp, 7440, 2673, 4767
3115, /home/yrong/devel/llvm/benchmark/llvm-project/lldb/source/Plugins/Process/Utility/RegisterContextPOSIX_riscv64.cpp, 7436, 2672, 4764
3116, /home/yrong/devel/llvm/benchmark/llvm-project/lldb/source/Plugins/Process/Utility/RegisterContextPOSIX_s390x.cpp, 7442, 2673, 4769
3117, /home/yrong/devel/llvm/benchmark/llvm-project/lldb/source/Plugins/Process/Utility/RegisterContextPOSIX_x86.cpp, 7448, 2674, 4774
3118, /home/yrong/devel/llvm/benchmark/llvm-project/lldb/source/Plugins/Process/Utility/RegisterContextThreadMemory.cpp, 7419, 2649, 4770
3119, /home/yrong/devel/llvm/benchmark/llvm-project/lldb/source/Plugins/Process/Utility/RegisterContextWindows_i386.cpp, 3769, 610, 3159
3120, /home/yrong/devel/llvm/benchmark/llvm-project/lldb/source/Plugins/Process/Utility/RegisterContextWindows_x86_64.cpp, 3769, 610, 3159
3121, /home/yrong/devel/llvm/benchmark/llvm-project/lldb/source/Plugins/Process/Utility/RegisterContext_x86.cpp, 2530, 126, 2404
3122, /home/yrong/devel/llvm/benchmark/llvm-project/lldb/source/Plugins/Process/Utility/RegisterInfoPOSIX_arm.cpp, 3761, 610, 3151
3123, /home/yrong/devel/llvm/benchmark/llvm-project/lldb/source/Plugins/Process/Utility/RegisterInfoPOSIX_arm64.cpp, 3953, 778, 3175
3124, /home/yrong/devel/llvm/benchmark/llvm-project/lldb/source/Plugins/Process/Utility/RegisterInfoPOSIX_loongarch64.cpp, 3761, 610, 3151
3125, /home/yrong/devel/llvm/benchmark/llvm-project/lldb/source/Plugins/Process/Utility/RegisterInfoPOSIX_ppc64le.cpp, 3761, 610, 3151
3126, /home/yrong/devel/llvm/benchmark/llvm-project/lldb/source/Plugins/Process/Utility/RegisterInfoPOSIX_riscv64.cpp, 3761, 610, 3151
3127, /home/yrong/devel/llvm/benchmark/llvm-project/lldb/source/Plugins/Process/Utility/RegisterInfos_x86_64_with_base_shared.cpp, 4041, 782, 3259
3128, /home/yrong/devel/llvm/benchmark/llvm-project/lldb/source/Plugins/Process/Utility/StopInfoMachException.cpp, 7707, 2885, 4822
3129, /home/yrong/devel/llvm/benchmark/llvm-project/lldb/source/Plugins/Process/Utility/ThreadMemory.cpp, 7442, 2666, 4776
3130, /home/yrong/devel/llvm/benchmark/llvm-project/lldb/source/Plugins/Process/elf-core/ProcessElfCore.cpp, 7890, 3006, 4884
3131, /home/yrong/devel/llvm/benchmark/llvm-project/lldb/source/Plugins/Process/elf-core/RegisterContextLinuxCore_x86_64.cpp, 6188, 1781, 4407
3132, /home/yrong/devel/llvm/benchmark/llvm-project/lldb/source/Plugins/Process/elf-core/RegisterContextPOSIXCore_arm.cpp, 6182, 1782, 4400
3133, /home/yrong/devel/llvm/benchmark/llvm-project/lldb/source/Plugins/Process/elf-core/RegisterContextPOSIXCore_arm64.cpp, 6224, 1808, 4416
3134, /home/yrong/devel/llvm/benchmark/llvm-project/lldb/source/Plugins/Process/elf-core/RegisterContextPOSIXCore_mips64.cpp, 6185, 1784, 4401
3135, /home/yrong/devel/llvm/benchmark/llvm-project/lldb/source/Plugins/Process/elf-core/RegisterContextPOSIXCore_powerpc.cpp, 6190, 1787, 4403
3136, /home/yrong/devel/llvm/benchmark/llvm-project/lldb/source/Plugins/Process/elf-core/RegisterContextPOSIXCore_ppc64le.cpp, 6191, 1790, 4401
3137, /home/yrong/devel/llvm/benchmark/llvm-project/lldb/source/Plugins/Process/elf-core/RegisterContextPOSIXCore_s390x.cpp, 6187, 1784, 4403
3138, /home/yrong/devel/llvm/benchmark/llvm-project/lldb/source/Plugins/Process/elf-core/RegisterContextPOSIXCore_x86_64.cpp, 6188, 1783, 4405
3139, /home/yrong/devel/llvm/benchmark/llvm-project/lldb/source/Plugins/Process/elf-core/RegisterUtilities.cpp, 5493, 1306, 4187
3140, /home/yrong/devel/llvm/benchmark/llvm-project/lldb/source/Plugins/Process/elf-core/ThreadElfCore.cpp, 7614, 2820, 4794
3141, /home/yrong/devel/llvm/benchmark/llvm-project/lldb/source/Plugins/Process/gdb-remote/GDBRemoteClientBase.cpp, 5695, 1308, 4387
3142, /home/yrong/devel/llvm/benchmark/llvm-project/lldb/source/Plugins/Process/gdb-remote/GDBRemoteCommunication.cpp, 7087, 2344, 4743
3143, /home/yrong/devel/llvm/benchmark/llvm-project/lldb/source/Plugins/Process/gdb-remote/GDBRemoteCommunicationClient.cpp, 9382, 3658, 5724
3144, /home/yrong/devel/llvm/benchmark/llvm-project/lldb/source/Plugins/Process/gdb-remote/GDBRemoteCommunicationHistory.cpp, 3898, 604, 3294
3145, /home/yrong/devel/llvm/benchmark/llvm-project/lldb/source/Plugins/Process/gdb-remote/GDBRemoteCommunicationServer.cpp, 5738, 1343, 4395
3146, /home/yrong/devel/llvm/benchmark/llvm-project/lldb/source/Plugins/Process/gdb-remote/GDBRemoteCommunicationServerCommon.cpp, 7072, 2196, 4876
3147, /home/yrong/devel/llvm/benchmark/llvm-project/lldb/source/Plugins/Process/gdb-remote/GDBRemoteCommunicationServerLLGS.cpp, 9463, 4169, 5294
3148, /home/yrong/devel/llvm/benchmark/llvm-project/lldb/source/Plugins/Process/gdb-remote/GDBRemoteCommunicationServerPlatform.cpp, 7059, 1997, 5062
3149, /home/yrong/devel/llvm/benchmark/llvm-project/lldb/source/Plugins/Process/gdb-remote/GDBRemoteRegisterContext.cpp, 7855, 2946, 4909
3150, /home/yrong/devel/llvm/benchmark/llvm-project/lldb/source/Plugins/Process/gdb-remote/GDBRemoteRegisterFallback.cpp, 5438, 1208, 4230
3151, /home/yrong/devel/llvm/benchmark/llvm-project/lldb/source/Plugins/Process/gdb-remote/ProcessGDBRemote.cpp, 11175, 5232, 5943
3152, /home/yrong/devel/llvm/benchmark/llvm-project/lldb/source/Plugins/Process/gdb-remote/ProcessGDBRemoteLog.cpp, 7707, 2818, 4889
3153, /home/yrong/devel/llvm/benchmark/llvm-project/lldb/source/Plugins/Process/gdb-remote/ThreadGDBRemote.cpp, 7945, 3029, 4916
3154, /home/yrong/devel/llvm/benchmark/llvm-project/lldb/source/Plugins/Process/mach-core/ProcessMachCore.cpp, 7784, 2945, 4839
3155, /home/yrong/devel/llvm/benchmark/llvm-project/lldb/source/Plugins/Process/mach-core/ThreadMachCore.cpp, 7516, 2741, 4775
3156, /home/yrong/devel/llvm/benchmark/llvm-project/lldb/source/Plugins/Process/minidump/MinidumpParser.cpp, 4727, 1101, 3626
3157, /home/yrong/devel/llvm/benchmark/llvm-project/lldb/source/Plugins/Process/minidump/MinidumpTypes.cpp, 2998, 400, 2598
3158, /home/yrong/devel/llvm/benchmark/llvm-project/lldb/source/Plugins/Process/minidump/ProcessMinidump.cpp, 8147, 3241, 4906
3159, /home/yrong/devel/llvm/benchmark/llvm-project/lldb/source/Plugins/Process/minidump/RegisterContextMinidump_ARM.cpp, 4070, 806, 3264
3160, /home/yrong/devel/llvm/benchmark/llvm-project/lldb/source/Plugins/Process/minidump/RegisterContextMinidump_ARM64.cpp, 4071, 806, 3265
3161, /home/yrong/devel/llvm/benchmark/llvm-project/lldb/source/Plugins/Process/minidump/RegisterContextMinidump_x86_32.cpp, 3972, 744, 3228
3162, /home/yrong/devel/llvm/benchmark/llvm-project/lldb/source/Plugins/Process/minidump/RegisterContextMinidump_x86_64.cpp, 3974, 744, 3230
3163, /home/yrong/devel/llvm/benchmark/llvm-project/lldb/source/Plugins/Process/minidump/ThreadMinidump.cpp, 7625, 2814, 4811
3164, /home/yrong/devel/llvm/benchmark/llvm-project/lldb/source/Plugins/Process/scripted/ScriptedProcess.cpp, 7895, 3062, 4833
3165, /home/yrong/devel/llvm/benchmark/llvm-project/lldb/source/Plugins/Process/scripted/ScriptedThread.cpp, 7706, 2917, 4789
3166, /home/yrong/devel/llvm/benchmark/llvm-project/lldb/source/Plugins/REPL/Clang/ClangREPL.cpp, 7760, 2935, 4825
3167, /home/yrong/devel/llvm/benchmark/llvm-project/lldb/source/Plugins/RegisterTypeBuilder/RegisterTypeBuilderClang.cpp, 10860, 4664, 6196
3168, /home/yrong/devel/llvm/benchmark/llvm-project/lldb/source/Plugins/ScriptInterpreter/None/ScriptInterpreterNone.cpp, 7007, 2285, 4722
3169, /home/yrong/devel/llvm/benchmark/llvm-project/lldb/source/Plugins/ScriptInterpreter/Python/PythonDataObjects.cpp, 6625, 2004, 4621
3170, /home/yrong/devel/llvm/benchmark/llvm-project/lldb/source/Plugins/ScriptInterpreter/Python/PythonReadline.cpp, 462, 26, 436
3171, /home/yrong/devel/llvm/benchmark/llvm-project/lldb/source/Plugins/ScriptInterpreter/Python/ScriptInterpreterPython.cpp, 9253, 3734, 5519
3172, /home/yrong/devel/llvm/benchmark/llvm-project/lldb/source/Plugins/ScriptInterpreter/Python/ScriptedPlatformPythonInterface.cpp, 6779, 1898, 4881
3173, /home/yrong/devel/llvm/benchmark/llvm-project/lldb/source/Plugins/ScriptInterpreter/Python/ScriptedProcessPythonInterface.cpp, 8641, 3311, 5330
3174, /home/yrong/devel/llvm/benchmark/llvm-project/lldb/source/Plugins/ScriptInterpreter/Python/ScriptedPythonInterface.cpp, 6638, 1767, 4871
3175, /home/yrong/devel/llvm/benchmark/llvm-project/lldb/source/Plugins/ScriptInterpreter/Python/ScriptedThreadPythonInterface.cpp, 6772, 1894, 4878
3176, /home/yrong/devel/llvm/benchmark/llvm-project/lldb/source/Plugins/StructuredData/DarwinLog/StructuredDataDarwinLog.cpp, 8609, 3274, 5335
3177, /home/yrong/devel/llvm/benchmark/llvm-project/lldb/source/Plugins/SymbolFile/Breakpad/SymbolFileBreakpad.cpp, 7608, 2772, 4836
3178, /home/yrong/devel/llvm/benchmark/llvm-project/lldb/source/Plugins/SymbolFile/CTF/SymbolFileCTF.cpp, 11566, 5554, 6012
3179, /home/yrong/devel/llvm/benchmark/llvm-project/lldb/source/Plugins/SymbolFile/DWARF/AppleDWARFIndex.cpp, 7759, 2930, 4829
3180, /home/yrong/devel/llvm/benchmark/llvm-project/lldb/source/Plugins/SymbolFile/DWARF/DIERef.cpp, 3261, 447, 2814
3181, /home/yrong/devel/llvm/benchmark/llvm-project/lldb/source/Plugins/SymbolFile/DWARF/DWARFASTParser.cpp, 7980, 3057, 4923
3182, /home/yrong/devel/llvm/benchmark/llvm-project/lldb/source/Plugins/SymbolFile/DWARF/DWARFASTParserClang.cpp, 17051, 9136, 7915
3183, /home/yrong/devel/llvm/benchmark/llvm-project/lldb/source/Plugins/SymbolFile/DWARF/DWARFAttribute.cpp, 7661, 2854, 4807
3184, /home/yrong/devel/llvm/benchmark/llvm-project/lldb/source/Plugins/SymbolFile/DWARF/DWARFBaseDIE.cpp, 7701, 2886, 4815
3185, /home/yrong/devel/llvm/benchmark/llvm-project/lldb/source/Plugins/SymbolFile/DWARF/DWARFCompileUnit.cpp, 7853, 2945, 4908
3186, /home/yrong/devel/llvm/benchmark/llvm-project/lldb/source/Plugins/SymbolFile/DWARF/DWARFContext.cpp, 5160, 1420, 3740
3187, /home/yrong/devel/llvm/benchmark/llvm-project/lldb/source/Plugins/SymbolFile/DWARF/DWARFDIE.cpp, 7759, 2907, 4852
3188, /home/yrong/devel/llvm/benchmark/llvm-project/lldb/source/Plugins/SymbolFile/DWARF/DWARFDataExtractor.cpp, 3236, 423, 2813
3189, /home/yrong/devel/llvm/benchmark/llvm-project/lldb/source/Plugins/SymbolFile/DWARF/DWARFDebugAbbrev.cpp, 3745, 742, 3003
3190, /home/yrong/devel/llvm/benchmark/llvm-project/lldb/source/Plugins/SymbolFile/DWARF/DWARFDebugArangeSet.cpp, 3631, 593, 3038
3191, /home/yrong/devel/llvm/benchmark/llvm-project/lldb/source/Plugins/SymbolFile/DWARF/DWARFDebugAranges.cpp, 7765, 2932, 4833
3192, /home/yrong/devel/llvm/benchmark/llvm-project/lldb/source/Plugins/SymbolFile/DWARF/DWARFDebugInfo.cpp, 7772, 2949, 4823
3193, /home/yrong/devel/llvm/benchmark/llvm-project/lldb/source/Plugins/SymbolFile/DWARF/DWARFDebugInfoEntry.cpp, 7817, 2984, 4833
3194, /home/yrong/devel/llvm/benchmark/llvm-project/lldb/source/Plugins/SymbolFile/DWARF/DWARFDebugMacro.cpp, 7583, 2787, 4796
3195, /home/yrong/devel/llvm/benchmark/llvm-project/lldb/source/Plugins/SymbolFile/DWARF/DWARFDebugRanges.cpp, 7726, 2899, 4827
3196, /home/yrong/devel/llvm/benchmark/llvm-project/lldb/source/Plugins/SymbolFile/DWARF/DWARFDeclContext.cpp, 3065, 309, 2756
3197, /home/yrong/devel/llvm/benchmark/llvm-project/lldb/source/Plugins/SymbolFile/DWARF/DWARFDefines.cpp, 3049, 291, 2758
3198, /home/yrong/devel/llvm/benchmark/llvm-project/lldb/source/Plugins/SymbolFile/DWARF/DWARFFormValue.cpp, 7716, 2876, 4840
3199, /home/yrong/devel/llvm/benchmark/llvm-project/lldb/source/Plugins/SymbolFile/DWARF/DWARFIndex.cpp, 8841, 3812, 5029
3200, /home/yrong/devel/llvm/benchmark/llvm-project/lldb/source/Plugins/SymbolFile/DWARF/DWARFTypeUnit.cpp, 7715, 2904, 4811
3201, /home/yrong/devel/llvm/benchmark/llvm-project/lldb/source/Plugins/SymbolFile/DWARF/DWARFUnit.cpp, 8060, 3180, 4880
3202, /home/yrong/devel/llvm/benchmark/llvm-project/lldb/source/Plugins/SymbolFile/DWARF/DebugNamesDWARFIndex.cpp, 7875, 3025, 4850
3203, /home/yrong/devel/llvm/benchmark/llvm-project/lldb/source/Plugins/SymbolFile/DWARF/LogChannelDWARF.cpp, 3171, 446, 2725
3204, /home/yrong/devel/llvm/benchmark/llvm-project/lldb/source/Plugins/SymbolFile/DWARF/ManualDWARFIndex.cpp, 9646, 4442, 5204
3205, /home/yrong/devel/llvm/benchmark/llvm-project/lldb/source/Plugins/SymbolFile/DWARF/NameToDIE.cpp, 7801, 2986, 4815
3206, /home/yrong/devel/llvm/benchmark/llvm-project/lldb/source/Plugins/SymbolFile/DWARF/SymbolFileDWARF.cpp, 17470, 9562, 7908
3207, /home/yrong/devel/llvm/benchmark/llvm-project/lldb/source/Plugins/SymbolFile/DWARF/SymbolFileDWARFDebugMap.cpp, 8690, 3586, 5104
3208, /home/yrong/devel/llvm/benchmark/llvm-project/lldb/source/Plugins/SymbolFile/DWARF/SymbolFileDWARFDwo.cpp, 7669, 2859, 4810
3209, /home/yrong/devel/llvm/benchmark/llvm-project/lldb/source/Plugins/SymbolFile/DWARF/UniqueDWARFASTType.cpp, 4014, 589, 3425
3210, /home/yrong/devel/llvm/benchmark/llvm-project/lldb/source/Plugins/SymbolFile/JSON/SymbolFileJSON.cpp, 6961, 2259, 4702
3211, /home/yrong/devel/llvm/benchmark/llvm-project/lldb/source/Plugins/SymbolFile/NativePDB/CodeViewRegisterMapping.cpp, 2551, 207, 2344
3212, /home/yrong/devel/llvm/benchmark/llvm-project/lldb/source/Plugins/SymbolFile/NativePDB/CompileUnitIndex.cpp, 7427, 2286, 5141
3213, /home/yrong/devel/llvm/benchmark/llvm-project/lldb/source/Plugins/SymbolFile/NativePDB/DWARFLocationExpression.cpp, 7373, 2465, 4908
3214, /home/yrong/devel/llvm/benchmark/llvm-project/lldb/source/Plugins/SymbolFile/NativePDB/PdbAstBuilder.cpp, 16699, 8373, 8326
3215, /home/yrong/devel/llvm/benchmark/llvm-project/lldb/source/Plugins/SymbolFile/NativePDB/PdbFPOProgramToDWARFExpression.cpp, 4378, 865, 3513
3216, /home/yrong/devel/llvm/benchmark/llvm-project/lldb/source/Plugins/SymbolFile/NativePDB/PdbIndex.cpp, 7411, 2226, 5185
3217, /home/yrong/devel/llvm/benchmark/llvm-project/lldb/source/Plugins/SymbolFile/NativePDB/PdbSymUid.cpp, 3624, 628, 2996
3218, /home/yrong/devel/llvm/benchmark/llvm-project/lldb/source/Plugins/SymbolFile/NativePDB/PdbUtil.cpp, 7581, 2387, 5194
3219, /home/yrong/devel/llvm/benchmark/llvm-project/lldb/source/Plugins/SymbolFile/NativePDB/SymbolFileNativePDB.cpp, 17359, 8904, 8455
3220, /home/yrong/devel/llvm/benchmark/llvm-project/lldb/source/Plugins/SymbolFile/NativePDB/UdtRecordCompleter.cpp, 16575, 8325, 8250
3221, /home/yrong/devel/llvm/benchmark/llvm-project/lldb/source/Plugins/SymbolFile/PDB/PDBASTParser.cpp, 15782, 8014, 7768
3222, /home/yrong/devel/llvm/benchmark/llvm-project/lldb/source/Plugins/SymbolFile/PDB/PDBLocationToDWARFExpression.cpp, 6921, 2191, 4730
3223, /home/yrong/devel/llvm/benchmark/llvm-project/lldb/source/Plugins/SymbolFile/PDB/SymbolFilePDB.cpp, 16972, 8793, 8179
3224, /home/yrong/devel/llvm/benchmark/llvm-project/lldb/source/Plugins/SymbolFile/Symtab/SymbolFileSymtab.cpp, 7003, 2292, 4711
3225, /home/yrong/devel/llvm/benchmark/llvm-project/lldb/source/Plugins/SymbolVendor/ELF/SymbolVendorELF.cpp, 7488, 2616, 4872
3226, /home/yrong/devel/llvm/benchmark/llvm-project/lldb/source/Plugins/SymbolVendor/PECOFF/SymbolVendorPECOFF.cpp, 7617, 2702, 4915
3227, /home/yrong/devel/llvm/benchmark/llvm-project/lldb/source/Plugins/SymbolVendor/wasm/SymbolVendorWasm.cpp, 7473, 2601, 4872
3228, /home/yrong/devel/llvm/benchmark/llvm-project/lldb/source/Plugins/SystemRuntime/MacOSX/AppleGetItemInfoHandler.cpp, 10263, 4493, 5770
3229, /home/yrong/devel/llvm/benchmark/llvm-project/lldb/source/Plugins/SystemRuntime/MacOSX/AppleGetPendingItemsHandler.cpp, 10255, 4486, 5769
3230, /home/yrong/devel/llvm/benchmark/llvm-project/lldb/source/Plugins/SystemRuntime/MacOSX/AppleGetQueuesHandler.cpp, 10254, 4485, 5769
3231, /home/yrong/devel/llvm/benchmark/llvm-project/lldb/source/Plugins/SystemRuntime/MacOSX/AppleGetThreadItemInfoHandler.cpp, 10255, 4486, 5769
3232, /home/yrong/devel/llvm/benchmark/llvm-project/lldb/source/Plugins/SystemRuntime/MacOSX/SystemRuntimeMacOSX.cpp, 10327, 4515, 5812
3233, /home/yrong/devel/llvm/benchmark/llvm-project/lldb/source/Plugins/Trace/common/ThreadPostMortemTrace.cpp, 7424, 2652, 4772
3234, /home/yrong/devel/llvm/benchmark/llvm-project/lldb/source/Plugins/TraceExporter/common/TraceHTR.cpp, 8401, 3041, 5360
3235, /home/yrong/devel/llvm/benchmark/llvm-project/lldb/source/Plugins/TraceExporter/ctf/CommandObjectThreadTraceExportCTF.cpp, 7807, 2983, 4824
3236, /home/yrong/devel/llvm/benchmark/llvm-project/lldb/source/Plugins/TraceExporter/ctf/TraceExporterCTF.cpp, 7142, 2381, 4761
3237, /home/yrong/devel/llvm/benchmark/llvm-project/lldb/source/Plugins/TypeSystem/Clang/TypeSystemClang.cpp, 18876, 10036, 8840
3238, /home/yrong/devel/llvm/benchmark/llvm-project/lldb/source/Plugins/UnwindAssembly/InstEmulation/UnwindAssemblyInstEmulation.cpp, 7653, 2842, 4811
3239, /home/yrong/devel/llvm/benchmark/llvm-project/lldb/source/Plugins/UnwindAssembly/x86/UnwindAssembly-x86.cpp, 7571, 2759, 4812
3240, /home/yrong/devel/llvm/benchmark/llvm-project/lldb/source/Plugins/UnwindAssembly/x86/x86AssemblyInspectionEngine.cpp, 3979, 792, 3187
3241, /home/yrong/devel/llvm/benchmark/llvm-project/lldb/source/Symbol/ArmUnwindInfo.cpp, 6996, 2279, 4717
3242, /home/yrong/devel/llvm/benchmark/llvm-project/lldb/source/Symbol/Block.cpp, 6983, 2250, 4733
3243, /home/yrong/devel/llvm/benchmark/llvm-project/lldb/source/Symbol/CompactUnwindInfo.cpp, 7734, 2846, 4888
3244, /home/yrong/devel/llvm/benchmark/llvm-project/lldb/source/Symbol/CompileUnit.cpp, 8298, 3301, 4997
3245, /home/yrong/devel/llvm/benchmark/llvm-project/lldb/source/Symbol/CompilerDecl.cpp, 4280, 776, 3504
3246, /home/yrong/devel/llvm/benchmark/llvm-project/lldb/source/Symbol/CompilerDeclContext.cpp, 4287, 778, 3509
3247, /home/yrong/devel/llvm/benchmark/llvm-project/lldb/source/Symbol/CompilerType.cpp, 7594, 2807, 4787
3248, /home/yrong/devel/llvm/benchmark/llvm-project/lldb/source/Symbol/DWARFCallFrameInfo.cpp, 7448, 2673, 4775
3249, /home/yrong/devel/llvm/benchmark/llvm-project/lldb/source/Symbol/DebugMacros.cpp, 5853, 1547, 4306
3250, /home/yrong/devel/llvm/benchmark/llvm-project/lldb/source/Symbol/DeclVendor.cpp, 4297, 792, 3505
3251, /home/yrong/devel/llvm/benchmark/llvm-project/lldb/source/Symbol/FuncUnwinders.cpp, 8119, 3158, 4961
3252, /home/yrong/devel/llvm/benchmark/llvm-project/lldb/source/Symbol/Function.cpp, 8395, 3434, 4961
3253, /home/yrong/devel/llvm/benchmark/llvm-project/lldb/source/Symbol/LineEntry.cpp, 7687, 2829, 4858
3254, /home/yrong/devel/llvm/benchmark/llvm-project/lldb/source/Symbol/LineTable.cpp, 6915, 2227, 4688
3255, /home/yrong/devel/llvm/benchmark/llvm-project/lldb/source/Symbol/LocateSymbolFile.cpp, 7533, 2627, 4906
3256, /home/yrong/devel/llvm/benchmark/llvm-project/lldb/source/Symbol/ObjectContainer.cpp, 7441, 2665, 4776
3257, /home/yrong/devel/llvm/benchmark/llvm-project/lldb/source/Symbol/ObjectFile.cpp, 8030, 3106, 4924
3258, /home/yrong/devel/llvm/benchmark/llvm-project/lldb/source/Symbol/PostfixExpression.cpp, 3406, 445, 2961
3259, /home/yrong/devel/llvm/benchmark/llvm-project/lldb/source/Symbol/Symbol.cpp, 7993, 3042, 4951
3260, /home/yrong/devel/llvm/benchmark/llvm-project/lldb/source/Symbol/SymbolContext.cpp, 8595, 3527, 5068
3261, /home/yrong/devel/llvm/benchmark/llvm-project/lldb/source/Symbol/SymbolFile.cpp, 7264, 2455, 4809
3262, /home/yrong/devel/llvm/benchmark/llvm-project/lldb/source/Symbol/SymbolFileOnDemand.cpp, 7489, 2785, 4704
3263, /home/yrong/devel/llvm/benchmark/llvm-project/lldb/source/Symbol/SymbolVendor.cpp, 6962, 2258, 4704
3264, /home/yrong/devel/llvm/benchmark/llvm-project/lldb/source/Symbol/Symtab.cpp, 8288, 3333, 4955
3265, /home/yrong/devel/llvm/benchmark/llvm-project/lldb/source/Symbol/Type.cpp, 8111, 3128, 4983
3266, /home/yrong/devel/llvm/benchmark/llvm-project/lldb/source/Symbol/TypeList.cpp, 6911, 2212, 4699
3267, /home/yrong/devel/llvm/benchmark/llvm-project/lldb/source/Symbol/TypeMap.cpp, 6936, 2233, 4703
3268, /home/yrong/devel/llvm/benchmark/llvm-project/lldb/source/Symbol/TypeSystem.cpp, 7894, 3022, 4872
3269, /home/yrong/devel/llvm/benchmark/llvm-project/lldb/source/Symbol/UnwindPlan.cpp, 7744, 2863, 4881
3270, /home/yrong/devel/llvm/benchmark/llvm-project/lldb/source/Symbol/UnwindTable.cpp, 7028, 2322, 4706
3271, /home/yrong/devel/llvm/benchmark/llvm-project/lldb/source/Symbol/Variable.cpp, 8288, 3302, 4986
3272, /home/yrong/devel/llvm/benchmark/llvm-project/lldb/source/Symbol/VariableList.cpp, 5907, 1597, 4310
3273, /home/yrong/devel/llvm/benchmark/llvm-project/lldb/source/Target/ABI.cpp, 8144, 3115, 5029
3274, /home/yrong/devel/llvm/benchmark/llvm-project/lldb/source/Target/AssertFrameRecognizer.cpp, 7904, 3020, 4884
3275, /home/yrong/devel/llvm/benchmark/llvm-project/lldb/source/Target/DynamicRegisterInfo.cpp, 8324, 3351, 4973
3276, /home/yrong/devel/llvm/benchmark/llvm-project/lldb/source/Target/ExecutionContext.cpp, 7504, 2736, 4768
3277, /home/yrong/devel/llvm/benchmark/llvm-project/lldb/source/Target/InstrumentationRuntime.cpp, 7497, 2716, 4781
3278, /home/yrong/devel/llvm/benchmark/llvm-project/lldb/source/Target/InstrumentationRuntimeStopInfo.cpp, 7409, 2645, 4764
3279, /home/yrong/devel/llvm/benchmark/llvm-project/lldb/source/Target/JITLoader.cpp, 7410, 2633, 4777
3280, /home/yrong/devel/llvm/benchmark/llvm-project/lldb/source/Target/JITLoaderList.cpp, 2969, 289, 2680
3281, /home/yrong/devel/llvm/benchmark/llvm-project/lldb/source/Target/Language.cpp, 8304, 3354, 4950
3282, /home/yrong/devel/llvm/benchmark/llvm-project/lldb/source/Target/LanguageRuntime.cpp, 7990, 3148, 4842
3283, /home/yrong/devel/llvm/benchmark/llvm-project/lldb/source/Target/Memory.cpp, 7637, 2817, 4820
3284, /home/yrong/devel/llvm/benchmark/llvm-project/lldb/source/Target/MemoryHistory.cpp, 5352, 1146, 4206
3285, /home/yrong/devel/llvm/benchmark/llvm-project/lldb/source/Target/MemoryRegionInfo.cpp, 3045, 335, 2710
3286, /home/yrong/devel/llvm/benchmark/llvm-project/lldb/source/Target/MemoryTagMap.cpp, 3269, 433, 2836
3287, /home/yrong/devel/llvm/benchmark/llvm-project/lldb/source/Target/ModuleCache.cpp, 6544, 1958, 4586
3288, /home/yrong/devel/llvm/benchmark/llvm-project/lldb/source/Target/OperatingSystem.cpp, 6019, 1642, 4377
3289, /home/yrong/devel/llvm/benchmark/llvm-project/lldb/source/Target/PathMappingList.cpp, 5023, 1134, 3889
3290, /home/yrong/devel/llvm/benchmark/llvm-project/lldb/source/Target/Platform.cpp, 8708, 3311, 5397
3291, /home/yrong/devel/llvm/benchmark/llvm-project/lldb/source/Target/Process.cpp, 9904, 4637, 5267
3292, /home/yrong/devel/llvm/benchmark/llvm-project/lldb/source/Target/ProcessTrace.cpp, 7607, 2792, 4815
3293, /home/yrong/devel/llvm/benchmark/llvm-project/lldb/source/Target/Queue.cpp, 7435, 2663, 4772
3294, /home/yrong/devel/llvm/benchmark/llvm-project/lldb/source/Target/QueueItem.cpp, 7423, 2654, 4769
3295, /home/yrong/devel/llvm/benchmark/llvm-project/lldb/source/Target/QueueList.cpp, 7435, 2663, 4772
3296, /home/yrong/devel/llvm/benchmark/llvm-project/lldb/source/Target/RegisterContext.cpp, 7635, 2793, 4842
3297, /home/yrong/devel/llvm/benchmark/llvm-project/lldb/source/Target/RegisterContextUnwind.cpp, 8466, 3482, 4984
3298, /home/yrong/devel/llvm/benchmark/llvm-project/lldb/source/Target/RegisterFlags.cpp, 3330, 535, 2795
3299, /home/yrong/devel/llvm/benchmark/llvm-project/lldb/source/Target/RegisterNumber.cpp, 5887, 1594, 4293
3300, /home/yrong/devel/llvm/benchmark/llvm-project/lldb/source/Target/RemoteAwarePlatform.cpp, 6713, 2023, 4690
3301, /home/yrong/devel/llvm/benchmark/llvm-project/lldb/source/Target/SectionLoadHistory.cpp, 4014, 708, 3306
3302, /home/yrong/devel/llvm/benchmark/llvm-project/lldb/source/Target/SectionLoadList.cpp, 6628, 2019, 4609
3303, /home/yrong/devel/llvm/benchmark/llvm-project/lldb/source/Target/StackFrame.cpp, 8694, 3646, 5048
3304, /home/yrong/devel/llvm/benchmark/llvm-project/lldb/source/Target/StackFrameList.cpp, 8230, 3308, 4922
3305, /home/yrong/devel/llvm/benchmark/llvm-project/lldb/source/Target/StackFrameRecognizer.cpp, 7985, 3088, 4897
3306, /home/yrong/devel/llvm/benchmark/llvm-project/lldb/source/Target/StackID.cpp, 4644, 846, 3798
3307, /home/yrong/devel/llvm/benchmark/llvm-project/lldb/source/Target/Statistics.cpp, 8235, 3253, 4982
3308, /home/yrong/devel/llvm/benchmark/llvm-project/lldb/source/Target/StopInfo.cpp, 7980, 3129, 4851
3309, /home/yrong/devel/llvm/benchmark/llvm-project/lldb/source/Target/StructuredDataPlugin.cpp, 7033, 2299, 4734
3310, /home/yrong/devel/llvm/benchmark/llvm-project/lldb/source/Target/SystemRuntime.cpp, 7418, 2639, 4779
3311, /home/yrong/devel/llvm/benchmark/llvm-project/lldb/source/Target/Target.cpp, 10786, 4973, 5813
3312, /home/yrong/devel/llvm/benchmark/llvm-project/lldb/source/Target/TargetList.cpp, 7889, 3065, 4824
3313, /home/yrong/devel/llvm/benchmark/llvm-project/lldb/source/Target/Thread.cpp, 8609, 3604, 5005
3314, /home/yrong/devel/llvm/benchmark/llvm-project/lldb/source/Target/ThreadCollection.cpp, 5878, 1587, 4291
3315, /home/yrong/devel/llvm/benchmark/llvm-project/lldb/source/Target/ThreadList.cpp, 7590, 2805, 4785
3316, /home/yrong/devel/llvm/benchmark/llvm-project/lldb/source/Target/ThreadPlan.cpp, 7582, 2805, 4777
3317, /home/yrong/devel/llvm/benchmark/llvm-project/lldb/source/Target/ThreadPlanBase.cpp, 7462, 2693, 4769
3318, /home/yrong/devel/llvm/benchmark/llvm-project/lldb/source/Target/ThreadPlanCallFunction.cpp, 7942, 3064, 4878
3319, /home/yrong/devel/llvm/benchmark/llvm-project/lldb/source/Target/ThreadPlanCallFunctionUsingABI.cpp, 7652, 2804, 4848
3320, /home/yrong/devel/llvm/benchmark/llvm-project/lldb/source/Target/ThreadPlanCallOnFunctionExit.cpp, 7454, 2685, 4769
3321, /home/yrong/devel/llvm/benchmark/llvm-project/lldb/source/Target/ThreadPlanCallUserExpression.cpp, 7796, 2967, 4829
3322, /home/yrong/devel/llvm/benchmark/llvm-project/lldb/source/Target/ThreadPlanPython.cpp, 7688, 2897, 4791
3323, /home/yrong/devel/llvm/benchmark/llvm-project/lldb/source/Target/ThreadPlanRunToAddress.cpp, 7497, 2701, 4796
3324, /home/yrong/devel/llvm/benchmark/llvm-project/lldb/source/Target/ThreadPlanShouldStopHere.cpp, 7457, 2690, 4767
3325, /home/yrong/devel/llvm/benchmark/llvm-project/lldb/source/Target/ThreadPlanStack.cpp, 7597, 2776, 4821
3326, /home/yrong/devel/llvm/benchmark/llvm-project/lldb/source/Target/ThreadPlanStepInRange.cpp, 7780, 2908, 4872
3327, /home/yrong/devel/llvm/benchmark/llvm-project/lldb/source/Target/ThreadPlanStepInstruction.cpp, 7470, 2686, 4784
3328, /home/yrong/devel/llvm/benchmark/llvm-project/lldb/source/Target/ThreadPlanStepOut.cpp, 8103, 3147, 4956
3329, /home/yrong/devel/llvm/benchmark/llvm-project/lldb/source/Target/ThreadPlanStepOverBreakpoint.cpp, 7474, 2697, 4777
3330, /home/yrong/devel/llvm/benchmark/llvm-project/lldb/source/Target/ThreadPlanStepOverRange.cpp, 7778, 2905, 4873
3331, /home/yrong/devel/llvm/benchmark/llvm-project/lldb/source/Target/ThreadPlanStepRange.cpp, 7766, 2899, 4867
3332, /home/yrong/devel/llvm/benchmark/llvm-project/lldb/source/Target/ThreadPlanStepThrough.cpp, 7726, 2896, 4830
3333, /home/yrong/devel/llvm/benchmark/llvm-project/lldb/source/Target/ThreadPlanStepUntil.cpp, 7511, 2718, 4793
3334, /home/yrong/devel/llvm/benchmark/llvm-project/lldb/source/Target/ThreadPlanTracer.cpp, 7870, 3018, 4852
3335, /home/yrong/devel/llvm/benchmark/llvm-project/lldb/source/Target/ThreadSpec.cpp, 5876, 1582, 4294
3336, /home/yrong/devel/llvm/benchmark/llvm-project/lldb/source/Target/Trace.cpp, 8254, 3188, 5066
3337, /home/yrong/devel/llvm/benchmark/llvm-project/lldb/source/Target/TraceCursor.cpp, 5960, 1657, 4303
3338, /home/yrong/devel/llvm/benchmark/llvm-project/lldb/source/Target/TraceDumper.cpp, 8147, 3257, 4890
3339, /home/yrong/devel/llvm/benchmark/llvm-project/lldb/source/Target/TraceExporter.cpp, 5396, 1184, 4212
3340, /home/yrong/devel/llvm/benchmark/llvm-project/lldb/source/Target/UnixSignals.cpp, 5845, 1291, 4554
3341, /home/yrong/devel/llvm/benchmark/llvm-project/lldb/source/Target/UnwindAssembly.cpp, 5397, 1193, 4204
3342, /home/yrong/devel/llvm/benchmark/llvm-project/lldb/source/Target/UnwindLLDB.cpp, 7874, 2980, 4894
3343, /home/yrong/devel/llvm/benchmark/llvm-project/lldb/source/Utility/ArchSpec.cpp, 4150, 832, 3318
3344, /home/yrong/devel/llvm/benchmark/llvm-project/lldb/source/Utility/Args.cpp, 4588, 1011, 3577
3345, /home/yrong/devel/llvm/benchmark/llvm-project/lldb/source/Utility/Baton.cpp, 2445, 170, 2275
3346, /home/yrong/devel/llvm/benchmark/llvm-project/lldb/source/Utility/Broadcaster.cpp, 5402, 1267, 4135
3347, /home/yrong/devel/llvm/benchmark/llvm-project/lldb/source/Utility/CompletionRequest.cpp, 3736, 588, 3148
3348, /home/yrong/devel/llvm/benchmark/llvm-project/lldb/source/Utility/Connection.cpp, 1443, 104, 1339
3349, /home/yrong/devel/llvm/benchmark/llvm-project/lldb/source/Utility/ConstString.cpp, 3081, 379, 2702
3350, /home/yrong/devel/llvm/benchmark/llvm-project/lldb/source/Utility/DataBufferHeap.cpp, 2586, 181, 2405
3351, /home/yrong/devel/llvm/benchmark/llvm-project/lldb/source/Utility/DataBufferLLVM.cpp, 2682, 211, 2471
3352, /home/yrong/devel/llvm/benchmark/llvm-project/lldb/source/Utility/DataEncoder.cpp, 2589, 159, 2430
3353, /home/yrong/devel/llvm/benchmark/llvm-project/lldb/source/Utility/DataExtractor.cpp, 3450, 526, 2924
3354, /home/yrong/devel/llvm/benchmark/llvm-project/lldb/source/Utility/Diagnostics.cpp, 3667, 567, 3100
3355, /home/yrong/devel/llvm/benchmark/llvm-project/lldb/source/Utility/Environment.cpp, 2857, 313, 2544
3356, /home/yrong/devel/llvm/benchmark/llvm-project/lldb/source/Utility/Event.cpp, 4938, 1015, 3923
3357, /home/yrong/devel/llvm/benchmark/llvm-project/lldb/source/Utility/FileSpec.cpp, 3655, 640, 3015
3358, /home/yrong/devel/llvm/benchmark/llvm-project/lldb/source/Utility/FileSpecList.cpp, 3411, 509, 2902
3359, /home/yrong/devel/llvm/benchmark/llvm-project/lldb/source/Utility/GDBRemote.cpp, 3372, 475, 2897
3360, /home/yrong/devel/llvm/benchmark/llvm-project/lldb/source/Utility/IOObject.cpp, 2866, 239, 2627
3361, /home/yrong/devel/llvm/benchmark/llvm-project/lldb/source/Utility/Instrumentation.cpp, 4106, 615, 3491
3362, /home/yrong/devel/llvm/benchmark/llvm-project/lldb/source/Utility/LLDBAssert.cpp, 2737, 265, 2472
3363, /home/yrong/devel/llvm/benchmark/llvm-project/lldb/source/Utility/LLDBLog.cpp, 3173, 446, 2727
3364, /home/yrong/devel/llvm/benchmark/llvm-project/lldb/source/Utility/Listener.cpp, 5254, 1136, 4118
3365, /home/yrong/devel/llvm/benchmark/llvm-project/lldb/source/Utility/Log.cpp, 3443, 677, 2766
3366, /home/yrong/devel/llvm/benchmark/llvm-project/lldb/source/Utility/NameMatches.cpp, 2833, 325, 2508
3367, /home/yrong/devel/llvm/benchmark/llvm-project/lldb/source/Utility/ProcessInfo.cpp, 5519, 1300, 4219
3368, /home/yrong/devel/llvm/benchmark/llvm-project/lldb/source/Utility/RegisterValue.cpp, 3383, 512, 2871
3369, /home/yrong/devel/llvm/benchmark/llvm-project/lldb/source/Utility/RegularExpression.cpp, 2856, 348, 2508
3370, /home/yrong/devel/llvm/benchmark/llvm-project/lldb/source/Utility/Scalar.cpp, 3536, 644, 2892
3371, /home/yrong/devel/llvm/benchmark/llvm-project/lldb/source/Utility/SelectHelper.cpp, 3224, 459, 2765
3372, /home/yrong/devel/llvm/benchmark/llvm-project/lldb/source/Utility/State.cpp, 2647, 230, 2417
3373, /home/yrong/devel/llvm/benchmark/llvm-project/lldb/source/Utility/Status.cpp, 2948, 413, 2535
3374, /home/yrong/devel/llvm/benchmark/llvm-project/lldb/source/Utility/Stream.cpp, 2722, 236, 2486
3375, /home/yrong/devel/llvm/benchmark/llvm-project/lldb/source/Utility/StreamString.cpp, 2690, 234, 2456
3376, /home/yrong/devel/llvm/benchmark/llvm-project/lldb/source/Utility/StringExtractor.cpp, 2766, 245, 2521
3377, /home/yrong/devel/llvm/benchmark/llvm-project/lldb/source/Utility/StringExtractorGDBRemote.cpp, 2915, 383, 2532
3378, /home/yrong/devel/llvm/benchmark/llvm-project/lldb/source/Utility/StringLexer.cpp, 975, 66, 909
3379, /home/yrong/devel/llvm/benchmark/llvm-project/lldb/source/Utility/StringList.cpp, 3303, 536, 2767
3380, /home/yrong/devel/llvm/benchmark/llvm-project/lldb/source/Utility/StructuredData.cpp, 4895, 1013, 3882
3381, /home/yrong/devel/llvm/benchmark/llvm-project/lldb/source/Utility/TildeExpressionResolver.cpp, 3442, 490, 2952
3382, /home/yrong/devel/llvm/benchmark/llvm-project/lldb/source/Utility/Timer.cpp, 3092, 348, 2744
3383, /home/yrong/devel/llvm/benchmark/llvm-project/lldb/source/Utility/TraceGDBRemotePackets.cpp, 4096, 802, 3294
3384, /home/yrong/devel/llvm/benchmark/llvm-project/lldb/source/Utility/TraceIntelPTGDBRemotePackets.cpp, 4026, 749, 3277
3385, /home/yrong/devel/llvm/benchmark/llvm-project/lldb/source/Utility/UUID.cpp, 2783, 283, 2500
3386, /home/yrong/devel/llvm/benchmark/llvm-project/lldb/source/Utility/UnimplementedError.cpp, 2797, 318, 2479
3387, /home/yrong/devel/llvm/benchmark/llvm-project/lldb/source/Utility/UriParser.cpp, 2490, 212, 2278
3388, /home/yrong/devel/llvm/benchmark/llvm-project/lldb/source/Utility/UserID.cpp, 2690, 234, 2456
3389, /home/yrong/devel/llvm/benchmark/llvm-project/lldb/source/Utility/UserIDResolver.cpp, 1581, 187, 1394
3390, /home/yrong/devel/llvm/benchmark/llvm-project/lldb/source/Utility/VASprintf.cpp, 2444, 149, 2295
3391, /home/yrong/devel/llvm/benchmark/llvm-project/lldb/source/Utility/VMRange.cpp, 2689, 236, 2453
3392, /home/yrong/devel/llvm/benchmark/llvm-project/lldb/source/Utility/XcodeSDK.cpp, 3457, 554, 2903
3393, /home/yrong/devel/llvm/benchmark/llvm-project/lldb/source/Utility/ZipFile.cpp, 3572, 485, 3087
3394, /home/yrong/devel/llvm/benchmark/llvm-project/lldb/source/Version/Version.cpp, 1200, 104, 1096
3395, /home/yrong/devel/llvm/benchmark/llvm-project/lldb/tools/argdumper/argdumper.cpp, 3867, 615, 3252
3396, /home/yrong/devel/llvm/benchmark/llvm-project/lldb/tools/driver/Driver.cpp, 3971, 752, 3219
3397, /home/yrong/devel/llvm/benchmark/llvm-project/lldb/tools/driver/Platform.cpp, 0, 0, 0
3398, /home/yrong/devel/llvm/benchmark/llvm-project/lldb/tools/intel-features/cli-wrapper.cpp, 1663, 44, 1619
3399, /home/yrong/devel/llvm/benchmark/llvm-project/lldb/tools/intel-features/intel-mpx/cli-wrapper-mpxtable.cpp, 2803, 436, 2367
3400, /home/yrong/devel/llvm/benchmark/llvm-project/lldb/tools/lldb-instr/Instrument.cpp, 14319, 6239, 8080
3401, /home/yrong/devel/llvm/benchmark/llvm-project/lldb/tools/lldb-server/Acceptor.cpp, 4408, 890, 3518
3402, /home/yrong/devel/llvm/benchmark/llvm-project/lldb/tools/lldb-server/LLDBServerUtilities.cpp, 4502, 883, 3619
3403, /home/yrong/devel/llvm/benchmark/llvm-project/lldb/tools/lldb-server/SystemInitializerLLGS.cpp, 5520, 1338, 4182
3404, /home/yrong/devel/llvm/benchmark/llvm-project/lldb/tools/lldb-server/lldb-gdbserver.cpp, 8489, 3475, 5014
3405, /home/yrong/devel/llvm/benchmark/llvm-project/lldb/tools/lldb-server/lldb-platform.cpp, 6684, 1616, 5068
3406, /home/yrong/devel/llvm/benchmark/llvm-project/lldb/tools/lldb-server/lldb-server.cpp, 4744, 951, 3793
3407, /home/yrong/devel/llvm/benchmark/llvm-project/lldb/tools/lldb-vscode/BreakpointBase.cpp, 5605, 1150, 4455
3408, /home/yrong/devel/llvm/benchmark/llvm-project/lldb/tools/lldb-vscode/ExceptionBreakpoint.cpp, 5397, 1042, 4355
3409, /home/yrong/devel/llvm/benchmark/llvm-project/lldb/tools/lldb-vscode/FifoFiles.cpp, 5521, 1194, 4327
3410, /home/yrong/devel/llvm/benchmark/llvm-project/lldb/tools/lldb-vscode/FunctionBreakpoint.cpp, 5401, 1042, 4359
3411, /home/yrong/devel/llvm/benchmark/llvm-project/lldb/tools/lldb-vscode/IOStream.cpp, 2165, 128, 2037
3412, /home/yrong/devel/llvm/benchmark/llvm-project/lldb/tools/lldb-vscode/JSONUtils.cpp, 6650, 1599, 5051
3413, /home/yrong/devel/llvm/benchmark/llvm-project/lldb/tools/lldb-vscode/LLDBUtils.cpp, 5396, 1041, 4355
3414, /home/yrong/devel/llvm/benchmark/llvm-project/lldb/tools/lldb-vscode/OutputRedirector.cpp, 2900, 403, 2497
3415, /home/yrong/devel/llvm/benchmark/llvm-project/lldb/tools/lldb-vscode/ProgressEvent.cpp, 4654, 975, 3679
3416, /home/yrong/devel/llvm/benchmark/llvm-project/lldb/tools/lldb-vscode/RunInTerminal.cpp, 5521, 1196, 4325
3417, /home/yrong/devel/llvm/benchmark/llvm-project/lldb/tools/lldb-vscode/SourceBreakpoint.cpp, 5402, 1043, 4359
3418, /home/yrong/devel/llvm/benchmark/llvm-project/lldb/tools/lldb-vscode/VSCode.cpp, 5932, 1336, 4596
3419, /home/yrong/devel/llvm/benchmark/llvm-project/lldb/tools/lldb-vscode/lldb-vscode.cpp, 7053, 1973, 5080
3420, /home/yrong/devel/llvm/benchmark/llvm-project/lldb/utils/TableGen/LLDBOptionDefEmitter.cpp, 4185, 721, 3464
3421, /home/yrong/devel/llvm/benchmark/llvm-project/lldb/utils/TableGen/LLDBPropertyDefEmitter.cpp, 4137, 672, 3465
3422, /home/yrong/devel/llvm/benchmark/llvm-project/lldb/utils/TableGen/LLDBTableGen.cpp, 4236, 737, 3499
3423, /home/yrong/devel/llvm/benchmark/llvm-project/lldb/utils/TableGen/LLDBTableGenUtils.cpp, 3933, 640, 3293
3424, /home/yrong/devel/llvm/benchmark/llvm-project/lldb/utils/lit-cpuid/lit-cpuid.cpp, 2519, 188, 2331
3425, /home/yrong/devel/llvm/benchmark/llvm-project/llvm/examples/Bye/Bye.cpp, 9409, 3474, 5935
3426, /home/yrong/devel/llvm/benchmark/llvm-project/llvm/examples/IRTransforms/SimplifyCFG.cpp, 10162, 3640, 6522
3427, /home/yrong/devel/llvm/benchmark/llvm-project/llvm/lib/Analysis/AliasAnalysis.cpp, 6499, 1863, 4636
3428, /home/yrong/devel/llvm/benchmark/llvm-project/llvm/lib/Analysis/AliasAnalysisEvaluator.cpp, 5898, 1551, 4347
3429, /home/yrong/devel/llvm/benchmark/llvm-project/llvm/lib/Analysis/AliasSetTracker.cpp, 6808, 2158, 4650
3430, /home/yrong/devel/llvm/benchmark/llvm-project/llvm/lib/Analysis/Analysis.cpp, 4602, 923, 3679
3431, /home/yrong/devel/llvm/benchmark/llvm-project/llvm/lib/Analysis/AssumeBundleQueries.cpp, 6819, 2014, 4805
3432, /home/yrong/devel/llvm/benchmark/llvm-project/llvm/lib/Analysis/AssumptionCache.cpp, 6794, 2131, 4663
3433, /home/yrong/devel/llvm/benchmark/llvm-project/llvm/lib/Analysis/BasicAliasAnalysis.cpp, 8574, 2896, 5678
3434, /home/yrong/devel/llvm/benchmark/llvm-project/llvm/lib/Analysis/BlockFrequencyInfo.cpp, 7962, 2228, 5734
3435, /home/yrong/devel/llvm/benchmark/llvm-project/llvm/lib/Analysis/BlockFrequencyInfoImpl.cpp, 5605, 954, 4651
3436, /home/yrong/devel/llvm/benchmark/llvm-project/llvm/lib/Analysis/BranchProbabilityInfo.cpp, 8048, 2239, 5809
3437, /home/yrong/devel/llvm/benchmark/llvm-project/llvm/lib/Analysis/CFG.cpp, 6671, 1434, 5237
3438, /home/yrong/devel/llvm/benchmark/llvm-project/llvm/lib/Analysis/CFGPrinter.cpp, 6882, 1850, 5032
3439, /home/yrong/devel/llvm/benchmark/llvm-project/llvm/lib/Analysis/CFGSCCPrinter.cpp, 5133, 922, 4211
3440, /home/yrong/devel/llvm/benchmark/llvm-project/llvm/lib/Analysis/CGSCCPassManager.cpp, 6803, 2139, 4664
3441, /home/yrong/devel/llvm/benchmark/llvm-project/llvm/lib/Analysis/CallGraph.cpp, 7100, 1967, 5133
3442, /home/yrong/devel/llvm/benchmark/llvm-project/llvm/lib/Analysis/CallGraphSCCPass.cpp, 6373, 1501, 4872
3443, /home/yrong/devel/llvm/benchmark/llvm-project/llvm/lib/Analysis/CallPrinter.cpp, 6573, 1650, 4923
3444, /home/yrong/devel/llvm/benchmark/llvm-project/llvm/lib/Analysis/CaptureTracking.cpp, 7404, 2024, 5380
3445, /home/yrong/devel/llvm/benchmark/llvm-project/llvm/lib/Analysis/CmpInstAnalysis.cpp, 5505, 1537, 3968
3446, /home/yrong/devel/llvm/benchmark/llvm-project/llvm/lib/Analysis/CodeMetrics.cpp, 6144, 1461, 4683
3447, /home/yrong/devel/llvm/benchmark/llvm-project/llvm/lib/Analysis/ConstantFolding.cpp, 8305, 2841, 5464
3448, /home/yrong/devel/llvm/benchmark/llvm-project/llvm/lib/Analysis/ConstraintSystem.cpp, 3194, 379, 2815
3449, /home/yrong/devel/llvm/benchmark/llvm-project/llvm/lib/Analysis/CostModel.cpp, 6396, 1886, 4510
3450, /home/yrong/devel/llvm/benchmark/llvm-project/llvm/lib/Analysis/CycleAnalysis.cpp, 5136, 1207, 3929
3451, /home/yrong/devel/llvm/benchmark/llvm-project/llvm/lib/Analysis/DDG.cpp, 7136, 1723, 5413
3452, /home/yrong/devel/llvm/benchmark/llvm-project/llvm/lib/Analysis/DDGPrinter.cpp, 6688, 1699, 4989
3453, /home/yrong/devel/llvm/benchmark/llvm-project/llvm/lib/Analysis/Delinearization.cpp, 6481, 1629, 4852
3454, /home/yrong/devel/llvm/benchmark/llvm-project/llvm/lib/Analysis/DemandedBits.cpp, 7569, 2098, 5471
3455, /home/yrong/devel/llvm/benchmark/llvm-project/llvm/lib/Analysis/DependenceAnalysis.cpp, 7274, 2085, 5189
3456, /home/yrong/devel/llvm/benchmark/llvm-project/llvm/lib/Analysis/DependenceGraphBuilder.cpp, 6739, 1677, 5062
3457, /home/yrong/devel/llvm/benchmark/llvm-project/llvm/lib/Analysis/DevelopmentModeInlineAdvisor.cpp, 3927, 616, 3311
3458, /home/yrong/devel/llvm/benchmark/llvm-project/llvm/lib/Analysis/DomPrinter.cpp, 6882, 1872, 5010
3459, /home/yrong/devel/llvm/benchmark/llvm-project/llvm/lib/Analysis/DomTreeUpdater.cpp, 6632, 1507, 5125
3460, /home/yrong/devel/llvm/benchmark/llvm-project/llvm/lib/Analysis/DominanceFrontier.cpp, 5954, 1215, 4739
3461, /home/yrong/devel/llvm/benchmark/llvm-project/llvm/lib/Analysis/FunctionPropertiesAnalysis.cpp, 6633, 1432, 5201
3462, /home/yrong/devel/llvm/benchmark/llvm-project/llvm/lib/Analysis/GlobalsModRef.cpp, 8238, 2791, 5447
3463, /home/yrong/devel/llvm/benchmark/llvm-project/llvm/lib/Analysis/GuardUtils.cpp, 5512, 1540, 3972
3464, /home/yrong/devel/llvm/benchmark/llvm-project/llvm/lib/Analysis/HeatUtils.cpp, 5536, 1259, 4277
3465, /home/yrong/devel/llvm/benchmark/llvm-project/llvm/lib/Analysis/IRSimilarityIdentifier.cpp, 7576, 2608, 4968
3466, /home/yrong/devel/llvm/benchmark/llvm-project/llvm/lib/Analysis/IVDescriptors.cpp, 8146, 2383, 5763
3467, /home/yrong/devel/llvm/benchmark/llvm-project/llvm/lib/Analysis/IVUsers.cpp, 7270, 1826, 5444
3468, /home/yrong/devel/llvm/benchmark/llvm-project/llvm/lib/Analysis/ImportedFunctionsInliningStatistics.cpp, 4921, 778, 4143
3469, /home/yrong/devel/llvm/benchmark/llvm-project/llvm/lib/Analysis/IndirectCallPromotionAnalysis.cpp, 5365, 923, 4442
3470, /home/yrong/devel/llvm/benchmark/llvm-project/llvm/lib/Analysis/InlineAdvisor.cpp, 8153, 2842, 5311
3471, /home/yrong/devel/llvm/benchmark/llvm-project/llvm/lib/Analysis/InlineCost.cpp, 9843, 3446, 6397
3472, /home/yrong/devel/llvm/benchmark/llvm-project/llvm/lib/Analysis/InlineOrder.cpp, 7921, 2632, 5289
3473, /home/yrong/devel/llvm/benchmark/llvm-project/llvm/lib/Analysis/InlineSizeEstimatorAnalysis.cpp, 4430, 862, 3568
3474, /home/yrong/devel/llvm/benchmark/llvm-project/llvm/lib/Analysis/InstCount.cpp, 6154, 1743, 4411
3475, /home/yrong/devel/llvm/benchmark/llvm-project/llvm/lib/Analysis/InstructionPrecedenceTracking.cpp, 5753, 1554, 4199
3476, /home/yrong/devel/llvm/benchmark/llvm-project/llvm/lib/Analysis/InstructionSimplify.cpp, 10494, 4414, 6080
3477, /home/yrong/devel/llvm/benchmark/llvm-project/llvm/lib/Analysis/InteractiveModelRunner.cpp, 6031, 1377, 4654
3478, /home/yrong/devel/llvm/benchmark/llvm-project/llvm/lib/Analysis/Interval.cpp, 3230, 350, 2880
3479, /home/yrong/devel/llvm/benchmark/llvm-project/llvm/lib/Analysis/IntervalPartition.cpp, 4407, 836, 3571
3480, /home/yrong/devel/llvm/benchmark/llvm-project/llvm/lib/Analysis/LazyBlockFrequencyInfo.cpp, 6682, 1479, 5203
3481, /home/yrong/devel/llvm/benchmark/llvm-project/llvm/lib/Analysis/LazyBranchProbabilityInfo.cpp, 6855, 1640, 5215
3482, /home/yrong/devel/llvm/benchmark/llvm-project/llvm/lib/Analysis/LazyCallGraph.cpp, 6557, 1837, 4720
3483, /home/yrong/devel/llvm/benchmark/llvm-project/llvm/lib/Analysis/LazyValueInfo.cpp, 8473, 2675, 5798
3484, /home/yrong/devel/llvm/benchmark/llvm-project/llvm/lib/Analysis/Lint.cpp, 8128, 2617, 5511
3485, /home/yrong/devel/llvm/benchmark/llvm-project/llvm/lib/Analysis/Loads.cpp, 7976, 2718, 5258
3486, /home/yrong/devel/llvm/benchmark/llvm-project/llvm/lib/Analysis/Local.cpp, 4891, 1237, 3654
3487, /home/yrong/devel/llvm/benchmark/llvm-project/llvm/lib/Analysis/LoopAccessAnalysis.cpp, 9992, 3631, 6361
3488, /home/yrong/devel/llvm/benchmark/llvm-project/llvm/lib/Analysis/LoopAnalysisManager.cpp, 7833, 2258, 5575
3489, /home/yrong/devel/llvm/benchmark/llvm-project/llvm/lib/Analysis/LoopCacheAnalysis.cpp, 7625, 2113, 5512
3490, /home/yrong/devel/llvm/benchmark/llvm-project/llvm/lib/Analysis/LoopInfo.cpp, 9001, 2854, 6147
3491, /home/yrong/devel/llvm/benchmark/llvm-project/llvm/lib/Analysis/LoopNestAnalysis.cpp, 6604, 1571, 5033
3492, /home/yrong/devel/llvm/benchmark/llvm-project/llvm/lib/Analysis/LoopPass.cpp, 6775, 1502, 5273
3493, /home/yrong/devel/llvm/benchmark/llvm-project/llvm/lib/Analysis/LoopUnrollAnalyzer.cpp, 7281, 2123, 5158
3494, /home/yrong/devel/llvm/benchmark/llvm-project/llvm/lib/Analysis/MLInlineAdvisor.cpp, 9153, 3017, 6136
3495, /home/yrong/devel/llvm/benchmark/llvm-project/llvm/lib/Analysis/MemDerefPrinter.cpp, 5491, 1276, 4215
3496, /home/yrong/devel/llvm/benchmark/llvm-project/llvm/lib/Analysis/MemoryBuiltins.cpp, 7639, 2718, 4921
3497, /home/yrong/devel/llvm/benchmark/llvm-project/llvm/lib/Analysis/MemoryDependenceAnalysis.cpp, 8875, 2962, 5913
3498, /home/yrong/devel/llvm/benchmark/llvm-project/llvm/lib/Analysis/MemoryLocation.cpp, 6398, 1948, 4450
3499, /home/yrong/devel/llvm/benchmark/llvm-project/llvm/lib/Analysis/MemoryProfileInfo.cpp, 5569, 1628, 3941
3500, /home/yrong/devel/llvm/benchmark/llvm-project/llvm/lib/Analysis/MemorySSA.cpp, 8874, 3022, 5852
3501, /home/yrong/devel/llvm/benchmark/llvm-project/llvm/lib/Analysis/MemorySSAUpdater.cpp, 8102, 2311, 5791
3502, /home/yrong/devel/llvm/benchmark/llvm-project/llvm/lib/Analysis/ModelUnderTrainingRunner.cpp, 2282, 125, 2157
3503, /home/yrong/devel/llvm/benchmark/llvm-project/llvm/lib/Analysis/ModuleDebugInfoPrinter.cpp, 6425, 1813, 4612
3504, /home/yrong/devel/llvm/benchmark/llvm-project/llvm/lib/Analysis/ModuleSummaryAnalysis.cpp, 10762, 3786, 6976
3505, /home/yrong/devel/llvm/benchmark/llvm-project/llvm/lib/Analysis/MustExecute.cpp, 7977, 2256, 5721
3506, /home/yrong/devel/llvm/benchmark/llvm-project/llvm/lib/Analysis/NoInferenceModelRunner.cpp, 5277, 1138, 4139
3507, /home/yrong/devel/llvm/benchmark/llvm-project/llvm/lib/Analysis/ObjCARCAliasAnalysis.cpp, 5890, 1505, 4385
3508, /home/yrong/devel/llvm/benchmark/llvm-project/llvm/lib/Analysis/ObjCARCAnalysisUtils.cpp, 6116, 1554, 4562
3509, /home/yrong/devel/llvm/benchmark/llvm-project/llvm/lib/Analysis/ObjCARCInstKind.cpp, 4835, 1009, 3826
3510, /home/yrong/devel/llvm/benchmark/llvm-project/llvm/lib/Analysis/OptimizationRemarkEmitter.cpp, 7009, 1724, 5285
3511, /home/yrong/devel/llvm/benchmark/llvm-project/llvm/lib/Analysis/OverflowInstAnalysis.cpp, 5518, 1542, 3976
3512, /home/yrong/devel/llvm/benchmark/llvm-project/llvm/lib/Analysis/PHITransAddr.cpp, 7338, 1965, 5373
3513, /home/yrong/devel/llvm/benchmark/llvm-project/llvm/lib/Analysis/PhiValues.cpp, 5582, 1368, 4214
3514, /home/yrong/devel/llvm/benchmark/llvm-project/llvm/lib/Analysis/PostDominators.cpp, 6012, 1310, 4702
3515, /home/yrong/devel/llvm/benchmark/llvm-project/llvm/lib/Analysis/ProfileSummaryInfo.cpp, 8166, 2100, 6066
3516, /home/yrong/devel/llvm/benchmark/llvm-project/llvm/lib/Analysis/PtrUseVisitor.cpp, 5515, 1527, 3988
3517, /home/yrong/devel/llvm/benchmark/llvm-project/llvm/lib/Analysis/RegionInfo.cpp, 7572, 1986, 5586
3518, /home/yrong/devel/llvm/benchmark/llvm-project/llvm/lib/Analysis/RegionPass.cpp, 6143, 1250, 4893
3519, /home/yrong/devel/llvm/benchmark/llvm-project/llvm/lib/Analysis/RegionPrinter.cpp, 7600, 2098, 5502
3520, /home/yrong/devel/llvm/benchmark/llvm-project/llvm/lib/Analysis/ReplayInlineAdvisor.cpp, 6531, 1934, 4597
3521, /home/yrong/devel/llvm/benchmark/llvm-project/llvm/lib/Analysis/ScalarEvolution.cpp, 12118, 4790, 7328
3522, /home/yrong/devel/llvm/benchmark/llvm-project/llvm/lib/Analysis/ScalarEvolutionAliasAnalysis.cpp, 6176, 1758, 4418
3523, /home/yrong/devel/llvm/benchmark/llvm-project/llvm/lib/Analysis/ScalarEvolutionDivision.cpp, 5873, 1521, 4352
3524, /home/yrong/devel/llvm/benchmark/llvm-project/llvm/lib/Analysis/ScalarEvolutionNormalization.cpp, 6371, 1572, 4799
3525, /home/yrong/devel/llvm/benchmark/llvm-project/llvm/lib/Analysis/ScopedNoAliasAA.cpp, 5300, 1308, 3992
3526, /home/yrong/devel/llvm/benchmark/llvm-project/llvm/lib/Analysis/StackLifetime.cpp, 6715, 1938, 4777
3527, /home/yrong/devel/llvm/benchmark/llvm-project/llvm/lib/Analysis/StackSafetyAnalysis.cpp, 8704, 3481, 5223
3528, /home/yrong/devel/llvm/benchmark/llvm-project/llvm/lib/Analysis/SyntheticCountsUtils.cpp, 6917, 2103, 4814
3529, /home/yrong/devel/llvm/benchmark/llvm-project/llvm/lib/Analysis/TFLiteUtils.cpp, 0, 0, 0
3530, /home/yrong/devel/llvm/benchmark/llvm-project/llvm/lib/Analysis/TargetLibraryInfo.cpp, 5516, 1444, 4072
3531, /home/yrong/devel/llvm/benchmark/llvm-project/llvm/lib/Analysis/TargetTransformInfo.cpp, 9155, 3017, 6138
3532, /home/yrong/devel/llvm/benchmark/llvm-project/llvm/lib/Analysis/TensorSpec.cpp, 4684, 1000, 3684
3533, /home/yrong/devel/llvm/benchmark/llvm-project/llvm/lib/Analysis/Trace.cpp, 3465, 440, 3025
3534, /home/yrong/devel/llvm/benchmark/llvm-project/llvm/lib/Analysis/TrainingLogger.cpp, 4368, 765, 3603
3535, /home/yrong/devel/llvm/benchmark/llvm-project/llvm/lib/Analysis/TypeBasedAliasAnalysis.cpp, 5498, 1395, 4103
3536, /home/yrong/devel/llvm/benchmark/llvm-project/llvm/lib/Analysis/TypeMetadataUtils.cpp, 6956, 1851, 5105
3537, /home/yrong/devel/llvm/benchmark/llvm-project/llvm/lib/Analysis/UniformityAnalysis.cpp, 7277, 1748, 5529
3538, /home/yrong/devel/llvm/benchmark/llvm-project/llvm/lib/Analysis/VFABIDemangling.cpp, 6690, 1979, 4711
3539, /home/yrong/devel/llvm/benchmark/llvm-project/llvm/lib/Analysis/ValueLattice.cpp, 4342, 820, 3522
3540, /home/yrong/devel/llvm/benchmark/llvm-project/llvm/lib/Analysis/ValueLatticeUtils.cpp, 4132, 729, 3403
3541, /home/yrong/devel/llvm/benchmark/llvm-project/llvm/lib/Analysis/ValueTracking.cpp, 10401, 4128, 6273
3542, /home/yrong/devel/llvm/benchmark/llvm-project/llvm/lib/Analysis/VectorUtils.cpp, 8998, 3237, 5761
3543, /home/yrong/devel/llvm/benchmark/llvm-project/llvm/lib/AsmParser/LLLexer.cpp, 3641, 525, 3116
3544, /home/yrong/devel/llvm/benchmark/llvm-project/llvm/lib/AsmParser/LLParser.cpp, 9834, 4798, 5036
3545, /home/yrong/devel/llvm/benchmark/llvm-project/llvm/lib/AsmParser/Parser.cpp, 5930, 1855, 4075
3546, /home/yrong/devel/llvm/benchmark/llvm-project/llvm/lib/BinaryFormat/AMDGPUMetadataVerifier.cpp, 3225, 502, 2723
3547, /home/yrong/devel/llvm/benchmark/llvm-project/llvm/lib/BinaryFormat/COFF.cpp, 2441, 149, 2292
3548, /home/yrong/devel/llvm/benchmark/llvm-project/llvm/lib/BinaryFormat/DXContainer.cpp, 2576, 221, 2355
3549, /home/yrong/devel/llvm/benchmark/llvm-project/llvm/lib/BinaryFormat/Dwarf.cpp, 2794, 329, 2465
3550, /home/yrong/devel/llvm/benchmark/llvm-project/llvm/lib/BinaryFormat/ELF.cpp, 1226, 118, 1108
3551, /home/yrong/devel/llvm/benchmark/llvm-project/llvm/lib/BinaryFormat/MachO.cpp, 2947, 403, 2544
3552, /home/yrong/devel/llvm/benchmark/llvm-project/llvm/lib/BinaryFormat/Magic.cpp, 2925, 354, 2571
3553, /home/yrong/devel/llvm/benchmark/llvm-project/llvm/lib/BinaryFormat/Minidump.cpp, 112, 1, 111
3554, /home/yrong/devel/llvm/benchmark/llvm-project/llvm/lib/BinaryFormat/MsgPackDocument.cpp, 3318, 529, 2789
3555, /home/yrong/devel/llvm/benchmark/llvm-project/llvm/lib/BinaryFormat/MsgPackDocumentYAML.cpp, 3926, 777, 3149
3556, /home/yrong/devel/llvm/benchmark/llvm-project/llvm/lib/BinaryFormat/MsgPackReader.cpp, 2955, 407, 2548
3557, /home/yrong/devel/llvm/benchmark/llvm-project/llvm/lib/BinaryFormat/MsgPackWriter.cpp, 2920, 215, 2705
3558, /home/yrong/devel/llvm/benchmark/llvm-project/llvm/lib/BinaryFormat/Wasm.cpp, 2562, 170, 2392
3559, /home/yrong/devel/llvm/benchmark/llvm-project/llvm/lib/BinaryFormat/XCOFF.cpp, 2826, 318, 2508
3560, /home/yrong/devel/llvm/benchmark/llvm-project/llvm/lib/Bitcode/Reader/BitReader.cpp, 4046, 789, 3257
3561, /home/yrong/devel/llvm/benchmark/llvm-project/llvm/lib/Bitcode/Reader/BitcodeAnalyzer.cpp, 3865, 819, 3046
3562, /home/yrong/devel/llvm/benchmark/llvm-project/llvm/lib/Bitcode/Reader/BitcodeReader.cpp, 10343, 4422, 5921
3563, /home/yrong/devel/llvm/benchmark/llvm-project/llvm/lib/Bitcode/Reader/MetadataLoader.cpp, 7257, 2225, 5032
3564, /home/yrong/devel/llvm/benchmark/llvm-project/llvm/lib/Bitcode/Reader/ValueList.cpp, 3831, 633, 3198
3565, /home/yrong/devel/llvm/benchmark/llvm-project/llvm/lib/Bitcode/Writer/BitWriter.cpp, 5883, 1735, 4148
3566, /home/yrong/devel/llvm/benchmark/llvm-project/llvm/lib/Bitcode/Writer/BitcodeWriter.cpp, 8434, 3487, 4947
3567, /home/yrong/devel/llvm/benchmark/llvm-project/llvm/lib/Bitcode/Writer/BitcodeWriterPass.cpp, 6081, 1843, 4238
3568, /home/yrong/devel/llvm/benchmark/llvm-project/llvm/lib/Bitcode/Writer/ValueEnumerator.cpp, 6428, 1998, 4430
3569, /home/yrong/devel/llvm/benchmark/llvm-project/llvm/lib/Bitstream/Reader/BitstreamReader.cpp, 3282, 560, 2722
3570, /home/yrong/devel/llvm/benchmark/llvm-project/llvm/lib/CodeGen/AggressiveAntiDepBreaker.cpp, 8802, 2969, 5833
3571, /home/yrong/devel/llvm/benchmark/llvm-project/llvm/lib/CodeGen/AllocationOrder.cpp, 6341, 1527, 4814
3572, /home/yrong/devel/llvm/benchmark/llvm-project/llvm/lib/CodeGen/Analysis.cpp, 9203, 3255, 5948
3573, /home/yrong/devel/llvm/benchmark/llvm-project/llvm/lib/CodeGen/AsmPrinter/AIXException.cpp, 7288, 2317, 4971
3574, /home/yrong/devel/llvm/benchmark/llvm-project/llvm/lib/CodeGen/AsmPrinter/ARMException.cpp, 6453, 1787, 4666
3575, /home/yrong/devel/llvm/benchmark/llvm-project/llvm/lib/CodeGen/AsmPrinter/AccelTable.cpp, 9723, 3730, 5993
3576, /home/yrong/devel/llvm/benchmark/llvm-project/llvm/lib/CodeGen/AsmPrinter/AddressPool.cpp, 6470, 1777, 4693
3577, /home/yrong/devel/llvm/benchmark/llvm-project/llvm/lib/CodeGen/AsmPrinter/AsmPrinter.cpp, 13980, 5971, 8009
3578, /home/yrong/devel/llvm/benchmark/llvm-project/llvm/lib/CodeGen/AsmPrinter/AsmPrinterDwarf.cpp, 6571, 1814, 4757
3579, /home/yrong/devel/llvm/benchmark/llvm-project/llvm/lib/CodeGen/AsmPrinter/AsmPrinterInlineAsm.cpp, 8039, 2713, 5326
3580, /home/yrong/devel/llvm/benchmark/llvm-project/llvm/lib/CodeGen/AsmPrinter/CodeViewDebug.cpp, 11684, 4953, 6731
3581, /home/yrong/devel/llvm/benchmark/llvm-project/llvm/lib/CodeGen/AsmPrinter/DIE.cpp, 9178, 3355, 5823
3582, /home/yrong/devel/llvm/benchmark/llvm-project/llvm/lib/CodeGen/AsmPrinter/DIEHash.cpp, 9143, 3322, 5821
3583, /home/yrong/devel/llvm/benchmark/llvm-project/llvm/lib/CodeGen/AsmPrinter/DbgEntityHistoryCalculator.cpp, 8835, 2996, 5839
3584, /home/yrong/devel/llvm/benchmark/llvm-project/llvm/lib/CodeGen/AsmPrinter/DebugHandlerBase.cpp, 8865, 3177, 5688
3585, /home/yrong/devel/llvm/benchmark/llvm-project/llvm/lib/CodeGen/AsmPrinter/DebugLocStream.cpp, 8973, 3187, 5786
3586, /home/yrong/devel/llvm/benchmark/llvm-project/llvm/lib/CodeGen/AsmPrinter/DwarfCFIException.cpp, 7278, 2312, 4966
3587, /home/yrong/devel/llvm/benchmark/llvm-project/llvm/lib/CodeGen/AsmPrinter/DwarfCompileUnit.cpp, 9954, 3848, 6106
3588, /home/yrong/devel/llvm/benchmark/llvm-project/llvm/lib/CodeGen/AsmPrinter/DwarfDebug.cpp, 12419, 5454, 6965
3589, /home/yrong/devel/llvm/benchmark/llvm-project/llvm/lib/CodeGen/AsmPrinter/DwarfExpression.cpp, 9330, 3432, 5898
3590, /home/yrong/devel/llvm/benchmark/llvm-project/llvm/lib/CodeGen/AsmPrinter/DwarfFile.cpp, 9244, 3389, 5855
3591, /home/yrong/devel/llvm/benchmark/llvm-project/llvm/lib/CodeGen/AsmPrinter/DwarfStringPool.cpp, 6333, 1706, 4627
3592, /home/yrong/devel/llvm/benchmark/llvm-project/llvm/lib/CodeGen/AsmPrinter/DwarfUnit.cpp, 9771, 3772, 5999
3593, /home/yrong/devel/llvm/benchmark/llvm-project/llvm/lib/CodeGen/AsmPrinter/EHStreamer.cpp, 6928, 2086, 4842
3594, /home/yrong/devel/llvm/benchmark/llvm-project/llvm/lib/CodeGen/AsmPrinter/ErlangGCPrinter.cpp, 7003, 2175, 4828
3595, /home/yrong/devel/llvm/benchmark/llvm-project/llvm/lib/CodeGen/AsmPrinter/OcamlGCPrinter.cpp, 7017, 2202, 4815
3596, /home/yrong/devel/llvm/benchmark/llvm-project/llvm/lib/CodeGen/AsmPrinter/PseudoProbePrinter.cpp, 7221, 2232, 4989
3597, /home/yrong/devel/llvm/benchmark/llvm-project/llvm/lib/CodeGen/AsmPrinter/WasmException.cpp, 6570, 1859, 4711
3598, /home/yrong/devel/llvm/benchmark/llvm-project/llvm/lib/CodeGen/AsmPrinter/WinCFGuard.cpp, 7445, 2382, 5063
3599, /home/yrong/devel/llvm/benchmark/llvm-project/llvm/lib/CodeGen/AsmPrinter/WinException.cpp, 9258, 3285, 5973
3600, /home/yrong/devel/llvm/benchmark/llvm-project/llvm/lib/CodeGen/AssignmentTrackingAnalysis.cpp, 9654, 2883, 6771
3601, /home/yrong/devel/llvm/benchmark/llvm-project/llvm/lib/CodeGen/AtomicExpandPass.cpp, 9462, 3458, 6004
3602, /home/yrong/devel/llvm/benchmark/llvm-project/llvm/lib/CodeGen/BasicBlockSections.cpp, 7650, 2378, 5272
3603, /home/yrong/devel/llvm/benchmark/llvm-project/llvm/lib/CodeGen/BasicBlockSectionsProfileReader.cpp, 5472, 1509, 3963
3604, /home/yrong/devel/llvm/benchmark/llvm-project/llvm/lib/CodeGen/BasicTargetTransformInfo.cpp, 10487, 3877, 6610
3605, /home/yrong/devel/llvm/benchmark/llvm-project/llvm/lib/CodeGen/BranchFolding.cpp, 9262, 3205, 6057
3606, /home/yrong/devel/llvm/benchmark/llvm-project/llvm/lib/CodeGen/BranchRelaxation.cpp, 7087, 1993, 5094
3607, /home/yrong/devel/llvm/benchmark/llvm-project/llvm/lib/CodeGen/BreakFalseDeps.cpp, 7138, 2054, 5084
3608, /home/yrong/devel/llvm/benchmark/llvm-project/llvm/lib/CodeGen/CFGuardLongjmp.cpp, 6841, 1929, 4912
3609, /home/yrong/devel/llvm/benchmark/llvm-project/llvm/lib/CodeGen/CFIFixup.cpp, 7794, 2462, 5332
3610, /home/yrong/devel/llvm/benchmark/llvm-project/llvm/lib/CodeGen/CFIInstrInserter.cpp, 7332, 2178, 5154
3611, /home/yrong/devel/llvm/benchmark/llvm-project/llvm/lib/CodeGen/CalcSpillWeights.cpp, 7951, 2229, 5722
3612, /home/yrong/devel/llvm/benchmark/llvm-project/llvm/lib/CodeGen/CallBrPrepare.cpp, 7352, 2166, 5186
3613, /home/yrong/devel/llvm/benchmark/llvm-project/llvm/lib/CodeGen/CallingConvLower.cpp, 8044, 2371, 5673
3614, /home/yrong/devel/llvm/benchmark/llvm-project/llvm/lib/CodeGen/CodeGen.cpp, 2986, 237, 2749
3615, /home/yrong/devel/llvm/benchmark/llvm-project/llvm/lib/CodeGen/CodeGenCommonISel.cpp, 7988, 2644, 5344
3616, /home/yrong/devel/llvm/benchmark/llvm-project/llvm/lib/CodeGen/CodeGenPassBuilder.cpp, 9031, 3354, 5677
3617, /home/yrong/devel/llvm/benchmark/llvm-project/llvm/lib/CodeGen/CodeGenPrepare.cpp, 14137, 6026, 8111
3618, /home/yrong/devel/llvm/benchmark/llvm-project/llvm/lib/CodeGen/CommandFlags.cpp, 5628, 1639, 3989
3619, /home/yrong/devel/llvm/benchmark/llvm-project/llvm/lib/CodeGen/ComplexDeinterleavingPass.cpp, 10755, 4002, 6753
3620, /home/yrong/devel/llvm/benchmark/llvm-project/llvm/lib/CodeGen/CriticalAntiDepBreaker.cpp, 8497, 2703, 5794
3621, /home/yrong/devel/llvm/benchmark/llvm-project/llvm/lib/CodeGen/DFAPacketizer.cpp, 9266, 3002, 6264
3622, /home/yrong/devel/llvm/benchmark/llvm-project/llvm/lib/CodeGen/DeadMachineInstructionElim.cpp, 6347, 1537, 4810
3623, /home/yrong/devel/llvm/benchmark/llvm-project/llvm/lib/CodeGen/DetectDeadLanes.cpp, 6632, 1527, 5105
3624, /home/yrong/devel/llvm/benchmark/llvm-project/llvm/lib/CodeGen/DwarfEHPrepare.cpp, 9589, 3077, 6512
3625, /home/yrong/devel/llvm/benchmark/llvm-project/llvm/lib/CodeGen/EHContGuardCatchret.cpp, 6829, 1920, 4909
3626, /home/yrong/devel/llvm/benchmark/llvm-project/llvm/lib/CodeGen/EarlyIfConversion.cpp, 8774, 2558, 6216
3627, /home/yrong/devel/llvm/benchmark/llvm-project/llvm/lib/CodeGen/EdgeBundles.cpp, 6379, 1398, 4981
3628, /home/yrong/devel/llvm/benchmark/llvm-project/llvm/lib/CodeGen/ExecutionDomainFix.cpp, 7100, 2004, 5096
3629, /home/yrong/devel/llvm/benchmark/llvm-project/llvm/lib/CodeGen/ExpandLargeDivRem.cpp, 8804, 2967, 5837
3630, /home/yrong/devel/llvm/benchmark/llvm-project/llvm/lib/CodeGen/ExpandLargeFpConvert.cpp, 8843, 2990, 5853
3631, /home/yrong/devel/llvm/benchmark/llvm-project/llvm/lib/CodeGen/ExpandMemCmp.cpp, 7943, 2404, 5539
3632, /home/yrong/devel/llvm/benchmark/llvm-project/llvm/lib/CodeGen/ExpandPostRAPseudos.cpp, 6968, 1936, 5032
3633, /home/yrong/devel/llvm/benchmark/llvm-project/llvm/lib/CodeGen/ExpandReductions.cpp, 7787, 2697, 5090
3634, /home/yrong/devel/llvm/benchmark/llvm-project/llvm/lib/CodeGen/ExpandVectorPredication.cpp, 8068, 2862, 5206
3635, /home/yrong/devel/llvm/benchmark/llvm-project/llvm/lib/CodeGen/FEntryInserter.cpp, 6965, 1938, 5027
3636, /home/yrong/devel/llvm/benchmark/llvm-project/llvm/lib/CodeGen/FaultMaps.cpp, 6622, 1908, 4714
3637, /home/yrong/devel/llvm/benchmark/llvm-project/llvm/lib/CodeGen/FinalizeISel.cpp, 8021, 2370, 5651
3638, /home/yrong/devel/llvm/benchmark/llvm-project/llvm/lib/CodeGen/FixupStatepointCallerSaved.cpp, 8417, 2778, 5639
3639, /home/yrong/devel/llvm/benchmark/llvm-project/llvm/lib/CodeGen/FuncletLayout.cpp, 6460, 1593, 4867
3640, /home/yrong/devel/llvm/benchmark/llvm-project/llvm/lib/CodeGen/GCMetadata.cpp, 4353, 881, 3472
3641, /home/yrong/devel/llvm/benchmark/llvm-project/llvm/lib/CodeGen/GCMetadataPrinter.cpp, 2329, 156, 2173
3642, /home/yrong/devel/llvm/benchmark/llvm-project/llvm/lib/CodeGen/GCRootLowering.cpp, 9755, 3259, 6496
3643, /home/yrong/devel/llvm/benchmark/llvm-project/llvm/lib/CodeGen/GlobalISel/CSEInfo.cpp, 6457, 1572, 4885
3644, /home/yrong/devel/llvm/benchmark/llvm-project/llvm/lib/CodeGen/GlobalISel/CSEMIRBuilder.cpp, 7864, 2669, 5195
3645, /home/yrong/devel/llvm/benchmark/llvm-project/llvm/lib/CodeGen/GlobalISel/CallLowering.cpp, 9006, 3150, 5856
3646, /home/yrong/devel/llvm/benchmark/llvm-project/llvm/lib/CodeGen/GlobalISel/Combiner.cpp, 7584, 2397, 5187
3647, /home/yrong/devel/llvm/benchmark/llvm-project/llvm/lib/CodeGen/GlobalISel/CombinerHelper.cpp, 13592, 6109, 7483
3648, /home/yrong/devel/llvm/benchmark/llvm-project/llvm/lib/CodeGen/GlobalISel/GIMatchTableExecutor.cpp, 6525, 1558, 4967
3649, /home/yrong/devel/llvm/benchmark/llvm-project/llvm/lib/CodeGen/GlobalISel/GISelChangeObserver.cpp, 6170, 1417, 4753
3650, /home/yrong/devel/llvm/benchmark/llvm-project/llvm/lib/CodeGen/GlobalISel/GISelKnownBits.cpp, 8300, 2509, 5791
3651, /home/yrong/devel/llvm/benchmark/llvm-project/llvm/lib/CodeGen/GlobalISel/GlobalISel.cpp, 0, 0, 0
3652, /home/yrong/devel/llvm/benchmark/llvm-project/llvm/lib/CodeGen/GlobalISel/IRTranslator.cpp, 13115, 5658, 7457
3653, /home/yrong/devel/llvm/benchmark/llvm-project/llvm/lib/CodeGen/GlobalISel/InlineAsmLowering.cpp, 8493, 2799, 5694
3654, /home/yrong/devel/llvm/benchmark/llvm-project/llvm/lib/CodeGen/GlobalISel/InstructionSelect.cpp, 9395, 3305, 6090
3655, /home/yrong/devel/llvm/benchmark/llvm-project/llvm/lib/CodeGen/GlobalISel/InstructionSelector.cpp, 5733, 1160, 4573
3656, /home/yrong/devel/llvm/benchmark/llvm-project/llvm/lib/CodeGen/GlobalISel/LegacyLegalizerInfo.cpp, 4713, 1118, 3595
3657, /home/yrong/devel/llvm/benchmark/llvm-project/llvm/lib/CodeGen/GlobalISel/LegalityPredicates.cpp, 4901, 1252, 3649
3658, /home/yrong/devel/llvm/benchmark/llvm-project/llvm/lib/CodeGen/GlobalISel/LegalizeMutations.cpp, 4677, 1081, 3596
3659, /home/yrong/devel/llvm/benchmark/llvm-project/llvm/lib/CodeGen/GlobalISel/Legalizer.cpp, 9319, 3489, 5830
3660, /home/yrong/devel/llvm/benchmark/llvm-project/llvm/lib/CodeGen/GlobalISel/LegalizerHelper.cpp, 12847, 6539, 6308
3661, /home/yrong/devel/llvm/benchmark/llvm-project/llvm/lib/CodeGen/GlobalISel/LegalizerInfo.cpp, 6693, 1799, 4894
3662, /home/yrong/devel/llvm/benchmark/llvm-project/llvm/lib/CodeGen/GlobalISel/LoadStoreOpt.cpp, 10099, 4018, 6081
3663, /home/yrong/devel/llvm/benchmark/llvm-project/llvm/lib/CodeGen/GlobalISel/Localizer.cpp, 8341, 2564, 5777
3664, /home/yrong/devel/llvm/benchmark/llvm-project/llvm/lib/CodeGen/GlobalISel/LostDebugLocObserver.cpp, 5370, 1066, 4304
3665, /home/yrong/devel/llvm/benchmark/llvm-project/llvm/lib/CodeGen/GlobalISel/MachineIRBuilder.cpp, 9499, 3530, 5969
3666, /home/yrong/devel/llvm/benchmark/llvm-project/llvm/lib/CodeGen/GlobalISel/RegBankSelect.cpp, 8263, 2932, 5331
3667, /home/yrong/devel/llvm/benchmark/llvm-project/llvm/lib/CodeGen/GlobalISel/Utils.cpp, 9923, 3327, 6596
3668, /home/yrong/devel/llvm/benchmark/llvm-project/llvm/lib/CodeGen/GlobalMerge.cpp, 5708, 1534, 4174
3669, /home/yrong/devel/llvm/benchmark/llvm-project/llvm/lib/CodeGen/HardwareLoops.cpp, 9449, 3357, 6092
3670, /home/yrong/devel/llvm/benchmark/llvm-project/llvm/lib/CodeGen/IfConversion.cpp, 8836, 2990, 5846
3671, /home/yrong/devel/llvm/benchmark/llvm-project/llvm/lib/CodeGen/ImplicitNullChecks.cpp, 7671, 2389, 5282
3672, /home/yrong/devel/llvm/benchmark/llvm-project/llvm/lib/CodeGen/IndirectBrExpandPass.cpp, 6685, 1652, 5033
3673, /home/yrong/devel/llvm/benchmark/llvm-project/llvm/lib/CodeGen/InlineSpiller.cpp, 9765, 2976, 6789
3674, /home/yrong/devel/llvm/benchmark/llvm-project/llvm/lib/CodeGen/InterferenceCache.cpp, 6446, 1474, 4972
3675, /home/yrong/devel/llvm/benchmark/llvm-project/llvm/lib/CodeGen/InterleavedAccessPass.cpp, 10038, 3373, 6665
3676, /home/yrong/devel/llvm/benchmark/llvm-project/llvm/lib/CodeGen/InterleavedLoadCombinePass.cpp, 10178, 3514, 6664
3677, /home/yrong/devel/llvm/benchmark/llvm-project/llvm/lib/CodeGen/IntrinsicLowering.cpp, 4964, 1306, 3658
3678, /home/yrong/devel/llvm/benchmark/llvm-project/llvm/lib/CodeGen/JMCInstrumenter.cpp, 5897, 1731, 4166
3679, /home/yrong/devel/llvm/benchmark/llvm-project/llvm/lib/CodeGen/KCFI.cpp, 8837, 2962, 5875
3680, /home/yrong/devel/llvm/benchmark/llvm-project/llvm/lib/CodeGen/LLVMTargetMachine.cpp, 11703, 4867, 6836
3681, /home/yrong/devel/llvm/benchmark/llvm-project/llvm/lib/CodeGen/LatencyPriorityQueue.cpp, 7997, 2351, 5646
3682, /home/yrong/devel/llvm/benchmark/llvm-project/llvm/lib/CodeGen/LazyMachineBlockFrequencyInfo.cpp, 6952, 1509, 5443
3683, /home/yrong/devel/llvm/benchmark/llvm-project/llvm/lib/CodeGen/LexicalScopes.cpp, 6726, 1879, 4847
3684, /home/yrong/devel/llvm/benchmark/llvm-project/llvm/lib/CodeGen/LiveDebugValues/InstrRefBasedImpl.cpp, 12771, 4995, 7776
3685, /home/yrong/devel/llvm/benchmark/llvm-project/llvm/lib/CodeGen/LiveDebugValues/LiveDebugValues.cpp, 7515, 1885, 5630
3686, /home/yrong/devel/llvm/benchmark/llvm-project/llvm/lib/CodeGen/LiveDebugValues/VarLocBasedImpl.cpp, 10711, 3834, 6877
3687, /home/yrong/devel/llvm/benchmark/llvm-project/llvm/lib/CodeGen/LiveDebugVariables.cpp, 9736, 3161, 6575
3688, /home/yrong/devel/llvm/benchmark/llvm-project/llvm/lib/CodeGen/LiveInterval.cpp, 7048, 1771, 5277
3689, /home/yrong/devel/llvm/benchmark/llvm-project/llvm/lib/CodeGen/LiveIntervalCalc.cpp, 6782, 1665, 5117
3690, /home/yrong/devel/llvm/benchmark/llvm-project/llvm/lib/CodeGen/LiveIntervalUnion.cpp, 6229, 1398, 4831
3691, /home/yrong/devel/llvm/benchmark/llvm-project/llvm/lib/CodeGen/LiveIntervals.cpp, 9549, 2924, 6625
3692, /home/yrong/devel/llvm/benchmark/llvm-project/llvm/lib/CodeGen/LivePhysRegs.cpp, 6304, 1486, 4818
3693, /home/yrong/devel/llvm/benchmark/llvm-project/llvm/lib/CodeGen/LiveRangeCalc.cpp, 7766, 1828, 5938
3694, /home/yrong/devel/llvm/benchmark/llvm-project/llvm/lib/CodeGen/LiveRangeEdit.cpp, 7596, 2148, 5448
3695, /home/yrong/devel/llvm/benchmark/llvm-project/llvm/lib/CodeGen/LiveRangeShrink.cpp, 7056, 1986, 5070
3696, /home/yrong/devel/llvm/benchmark/llvm-project/llvm/lib/CodeGen/LiveRegMatrix.cpp, 6894, 1704, 5190
3697, /home/yrong/devel/llvm/benchmark/llvm-project/llvm/lib/CodeGen/LiveRegUnits.cpp, 6226, 1451, 4775
3698, /home/yrong/devel/llvm/benchmark/llvm-project/llvm/lib/CodeGen/LiveStacks.cpp, 6618, 1607, 5011
3699, /home/yrong/devel/llvm/benchmark/llvm-project/llvm/lib/CodeGen/LiveVariables.cpp, 6707, 1790, 4917
3700, /home/yrong/devel/llvm/benchmark/llvm-project/llvm/lib/CodeGen/LocalStackSlotAllocation.cpp, 6217, 1450, 4767
3701, /home/yrong/devel/llvm/benchmark/llvm-project/llvm/lib/CodeGen/LoopTraversal.cpp, 5378, 1063, 4315
3702, /home/yrong/devel/llvm/benchmark/llvm-project/llvm/lib/CodeGen/LowLevelType.cpp, 2666, 213, 2453
3703, /home/yrong/devel/llvm/benchmark/llvm-project/llvm/lib/CodeGen/LowLevelTypeUtils.cpp, 3017, 389, 2628
3704, /home/yrong/devel/llvm/benchmark/llvm-project/llvm/lib/CodeGen/LowerEmuTLS.cpp, 5069, 1215, 3854
3705, /home/yrong/devel/llvm/benchmark/llvm-project/llvm/lib/CodeGen/MBFIWrapper.cpp, 5623, 1202, 4421
3706, /home/yrong/devel/llvm/benchmark/llvm-project/llvm/lib/CodeGen/MIRCanonicalizerPass.cpp, 6571, 1725, 4846
3707, /home/yrong/devel/llvm/benchmark/llvm-project/llvm/lib/CodeGen/MIRFSDiscriminator.cpp, 8556, 2479, 6077
3708, /home/yrong/devel/llvm/benchmark/llvm-project/llvm/lib/CodeGen/MIRNamerPass.cpp, 5659, 1233, 4426
3709, /home/yrong/devel/llvm/benchmark/llvm-project/llvm/lib/CodeGen/MIRParser/MILexer.cpp, 2812, 279, 2533
3710, /home/yrong/devel/llvm/benchmark/llvm-project/llvm/lib/CodeGen/MIRParser/MIParser.cpp, 10256, 4230, 6026
3711, /home/yrong/devel/llvm/benchmark/llvm-project/llvm/lib/CodeGen/MIRParser/MIRParser.cpp, 9846, 3783, 6063
3712, /home/yrong/devel/llvm/benchmark/llvm-project/llvm/lib/CodeGen/MIRPrinter.cpp, 9539, 3528, 6011
3713, /home/yrong/devel/llvm/benchmark/llvm-project/llvm/lib/CodeGen/MIRPrintingPass.cpp, 5603, 1199, 4404
3714, /home/yrong/devel/llvm/benchmark/llvm-project/llvm/lib/CodeGen/MIRSampleProfile.cpp, 11567, 4069, 7498
3715, /home/yrong/devel/llvm/benchmark/llvm-project/llvm/lib/CodeGen/MIRVRegNamerUtils.cpp, 6407, 1555, 4852
3716, /home/yrong/devel/llvm/benchmark/llvm-project/llvm/lib/CodeGen/MIRYamlMapping.cpp, 6070, 1528, 4542
3717, /home/yrong/devel/llvm/benchmark/llvm-project/llvm/lib/CodeGen/MLRegallocEvictAdvisor.cpp, 9660, 2975, 6685
3718, /home/yrong/devel/llvm/benchmark/llvm-project/llvm/lib/CodeGen/MLRegallocPriorityAdvisor.cpp, 9466, 2918, 6548
3719, /home/yrong/devel/llvm/benchmark/llvm-project/llvm/lib/CodeGen/MachineBasicBlock.cpp, 11747, 4116, 7631
3720, /home/yrong/devel/llvm/benchmark/llvm-project/llvm/lib/CodeGen/MachineBlockFrequencyInfo.cpp, 7824, 2114, 5710
3721, /home/yrong/devel/llvm/benchmark/llvm-project/llvm/lib/CodeGen/MachineBlockPlacement.cpp, 10807, 3653, 7154
3722, /home/yrong/devel/llvm/benchmark/llvm-project/llvm/lib/CodeGen/MachineBranchProbabilityInfo.cpp, 5343, 1038, 4305
3723, /home/yrong/devel/llvm/benchmark/llvm-project/llvm/lib/CodeGen/MachineCFGPrinter.cpp, 8017, 2313, 5704
3724, /home/yrong/devel/llvm/benchmark/llvm-project/llvm/lib/CodeGen/MachineCSE.cpp, 8750, 2604, 6146
3725, /home/yrong/devel/llvm/benchmark/llvm-project/llvm/lib/CodeGen/MachineCheckDebugify.cpp, 7597, 2375, 5222
3726, /home/yrong/devel/llvm/benchmark/llvm-project/llvm/lib/CodeGen/MachineCombiner.cpp, 9097, 2643, 6454
3727, /home/yrong/devel/llvm/benchmark/llvm-project/llvm/lib/CodeGen/MachineCopyPropagation.cpp, 7555, 2284, 5271
3728, /home/yrong/devel/llvm/benchmark/llvm-project/llvm/lib/CodeGen/MachineCycleAnalysis.cpp, 7445, 2183, 5262
3729, /home/yrong/devel/llvm/benchmark/llvm-project/llvm/lib/CodeGen/MachineDebugify.cpp, 8939, 3145, 5794
3730, /home/yrong/devel/llvm/benchmark/llvm-project/llvm/lib/CodeGen/MachineDominanceFrontier.cpp, 7300, 1761, 5539
3731, /home/yrong/devel/llvm/benchmark/llvm-project/llvm/lib/CodeGen/MachineDominators.cpp, 7227, 1602, 5625
3732, /home/yrong/devel/llvm/benchmark/llvm-project/llvm/lib/CodeGen/MachineFrameInfo.cpp, 7043, 1973, 5070
3733, /home/yrong/devel/llvm/benchmark/llvm-project/llvm/lib/CodeGen/MachineFunction.cpp, 10316, 3796, 6520
3734, /home/yrong/devel/llvm/benchmark/llvm-project/llvm/lib/CodeGen/MachineFunctionPass.cpp, 9359, 2972, 6387
3735, /home/yrong/devel/llvm/benchmark/llvm-project/llvm/lib/CodeGen/MachineFunctionPrinterPass.cpp, 6188, 1330, 4858
3736, /home/yrong/devel/llvm/benchmark/llvm-project/llvm/lib/CodeGen/MachineFunctionSplitter.cpp, 7877, 2434, 5443
3737, /home/yrong/devel/llvm/benchmark/llvm-project/llvm/lib/CodeGen/MachineInstr.cpp, 9125, 3417, 5708
3738, /home/yrong/devel/llvm/benchmark/llvm-project/llvm/lib/CodeGen/MachineInstrBundle.cpp, 7058, 2011, 5047
3739, /home/yrong/devel/llvm/benchmark/llvm-project/llvm/lib/CodeGen/MachineLICM.cpp, 10021, 3163, 6858
3740, /home/yrong/devel/llvm/benchmark/llvm-project/llvm/lib/CodeGen/MachineLateInstrsCleanup.cpp, 7119, 2019, 5100
3741, /home/yrong/devel/llvm/benchmark/llvm-project/llvm/lib/CodeGen/MachineLoopInfo.cpp, 8400, 2270, 6130
3742, /home/yrong/devel/llvm/benchmark/llvm-project/llvm/lib/CodeGen/MachineLoopUtils.cpp, 6996, 1950, 5046
3743, /home/yrong/devel/llvm/benchmark/llvm-project/llvm/lib/CodeGen/MachineModuleInfo.cpp, 7442, 2261, 5181
3744, /home/yrong/devel/llvm/benchmark/llvm-project/llvm/lib/CodeGen/MachineModuleInfoImpls.cpp, 5649, 1423, 4226
3745, /home/yrong/devel/llvm/benchmark/llvm-project/llvm/lib/CodeGen/MachineModuleSlotTracker.cpp, 6853, 1958, 4895
3746, /home/yrong/devel/llvm/benchmark/llvm-project/llvm/lib/CodeGen/MachineOperand.cpp, 8399, 2708, 5691
3747, /home/yrong/devel/llvm/benchmark/llvm-project/llvm/lib/CodeGen/MachineOptimizationRemarkEmitter.cpp, 7013, 1572, 5441
3748, /home/yrong/devel/llvm/benchmark/llvm-project/llvm/lib/CodeGen/MachineOutliner.cpp, 9693, 3716, 5977
3749, /home/yrong/devel/llvm/benchmark/llvm-project/llvm/lib/CodeGen/MachinePassManager.cpp, 7451, 2355, 5096
3750, /home/yrong/devel/llvm/benchmark/llvm-project/llvm/lib/CodeGen/MachinePipeliner.cpp, 12595, 4112, 8483
3751, /home/yrong/devel/llvm/benchmark/llvm-project/llvm/lib/CodeGen/MachinePostDominators.cpp, 7025, 1541, 5484
3752, /home/yrong/devel/llvm/benchmark/llvm-project/llvm/lib/CodeGen/MachineRegionInfo.cpp, 9213, 2847, 6366
3753, /home/yrong/devel/llvm/benchmark/llvm-project/llvm/lib/CodeGen/MachineRegisterInfo.cpp, 7117, 2020, 5097
3754, /home/yrong/devel/llvm/benchmark/llvm-project/llvm/lib/CodeGen/MachineSSAContext.cpp, 6954, 1820, 5134
3755, /home/yrong/devel/llvm/benchmark/llvm-project/llvm/lib/CodeGen/MachineSSAUpdater.cpp, 7123, 1980, 5143
3756, /home/yrong/devel/llvm/benchmark/llvm-project/llvm/lib/CodeGen/MachineScheduler.cpp, 11229, 3844, 7385
3757, /home/yrong/devel/llvm/benchmark/llvm-project/llvm/lib/CodeGen/MachineSink.cpp, 10526, 3569, 6957
3758, /home/yrong/devel/llvm/benchmark/llvm-project/llvm/lib/CodeGen/MachineSizeOpts.cpp, 7065, 1872, 5193
3759, /home/yrong/devel/llvm/benchmark/llvm-project/llvm/lib/CodeGen/MachineStableHash.cpp, 6378, 1506, 4872
3760, /home/yrong/devel/llvm/benchmark/llvm-project/llvm/lib/CodeGen/MachineStripDebug.cpp, 7032, 1996, 5036
3761, /home/yrong/devel/llvm/benchmark/llvm-project/llvm/lib/CodeGen/MachineTraceMetrics.cpp, 6866, 1659, 5207
3762, /home/yrong/devel/llvm/benchmark/llvm-project/llvm/lib/CodeGen/MachineUniformityAnalysis.cpp, 8325, 2258, 6067
3763, /home/yrong/devel/llvm/benchmark/llvm-project/llvm/lib/CodeGen/MachineVerifier.cpp, 9535, 3340, 6195
3764, /home/yrong/devel/llvm/benchmark/llvm-project/llvm/lib/CodeGen/MacroFusion.cpp, 8564, 2715, 5849
3765, /home/yrong/devel/llvm/benchmark/llvm-project/llvm/lib/CodeGen/ModuloSchedule.cpp, 9370, 2918, 6452
3766, /home/yrong/devel/llvm/benchmark/llvm-project/llvm/lib/CodeGen/MultiHazardRecognizer.cpp, 2567, 150, 2417
3767, /home/yrong/devel/llvm/benchmark/llvm-project/llvm/lib/CodeGen/NonRelocatableStringpool.cpp, 2809, 258, 2551
3768, /home/yrong/devel/llvm/benchmark/llvm-project/llvm/lib/CodeGen/OptimizePHIs.cpp, 6273, 1477, 4796
3769, /home/yrong/devel/llvm/benchmark/llvm-project/llvm/lib/CodeGen/PHIElimination.cpp, 9871, 2923, 6948
3770, /home/yrong/devel/llvm/benchmark/llvm-project/llvm/lib/CodeGen/PHIEliminationUtils.cpp, 6155, 1415, 4740
3771, /home/yrong/devel/llvm/benchmark/llvm-project/llvm/lib/CodeGen/ParallelCG.cpp, 6898, 2224, 4674
3772, /home/yrong/devel/llvm/benchmark/llvm-project/llvm/lib/CodeGen/PatchableFunction.cpp, 6972, 1945, 5027
3773, /home/yrong/devel/llvm/benchmark/llvm-project/llvm/lib/CodeGen/PeepholeOptimizer.cpp, 8414, 2328, 6086
3774, /home/yrong/devel/llvm/benchmark/llvm-project/llvm/lib/CodeGen/PostRAHazardRecognizer.cpp, 6980, 1951, 5029
3775, /home/yrong/devel/llvm/benchmark/llvm-project/llvm/lib/CodeGen/PostRASchedulerList.cpp, 9871, 3061, 6810
3776, /home/yrong/devel/llvm/benchmark/llvm-project/llvm/lib/CodeGen/PreISelIntrinsicLowering.cpp, 6978, 2357, 4621
3777, /home/yrong/devel/llvm/benchmark/llvm-project/llvm/lib/CodeGen/ProcessImplicitDefs.cpp, 7619, 2322, 5297
3778, /home/yrong/devel/llvm/benchmark/llvm-project/llvm/lib/CodeGen/PrologEpilogInserter.cpp, 10153, 3571, 6582
3779, /home/yrong/devel/llvm/benchmark/llvm-project/llvm/lib/CodeGen/PseudoProbeInserter.cpp, 7627, 2443, 5184
3780, /home/yrong/devel/llvm/benchmark/llvm-project/llvm/lib/CodeGen/PseudoSourceValue.cpp, 6246, 1658, 4588
3781, /home/yrong/devel/llvm/benchmark/llvm-project/llvm/lib/CodeGen/RDFGraph.cpp, 9972, 3249, 6723
3782, /home/yrong/devel/llvm/benchmark/llvm-project/llvm/lib/CodeGen/RDFLiveness.cpp, 8595, 2592, 6003
3783, /home/yrong/devel/llvm/benchmark/llvm-project/llvm/lib/CodeGen/RDFRegisters.cpp, 5584, 1224, 4360
3784, /home/yrong/devel/llvm/benchmark/llvm-project/llvm/lib/CodeGen/ReachingDefAnalysis.cpp, 6388, 1556, 4832
3785, /home/yrong/devel/llvm/benchmark/llvm-project/llvm/lib/CodeGen/RegAllocBase.cpp, 8029, 2408, 5621
3786, /home/yrong/devel/llvm/benchmark/llvm-project/llvm/lib/CodeGen/RegAllocBasic.cpp, 8512, 2333, 6179
3787, /home/yrong/devel/llvm/benchmark/llvm-project/llvm/lib/CodeGen/RegAllocEvictionAdvisor.cpp, 8296, 2415, 5881
3788, /home/yrong/devel/llvm/benchmark/llvm-project/llvm/lib/CodeGen/RegAllocFast.cpp, 7487, 2191, 5296
3789, /home/yrong/devel/llvm/benchmark/llvm-project/llvm/lib/CodeGen/RegAllocGreedy.cpp, 10717, 3762, 6955
3790, /home/yrong/devel/llvm/benchmark/llvm-project/llvm/lib/CodeGen/RegAllocPBQP.cpp, 10335, 3097, 7238
3791, /home/yrong/devel/llvm/benchmark/llvm-project/llvm/lib/CodeGen/RegAllocPriorityAdvisor.cpp, 7854, 2121, 5733
3792, /home/yrong/devel/llvm/benchmark/llvm-project/llvm/lib/CodeGen/RegAllocScore.cpp, 7010, 1976, 5034
3793, /home/yrong/devel/llvm/benchmark/llvm-project/llvm/lib/CodeGen/RegUsageInfoCollector.cpp, 6406, 1562, 4844
3794, /home/yrong/devel/llvm/benchmark/llvm-project/llvm/lib/CodeGen/RegUsageInfoPropagate.cpp, 6641, 1688, 4953
3795, /home/yrong/devel/llvm/benchmark/llvm-project/llvm/lib/CodeGen/RegisterBank.cpp, 5172, 997, 4175
3796, /home/yrong/devel/llvm/benchmark/llvm-project/llvm/lib/CodeGen/RegisterBankInfo.cpp, 6548, 1621, 4927
3797, /home/yrong/devel/llvm/benchmark/llvm-project/llvm/lib/CodeGen/RegisterClassInfo.cpp, 6238, 1483, 4755
3798, /home/yrong/devel/llvm/benchmark/llvm-project/llvm/lib/CodeGen/RegisterCoalescer.cpp, 9180, 2978, 6202
3799, /home/yrong/devel/llvm/benchmark/llvm-project/llvm/lib/CodeGen/RegisterPressure.cpp, 6966, 1761, 5205
3800, /home/yrong/devel/llvm/benchmark/llvm-project/llvm/lib/CodeGen/RegisterScavenging.cpp, 7061, 1983, 5078
3801, /home/yrong/devel/llvm/benchmark/llvm-project/llvm/lib/CodeGen/RegisterUsageInfo.cpp, 6462, 1681, 4781
3802, /home/yrong/devel/llvm/benchmark/llvm-project/llvm/lib/CodeGen/RemoveRedundantDebugValues.cpp, 6779, 1870, 4909
3803, /home/yrong/devel/llvm/benchmark/llvm-project/llvm/lib/CodeGen/RenameIndependentSubregs.cpp, 7529, 2128, 5401
3804, /home/yrong/devel/llvm/benchmark/llvm-project/llvm/lib/CodeGen/ReplaceWithVeclib.cpp, 7543, 2664, 4879
3805, /home/yrong/devel/llvm/benchmark/llvm-project/llvm/lib/CodeGen/ResetMachineFunctionPass.cpp, 8431, 2313, 6118
3806, /home/yrong/devel/llvm/benchmark/llvm-project/llvm/lib/CodeGen/SafeStack.cpp, 11618, 4224, 7394
3807, /home/yrong/devel/llvm/benchmark/llvm-project/llvm/lib/CodeGen/SafeStackLayout.cpp, 4947, 1031, 3916
3808, /home/yrong/devel/llvm/benchmark/llvm-project/llvm/lib/CodeGen/SanitizerBinaryMetadata.cpp, 7953, 2544, 5409
3809, /home/yrong/devel/llvm/benchmark/llvm-project/llvm/lib/CodeGen/ScheduleDAG.cpp, 8474, 2678, 5796
3810, /home/yrong/devel/llvm/benchmark/llvm-project/llvm/lib/CodeGen/ScheduleDAGInstrs.cpp, 9450, 3076, 6374
3811, /home/yrong/devel/llvm/benchmark/llvm-project/llvm/lib/CodeGen/ScheduleDAGPrinter.cpp, 8454, 2459, 5995
3812, /home/yrong/devel/llvm/benchmark/llvm-project/llvm/lib/CodeGen/ScoreboardHazardRecognizer.cpp, 8357, 2607, 5750
3813, /home/yrong/devel/llvm/benchmark/llvm-project/llvm/lib/CodeGen/SelectOptimize.cpp, 10884, 3975, 6909
3814, /home/yrong/devel/llvm/benchmark/llvm-project/llvm/lib/CodeGen/SelectionDAG/DAGCombiner.cpp, 13199, 6056, 7143
3815, /home/yrong/devel/llvm/benchmark/llvm-project/llvm/lib/CodeGen/SelectionDAG/FastISel.cpp, 10591, 4204, 6387
3816, /home/yrong/devel/llvm/benchmark/llvm-project/llvm/lib/CodeGen/SelectionDAG/FunctionLoweringInfo.cpp, 9496, 3323, 6173
3817, /home/yrong/devel/llvm/benchmark/llvm-project/llvm/lib/CodeGen/SelectionDAG/InstrEmitter.cpp, 9300, 3326, 5974
3818, /home/yrong/devel/llvm/benchmark/llvm-project/llvm/lib/CodeGen/SelectionDAG/LegalizeDAG.cpp, 9209, 3304, 5905
3819, /home/yrong/devel/llvm/benchmark/llvm-project/llvm/lib/CodeGen/SelectionDAG/LegalizeFloatTypes.cpp, 8831, 2974, 5857
3820, /home/yrong/devel/llvm/benchmark/llvm-project/llvm/lib/CodeGen/SelectionDAG/LegalizeIntegerTypes.cpp, 9315, 3365, 5950
3821, /home/yrong/devel/llvm/benchmark/llvm-project/llvm/lib/CodeGen/SelectionDAG/LegalizeTypes.cpp, 8345, 2481, 5864
3822, /home/yrong/devel/llvm/benchmark/llvm-project/llvm/lib/CodeGen/SelectionDAG/LegalizeTypesGeneric.cpp, 8211, 2455, 5756
3823, /home/yrong/devel/llvm/benchmark/llvm-project/llvm/lib/CodeGen/SelectionDAG/LegalizeVectorOps.cpp, 8138, 2455, 5683
3824, /home/yrong/devel/llvm/benchmark/llvm-project/llvm/lib/CodeGen/SelectionDAG/LegalizeVectorTypes.cpp, 10594, 4225, 6369
3825, /home/yrong/devel/llvm/benchmark/llvm-project/llvm/lib/CodeGen/SelectionDAG/ResourcePriorityQueue.cpp, 9085, 2880, 6205
3826, /home/yrong/devel/llvm/benchmark/llvm-project/llvm/lib/CodeGen/SelectionDAG/ScheduleDAGFast.cpp, 8708, 2845, 5863
3827, /home/yrong/devel/llvm/benchmark/llvm-project/llvm/lib/CodeGen/SelectionDAG/ScheduleDAGRRList.cpp, 8812, 2936, 5876
3828, /home/yrong/devel/llvm/benchmark/llvm-project/llvm/lib/CodeGen/SelectionDAG/ScheduleDAGSDNodes.cpp, 8888, 2985, 5903
3829, /home/yrong/devel/llvm/benchmark/llvm-project/llvm/lib/CodeGen/SelectionDAG/ScheduleDAGVLIW.cpp, 8481, 2717, 5764
3830, /home/yrong/devel/llvm/benchmark/llvm-project/llvm/lib/CodeGen/SelectionDAG/SelectionDAG.cpp, 12128, 5215, 6913
3831, /home/yrong/devel/llvm/benchmark/llvm-project/llvm/lib/CodeGen/SelectionDAG/SelectionDAGAddressAnalysis.cpp, 8041, 2376, 5665
3832, /home/yrong/devel/llvm/benchmark/llvm-project/llvm/lib/CodeGen/SelectionDAG/SelectionDAGBuilder.cpp, 14565, 6612, 7953
3833, /home/yrong/devel/llvm/benchmark/llvm-project/llvm/lib/CodeGen/SelectionDAG/SelectionDAGDumper.cpp, 9199, 3245, 5954
3834, /home/yrong/devel/llvm/benchmark/llvm-project/llvm/lib/CodeGen/SelectionDAG/SelectionDAGISel.cpp, 12535, 5114, 7421
3835, /home/yrong/devel/llvm/benchmark/llvm-project/llvm/lib/CodeGen/SelectionDAG/SelectionDAGPrinter.cpp, 8569, 2514, 6055
3836, /home/yrong/devel/llvm/benchmark/llvm-project/llvm/lib/CodeGen/SelectionDAG/SelectionDAGTargetInfo.cpp, 5127, 1086, 4041
3837, /home/yrong/devel/llvm/benchmark/llvm-project/llvm/lib/CodeGen/SelectionDAG/StatepointLowering.cpp, 9599, 3396, 6203
3838, /home/yrong/devel/llvm/benchmark/llvm-project/llvm/lib/CodeGen/SelectionDAG/TargetLowering.cpp, 10504, 4221, 6283
3839, /home/yrong/devel/llvm/benchmark/llvm-project/llvm/lib/CodeGen/ShadowStackGCLowering.cpp, 7480, 2243, 5237
3840, /home/yrong/devel/llvm/benchmark/llvm-project/llvm/lib/CodeGen/ShrinkWrap.cpp, 10027, 3157, 6870
3841, /home/yrong/devel/llvm/benchmark/llvm-project/llvm/lib/CodeGen/SjLjEHPrepare.cpp, 7181, 2033, 5148
3842, /home/yrong/devel/llvm/benchmark/llvm-project/llvm/lib/CodeGen/SlotIndexes.cpp, 6055, 1308, 4747
3843, /home/yrong/devel/llvm/benchmark/llvm-project/llvm/lib/CodeGen/SpillPlacement.cpp, 6054, 1293, 4761
3844, /home/yrong/devel/llvm/benchmark/llvm-project/llvm/lib/CodeGen/SplitKit.cpp, 9639, 2886, 6753
3845, /home/yrong/devel/llvm/benchmark/llvm-project/llvm/lib/CodeGen/StackColoring.cpp, 8223, 2487, 5736
3846, /home/yrong/devel/llvm/benchmark/llvm-project/llvm/lib/CodeGen/StackFrameLayoutAnalysisPass.cpp, 9736, 2773, 6963
3847, /home/yrong/devel/llvm/benchmark/llvm-project/llvm/lib/CodeGen/StackMapLivenessAnalysis.cpp, 6140, 1400, 4740
3848, /home/yrong/devel/llvm/benchmark/llvm-project/llvm/lib/CodeGen/StackMaps.cpp, 7249, 2167, 5082
3849, /home/yrong/devel/llvm/benchmark/llvm-project/llvm/lib/CodeGen/StackProtector.cpp, 10309, 3590, 6719
3850, /home/yrong/devel/llvm/benchmark/llvm-project/llvm/lib/CodeGen/StackSlotColoring.cpp, 7820, 2286, 5534
3851, /home/yrong/devel/llvm/benchmark/llvm-project/llvm/lib/CodeGen/SwiftErrorValueTracking.cpp, 8554, 2728, 5826
3852, /home/yrong/devel/llvm/benchmark/llvm-project/llvm/lib/CodeGen/SwitchLoweringUtils.cpp, 8354, 2612, 5742
3853, /home/yrong/devel/llvm/benchmark/llvm-project/llvm/lib/CodeGen/TailDuplication.cpp, 8975, 2586, 6389
3854, /home/yrong/devel/llvm/benchmark/llvm-project/llvm/lib/CodeGen/TailDuplicator.cpp, 8311, 2672, 5639
3855, /home/yrong/devel/llvm/benchmark/llvm-project/llvm/lib/CodeGen/TargetFrameLoweringImpl.cpp, 7093, 1991, 5102
3856, /home/yrong/devel/llvm/benchmark/llvm-project/llvm/lib/CodeGen/TargetInstrInfo.cpp, 9875, 3482, 6393
3857, /home/yrong/devel/llvm/benchmark/llvm-project/llvm/lib/CodeGen/TargetLoweringBase.cpp, 9125, 3227, 5898
3858, /home/yrong/devel/llvm/benchmark/llvm-project/llvm/lib/CodeGen/TargetLoweringObjectFileImpl.cpp, 9099, 2915, 6184
3859, /home/yrong/devel/llvm/benchmark/llvm-project/llvm/lib/CodeGen/TargetOptionsImpl.cpp, 6010, 1335, 4675
3860, /home/yrong/devel/llvm/benchmark/llvm-project/llvm/lib/CodeGen/TargetPassConfig.cpp, 8432, 2842, 5590
3861, /home/yrong/devel/llvm/benchmark/llvm-project/llvm/lib/CodeGen/TargetRegisterInfo.cpp, 8165, 2595, 5570
3862, /home/yrong/devel/llvm/benchmark/llvm-project/llvm/lib/CodeGen/TargetSchedule.cpp, 6977, 1952, 5025
3863, /home/yrong/devel/llvm/benchmark/llvm-project/llvm/lib/CodeGen/TargetSubtargetInfo.cpp, 3649, 542, 3107
3864, /home/yrong/devel/llvm/benchmark/llvm-project/llvm/lib/CodeGen/TwoAddressInstructionPass.cpp, 8586, 2806, 5780
3865, /home/yrong/devel/llvm/benchmark/llvm-project/llvm/lib/CodeGen/TypePromotion.cpp, 9240, 3062, 6178
3866, /home/yrong/devel/llvm/benchmark/llvm-project/llvm/lib/CodeGen/UnreachableBlockElim.cpp, 8653, 2484, 6169
3867, /home/yrong/devel/llvm/benchmark/llvm-project/llvm/lib/CodeGen/VLIWMachineScheduler.cpp, 10628, 3068, 7560
3868, /home/yrong/devel/llvm/benchmark/llvm-project/llvm/lib/CodeGen/ValueTypes.cpp, 2968, 346, 2622
3869, /home/yrong/devel/llvm/benchmark/llvm-project/llvm/lib/CodeGen/VirtRegMap.cpp, 7706, 2220, 5486
3870, /home/yrong/devel/llvm/benchmark/llvm-project/llvm/lib/CodeGen/WasmEHPrepare.cpp, 7873, 2131, 5742
3871, /home/yrong/devel/llvm/benchmark/llvm-project/llvm/lib/CodeGen/WinEHPrepare.cpp, 9015, 2591, 6424
3872, /home/yrong/devel/llvm/benchmark/llvm-project/llvm/lib/CodeGen/XRayInstrumentation.cpp, 8781, 2547, 6234
3873, /home/yrong/devel/llvm/benchmark/llvm-project/llvm/lib/DWARFLinker/DWARFLinker.cpp, 10249, 4287, 5962
3874, /home/yrong/devel/llvm/benchmark/llvm-project/llvm/lib/DWARFLinker/DWARFLinkerCompileUnit.cpp, 5298, 1449, 3849
3875, /home/yrong/devel/llvm/benchmark/llvm-project/llvm/lib/DWARFLinker/DWARFLinkerDeclContext.cpp, 5281, 1416, 3865
3876, /home/yrong/devel/llvm/benchmark/llvm-project/llvm/lib/DWARFLinker/DWARFStreamer.cpp, 8935, 3560, 5375
3877, /home/yrong/devel/llvm/benchmark/llvm-project/llvm/lib/DWARFLinkerParallel/DWARFEmitterImpl.cpp, 9547, 3404, 6143
3878, /home/yrong/devel/llvm/benchmark/llvm-project/llvm/lib/DWARFLinkerParallel/DWARFLinker.cpp, 9482, 3349, 6133
3879, /home/yrong/devel/llvm/benchmark/llvm-project/llvm/lib/DWARFLinkerParallel/DWARFLinkerImpl.cpp, 9450, 3317, 6133
3880, /home/yrong/devel/llvm/benchmark/llvm-project/llvm/lib/DWARFLinkerParallel/OutputSections.cpp, 1264, 152, 1112
3881, /home/yrong/devel/llvm/benchmark/llvm-project/llvm/lib/DWARFLinkerParallel/StringPool.cpp, 4280, 504, 3776
3882, /home/yrong/devel/llvm/benchmark/llvm-project/llvm/lib/DWP/DWP.cpp, 7460, 2607, 4853
3883, /home/yrong/devel/llvm/benchmark/llvm-project/llvm/lib/DWP/DWPError.cpp, 2801, 317, 2484
3884, /home/yrong/devel/llvm/benchmark/llvm-project/llvm/lib/DebugInfo/BTF/BTFContext.cpp, 3396, 582, 2814
3885, /home/yrong/devel/llvm/benchmark/llvm-project/llvm/lib/DebugInfo/BTF/BTFParser.cpp, 3472, 610, 2862
3886, /home/yrong/devel/llvm/benchmark/llvm-project/llvm/lib/DebugInfo/CodeView/AppendingTypeTableBuilder.cpp, 3525, 742, 2783
3887, /home/yrong/devel/llvm/benchmark/llvm-project/llvm/lib/DebugInfo/CodeView/CVSymbolVisitor.cpp, 3326, 649, 2677
3888, /home/yrong/devel/llvm/benchmark/llvm-project/llvm/lib/DebugInfo/CodeView/CVTypeVisitor.cpp, 3606, 850, 2756
3889, /home/yrong/devel/llvm/benchmark/llvm-project/llvm/lib/DebugInfo/CodeView/CodeViewError.cpp, 2802, 318, 2484
3890, /home/yrong/devel/llvm/benchmark/llvm-project/llvm/lib/DebugInfo/CodeView/CodeViewRecordIO.cpp, 3336, 595, 2741
3891, /home/yrong/devel/llvm/benchmark/llvm-project/llvm/lib/DebugInfo/CodeView/ContinuationRecordBuilder.cpp, 3543, 736, 2807
3892, /home/yrong/devel/llvm/benchmark/llvm-project/llvm/lib/DebugInfo/CodeView/DebugChecksumsSubsection.cpp, 3357, 468, 2889
3893, /home/yrong/devel/llvm/benchmark/llvm-project/llvm/lib/DebugInfo/CodeView/DebugCrossExSubsection.cpp, 3275, 466, 2809
3894, /home/yrong/devel/llvm/benchmark/llvm-project/llvm/lib/DebugInfo/CodeView/DebugCrossImpSubsection.cpp, 3349, 507, 2842
3895, /home/yrong/devel/llvm/benchmark/llvm-project/llvm/lib/DebugInfo/CodeView/DebugFrameDataSubsection.cpp, 3066, 460, 2606
3896, /home/yrong/devel/llvm/benchmark/llvm-project/llvm/lib/DebugInfo/CodeView/DebugInlineeLinesSubsection.cpp, 3353, 511, 2842
3897, /home/yrong/devel/llvm/benchmark/llvm-project/llvm/lib/DebugInfo/CodeView/DebugLinesSubsection.cpp, 3345, 509, 2836
3898, /home/yrong/devel/llvm/benchmark/llvm-project/llvm/lib/DebugInfo/CodeView/DebugStringTableSubsection.cpp, 3343, 470, 2873
3899, /home/yrong/devel/llvm/benchmark/llvm-project/llvm/lib/DebugInfo/CodeView/DebugSubsection.cpp, 2836, 317, 2519
3900, /home/yrong/devel/llvm/benchmark/llvm-project/llvm/lib/DebugInfo/CodeView/DebugSubsectionRecord.cpp, 3005, 409, 2596
3901, /home/yrong/devel/llvm/benchmark/llvm-project/llvm/lib/DebugInfo/CodeView/DebugSubsectionVisitor.cpp, 3632, 546, 3086
3902, /home/yrong/devel/llvm/benchmark/llvm-project/llvm/lib/DebugInfo/CodeView/DebugSymbolRVASubsection.cpp, 3021, 420, 2601
3903, /home/yrong/devel/llvm/benchmark/llvm-project/llvm/lib/DebugInfo/CodeView/DebugSymbolsSubsection.cpp, 3066, 459, 2607
3904, /home/yrong/devel/llvm/benchmark/llvm-project/llvm/lib/DebugInfo/CodeView/EnumTables.cpp, 4198, 782, 3416
3905, /home/yrong/devel/llvm/benchmark/llvm-project/llvm/lib/DebugInfo/CodeView/Formatters.cpp, 2956, 383, 2573
3906, /home/yrong/devel/llvm/benchmark/llvm-project/llvm/lib/DebugInfo/CodeView/GlobalTypeTableBuilder.cpp, 3889, 856, 3033
3907, /home/yrong/devel/llvm/benchmark/llvm-project/llvm/lib/DebugInfo/CodeView/LazyRandomTypeCollection.cpp, 3422, 545, 2877
3908, /home/yrong/devel/llvm/benchmark/llvm-project/llvm/lib/DebugInfo/CodeView/Line.cpp, 37, 0, 37
3909, /home/yrong/devel/llvm/benchmark/llvm-project/llvm/lib/DebugInfo/CodeView/MergingTypeTableBuilder.cpp, 3872, 847, 3025
3910, /home/yrong/devel/llvm/benchmark/llvm-project/llvm/lib/DebugInfo/CodeView/RecordName.cpp, 3636, 850, 2786
3911, /home/yrong/devel/llvm/benchmark/llvm-project/llvm/lib/DebugInfo/CodeView/RecordSerialization.cpp, 3348, 634, 2714
3912, /home/yrong/devel/llvm/benchmark/llvm-project/llvm/lib/DebugInfo/CodeView/SimpleTypeSerializer.cpp, 3318, 620, 2698
3913, /home/yrong/devel/llvm/benchmark/llvm-project/llvm/lib/DebugInfo/CodeView/StringsAndChecksums.cpp, 3324, 469, 2855
3914, /home/yrong/devel/llvm/benchmark/llvm-project/llvm/lib/DebugInfo/CodeView/SymbolDumper.cpp, 4905, 1307, 3598
3915, /home/yrong/devel/llvm/benchmark/llvm-project/llvm/lib/DebugInfo/CodeView/SymbolRecordHelpers.cpp, 3498, 767, 2731
3916, /home/yrong/devel/llvm/benchmark/llvm-project/llvm/lib/DebugInfo/CodeView/SymbolRecordMapping.cpp, 3463, 764, 2699
3917, /home/yrong/devel/llvm/benchmark/llvm-project/llvm/lib/DebugInfo/CodeView/SymbolSerializer.cpp, 3486, 720, 2766
3918, /home/yrong/devel/llvm/benchmark/llvm-project/llvm/lib/DebugInfo/CodeView/TypeDumpVisitor.cpp, 4581, 1058, 3523
3919, /home/yrong/devel/llvm/benchmark/llvm-project/llvm/lib/DebugInfo/CodeView/TypeHashing.cpp, 3180, 531, 2649
3920, /home/yrong/devel/llvm/benchmark/llvm-project/llvm/lib/DebugInfo/CodeView/TypeIndex.cpp, 4401, 909, 3492
3921, /home/yrong/devel/llvm/benchmark/llvm-project/llvm/lib/DebugInfo/CodeView/TypeIndexDiscovery.cpp, 3226, 530, 2696
3922, /home/yrong/devel/llvm/benchmark/llvm-project/llvm/lib/DebugInfo/CodeView/TypeRecordHelpers.cpp, 3480, 729, 2751
3923, /home/yrong/devel/llvm/benchmark/llvm-project/llvm/lib/DebugInfo/CodeView/TypeRecordMapping.cpp, 4928, 1368, 3560
3924, /home/yrong/devel/llvm/benchmark/llvm-project/llvm/lib/DebugInfo/CodeView/TypeStreamMerger.cpp, 3973, 911, 3062
3925, /home/yrong/devel/llvm/benchmark/llvm-project/llvm/lib/DebugInfo/CodeView/TypeTableCollection.cpp, 3349, 492, 2857
3926, /home/yrong/devel/llvm/benchmark/llvm-project/llvm/lib/DebugInfo/DWARF/DWARFAbbreviationDeclaration.cpp, 4043, 898, 3145
3927, /home/yrong/devel/llvm/benchmark/llvm-project/llvm/lib/DebugInfo/DWARF/DWARFAcceleratorTable.cpp, 5079, 1435, 3644
3928, /home/yrong/devel/llvm/benchmark/llvm-project/llvm/lib/DebugInfo/DWARF/DWARFAddressRange.cpp, 3223, 591, 2632
3929, /home/yrong/devel/llvm/benchmark/llvm-project/llvm/lib/DebugInfo/DWARF/DWARFCompileUnit.cpp, 3891, 796, 3095
3930, /home/yrong/devel/llvm/benchmark/llvm-project/llvm/lib/DebugInfo/DWARF/DWARFContext.cpp, 6302, 2276, 4026
3931, /home/yrong/devel/llvm/benchmark/llvm-project/llvm/lib/DebugInfo/DWARF/DWARFDataExtractor.cpp, 3336, 538, 2798
3932, /home/yrong/devel/llvm/benchmark/llvm-project/llvm/lib/DebugInfo/DWARF/DWARFDebugAbbrev.cpp, 3615, 743, 2872
3933, /home/yrong/devel/llvm/benchmark/llvm-project/llvm/lib/DebugInfo/DWARF/DWARFDebugAddr.cpp, 4395, 1130, 3265
3934, /home/yrong/devel/llvm/benchmark/llvm-project/llvm/lib/DebugInfo/DWARF/DWARFDebugArangeSet.cpp, 4363, 1116, 3247
3935, /home/yrong/devel/llvm/benchmark/llvm-project/llvm/lib/DebugInfo/DWARF/DWARFDebugAranges.cpp, 4415, 1147, 3268
3936, /home/yrong/devel/llvm/benchmark/llvm-project/llvm/lib/DebugInfo/DWARF/DWARFDebugFrame.cpp, 4226, 1022, 3204
3937, /home/yrong/devel/llvm/benchmark/llvm-project/llvm/lib/DebugInfo/DWARF/DWARFDebugInfoEntry.cpp, 4345, 1096, 3249
3938, /home/yrong/devel/llvm/benchmark/llvm-project/llvm/lib/DebugInfo/DWARF/DWARFDebugLine.cpp, 4433, 1193, 3240
3939, /home/yrong/devel/llvm/benchmark/llvm-project/llvm/lib/DebugInfo/DWARF/DWARFDebugLoc.cpp, 4036, 913, 3123
3940, /home/yrong/devel/llvm/benchmark/llvm-project/llvm/lib/DebugInfo/DWARF/DWARFDebugMacro.cpp, 3994, 868, 3126
3941, /home/yrong/devel/llvm/benchmark/llvm-project/llvm/lib/DebugInfo/DWARF/DWARFDebugPubTable.cpp, 3020, 476, 2544
3942, /home/yrong/devel/llvm/benchmark/llvm-project/llvm/lib/DebugInfo/DWARF/DWARFDebugRangeList.cpp, 4332, 1087, 3245
3943, /home/yrong/devel/llvm/benchmark/llvm-project/llvm/lib/DebugInfo/DWARF/DWARFDebugRnglists.cpp, 3947, 836, 3111
3944, /home/yrong/devel/llvm/benchmark/llvm-project/llvm/lib/DebugInfo/DWARF/DWARFDie.cpp, 4705, 1349, 3356
3945, /home/yrong/devel/llvm/benchmark/llvm-project/llvm/lib/DebugInfo/DWARF/DWARFExpression.cpp, 4068, 914, 3154
3946, /home/yrong/devel/llvm/benchmark/llvm-project/llvm/lib/DebugInfo/DWARF/DWARFFormValue.cpp, 4471, 1209, 3262
3947, /home/yrong/devel/llvm/benchmark/llvm-project/llvm/lib/DebugInfo/DWARF/DWARFGdbIndex.cpp, 3294, 528, 2766
3948, /home/yrong/devel/llvm/benchmark/llvm-project/llvm/lib/DebugInfo/DWARF/DWARFListTable.cpp, 4402, 1128, 3274
3949, /home/yrong/devel/llvm/benchmark/llvm-project/llvm/lib/DebugInfo/DWARF/DWARFLocationExpression.cpp, 3281, 609, 2672
3950, /home/yrong/devel/llvm/benchmark/llvm-project/llvm/lib/DebugInfo/DWARF/DWARFTypePrinter.cpp, 4836, 1245, 3591
3951, /home/yrong/devel/llvm/benchmark/llvm-project/llvm/lib/DebugInfo/DWARF/DWARFTypeUnit.cpp, 3902, 802, 3100
3952, /home/yrong/devel/llvm/benchmark/llvm-project/llvm/lib/DebugInfo/DWARF/DWARFUnit.cpp, 4883, 1508, 3375
3953, /home/yrong/devel/llvm/benchmark/llvm-project/llvm/lib/DebugInfo/DWARF/DWARFUnitIndex.cpp, 2969, 463, 2506
3954, /home/yrong/devel/llvm/benchmark/llvm-project/llvm/lib/DebugInfo/DWARF/DWARFVerifier.cpp, 6517, 2532, 3985
3955, /home/yrong/devel/llvm/benchmark/llvm-project/llvm/lib/DebugInfo/GSYM/DwarfTransformer.cpp, 5447, 1566, 3881
3956, /home/yrong/devel/llvm/benchmark/llvm-project/llvm/lib/DebugInfo/GSYM/ExtractRanges.cpp, 2898, 350, 2548
3957, /home/yrong/devel/llvm/benchmark/llvm-project/llvm/lib/DebugInfo/GSYM/FileWriter.cpp, 2617, 183, 2434
3958, /home/yrong/devel/llvm/benchmark/llvm-project/llvm/lib/DebugInfo/GSYM/FunctionInfo.cpp, 3151, 544, 2607
3959, /home/yrong/devel/llvm/benchmark/llvm-project/llvm/lib/DebugInfo/GSYM/GsymCreator.cpp, 3710, 740, 2970
3960, /home/yrong/devel/llvm/benchmark/llvm-project/llvm/lib/DebugInfo/GSYM/GsymReader.cpp, 3796, 773, 3023
3961, /home/yrong/devel/llvm/benchmark/llvm-project/llvm/lib/DebugInfo/GSYM/Header.cpp, 2906, 369, 2537
3962, /home/yrong/devel/llvm/benchmark/llvm-project/llvm/lib/DebugInfo/GSYM/InlineInfo.cpp, 3153, 557, 2596
3963, /home/yrong/devel/llvm/benchmark/llvm-project/llvm/lib/DebugInfo/GSYM/LineTable.cpp, 3032, 459, 2573
3964, /home/yrong/devel/llvm/benchmark/llvm-project/llvm/lib/DebugInfo/GSYM/LookupResult.cpp, 2676, 234, 2442
3965, /home/yrong/devel/llvm/benchmark/llvm-project/llvm/lib/DebugInfo/GSYM/ObjectFileTransformer.cpp, 5269, 1455, 3814
3966, /home/yrong/devel/llvm/benchmark/llvm-project/llvm/lib/DebugInfo/LogicalView/Core/LVCompare.cpp, 7460, 2469, 4991
3967, /home/yrong/devel/llvm/benchmark/llvm-project/llvm/lib/DebugInfo/LogicalView/Core/LVElement.cpp, 7309, 2358, 4951
3968, /home/yrong/devel/llvm/benchmark/llvm-project/llvm/lib/DebugInfo/LogicalView/Core/LVLine.cpp, 7307, 2358, 4949
3969, /home/yrong/devel/llvm/benchmark/llvm-project/llvm/lib/DebugInfo/LogicalView/Core/LVLocation.cpp, 7319, 2354, 4965
3970, /home/yrong/devel/llvm/benchmark/llvm-project/llvm/lib/DebugInfo/LogicalView/Core/LVObject.cpp, 7260, 2308, 4952
3971, /home/yrong/devel/llvm/benchmark/llvm-project/llvm/lib/DebugInfo/LogicalView/Core/LVOptions.cpp, 7352, 2365, 4987
3972, /home/yrong/devel/llvm/benchmark/llvm-project/llvm/lib/DebugInfo/LogicalView/Core/LVRange.cpp, 6155, 1836, 4319
3973, /home/yrong/devel/llvm/benchmark/llvm-project/llvm/lib/DebugInfo/LogicalView/Core/LVReader.cpp, 7909, 2590, 5319
3974, /home/yrong/devel/llvm/benchmark/llvm-project/llvm/lib/DebugInfo/LogicalView/Core/LVScope.cpp, 8038, 2930, 5108
3975, /home/yrong/devel/llvm/benchmark/llvm-project/llvm/lib/DebugInfo/LogicalView/Core/LVSort.cpp, 7306, 2357, 4949
3976, /home/yrong/devel/llvm/benchmark/llvm-project/llvm/lib/DebugInfo/LogicalView/Core/LVSupport.cpp, 4252, 562, 3690
3977, /home/yrong/devel/llvm/benchmark/llvm-project/llvm/lib/DebugInfo/LogicalView/Core/LVSymbol.cpp, 7327, 2370, 4957
3978, /home/yrong/devel/llvm/benchmark/llvm-project/llvm/lib/DebugInfo/LogicalView/Core/LVType.cpp, 7370, 2419, 4951
3979, /home/yrong/devel/llvm/benchmark/llvm-project/llvm/lib/DebugInfo/LogicalView/LVReaderHandler.cpp, 11366, 5068, 6298
3980, /home/yrong/devel/llvm/benchmark/llvm-project/llvm/lib/DebugInfo/LogicalView/Readers/LVBinaryReader.cpp, 9189, 3710, 5479
3981, /home/yrong/devel/llvm/benchmark/llvm-project/llvm/lib/DebugInfo/LogicalView/Readers/LVCodeViewReader.cpp, 10955, 4568, 6387
3982, /home/yrong/devel/llvm/benchmark/llvm-project/llvm/lib/DebugInfo/LogicalView/Readers/LVCodeViewVisitor.cpp, 11329, 4961, 6368
3983, /home/yrong/devel/llvm/benchmark/llvm-project/llvm/lib/DebugInfo/LogicalView/Readers/LVELFReader.cpp, 9509, 4009, 5500
3984, /home/yrong/devel/llvm/benchmark/llvm-project/llvm/lib/DebugInfo/MSF/MSFBuilder.cpp, 3767, 767, 3000
3985, /home/yrong/devel/llvm/benchmark/llvm-project/llvm/lib/DebugInfo/MSF/MSFCommon.cpp, 2987, 407, 2580
3986, /home/yrong/devel/llvm/benchmark/llvm-project/llvm/lib/DebugInfo/MSF/MSFError.cpp, 2803, 319, 2484
3987, /home/yrong/devel/llvm/benchmark/llvm-project/llvm/lib/DebugInfo/MSF/MappedBlockStream.cpp, 3537, 627, 2910
3988, /home/yrong/devel/llvm/benchmark/llvm-project/llvm/lib/DebugInfo/PDB/GenericError.cpp, 2802, 318, 2484
3989, /home/yrong/devel/llvm/benchmark/llvm-project/llvm/lib/DebugInfo/PDB/IPDBSourceFile.cpp, 3573, 597, 2976
3990, /home/yrong/devel/llvm/benchmark/llvm-project/llvm/lib/DebugInfo/PDB/Native/DbiModuleDescriptor.cpp, 3217, 521, 2696
3991, /home/yrong/devel/llvm/benchmark/llvm-project/llvm/lib/DebugInfo/PDB/Native/DbiModuleDescriptorBuilder.cpp, 3649, 681, 2968
3992, /home/yrong/devel/llvm/benchmark/llvm-project/llvm/lib/DebugInfo/PDB/Native/DbiModuleList.cpp, 3308, 571, 2737
3993, /home/yrong/devel/llvm/benchmark/llvm-project/llvm/lib/DebugInfo/PDB/Native/DbiStream.cpp, 4290, 1113, 3177
3994, /home/yrong/devel/llvm/benchmark/llvm-project/llvm/lib/DebugInfo/PDB/Native/DbiStreamBuilder.cpp, 4463, 1184, 3279
3995, /home/yrong/devel/llvm/benchmark/llvm-project/llvm/lib/DebugInfo/PDB/Native/EnumTables.cpp, 4208, 782, 3426
3996, /home/yrong/devel/llvm/benchmark/llvm-project/llvm/lib/DebugInfo/PDB/Native/FormatUtil.cpp, 3242, 563, 2679
3997, /home/yrong/devel/llvm/benchmark/llvm-project/llvm/lib/DebugInfo/PDB/Native/GSIStreamBuilder.cpp, 4245, 1067, 3178
3998, /home/yrong/devel/llvm/benchmark/llvm-project/llvm/lib/DebugInfo/PDB/Native/GlobalsStream.cpp, 3637, 678, 2959
3999, /home/yrong/devel/llvm/benchmark/llvm-project/llvm/lib/DebugInfo/PDB/Native/Hash.cpp, 2583, 157, 2426
4000, /home/yrong/devel/llvm/benchmark/llvm-project/llvm/lib/DebugInfo/PDB/Native/HashTable.cpp, 3349, 463, 2886
4001, /home/yrong/devel/llvm/benchmark/llvm-project/llvm/lib/DebugInfo/PDB/Native/InfoStream.cpp, 3633, 605, 3028
4002, /home/yrong/devel/llvm/benchmark/llvm-project/llvm/lib/DebugInfo/PDB/Native/InfoStreamBuilder.cpp, 3931, 634, 3297
4003, /home/yrong/devel/llvm/benchmark/llvm-project/llvm/lib/DebugInfo/PDB/Native/InjectedSourceStream.cpp, 3986, 696, 3290
4004, /home/yrong/devel/llvm/benchmark/llvm-project/llvm/lib/DebugInfo/PDB/Native/InputFile.cpp, 6070, 1744, 4326
4005, /home/yrong/devel/llvm/benchmark/llvm-project/llvm/lib/DebugInfo/PDB/Native/LinePrinter.cpp, 5431, 1644, 3787
4006, /home/yrong/devel/llvm/benchmark/llvm-project/llvm/lib/DebugInfo/PDB/Native/ModuleDebugStream.cpp, 3619, 657, 2962
4007, /home/yrong/devel/llvm/benchmark/llvm-project/llvm/lib/DebugInfo/PDB/Native/NamedStreamMap.cpp, 3513, 543, 2970
4008, /home/yrong/devel/llvm/benchmark/llvm-project/llvm/lib/DebugInfo/PDB/Native/NativeCompilandSymbol.cpp, 4366, 935, 3431
4009, /home/yrong/devel/llvm/benchmark/llvm-project/llvm/lib/DebugInfo/PDB/Native/NativeEnumGlobals.cpp, 4590, 1118, 3472
4010, /home/yrong/devel/llvm/benchmark/llvm-project/llvm/lib/DebugInfo/PDB/Native/NativeEnumInjectedSources.cpp, 4179, 832, 3347
4011, /home/yrong/devel/llvm/benchmark/llvm-project/llvm/lib/DebugInfo/PDB/Native/NativeEnumLineNumbers.cpp, 3368, 522, 2846
4012, /home/yrong/devel/llvm/benchmark/llvm-project/llvm/lib/DebugInfo/PDB/Native/NativeEnumModules.cpp, 4375, 954, 3421
4013, /home/yrong/devel/llvm/benchmark/llvm-project/llvm/lib/DebugInfo/PDB/Native/NativeEnumSymbols.cpp, 4354, 935, 3419
4014, /home/yrong/devel/llvm/benchmark/llvm-project/llvm/lib/DebugInfo/PDB/Native/NativeEnumTypes.cpp, 4366, 946, 3420
4015, /home/yrong/devel/llvm/benchmark/llvm-project/llvm/lib/DebugInfo/PDB/Native/NativeExeSymbol.cpp, 4947, 1145, 3802
4016, /home/yrong/devel/llvm/benchmark/llvm-project/llvm/lib/DebugInfo/PDB/Native/NativeFunctionSymbol.cpp, 4614, 1168, 3446
4017, /home/yrong/devel/llvm/benchmark/llvm-project/llvm/lib/DebugInfo/PDB/Native/NativeInlineSiteSymbol.cpp, 5048, 1280, 3768
4018, /home/yrong/devel/llvm/benchmark/llvm-project/llvm/lib/DebugInfo/PDB/Native/NativeLineNumber.cpp, 4351, 932, 3419
4019, /home/yrong/devel/llvm/benchmark/llvm-project/llvm/lib/DebugInfo/PDB/Native/NativePublicSymbol.cpp, 4392, 969, 3423
4020, /home/yrong/devel/llvm/benchmark/llvm-project/llvm/lib/DebugInfo/PDB/Native/NativeRawSymbol.cpp, 4478, 1050, 3428
4021, /home/yrong/devel/llvm/benchmark/llvm-project/llvm/lib/DebugInfo/PDB/Native/NativeSession.cpp, 5697, 1703, 3994
4022, /home/yrong/devel/llvm/benchmark/llvm-project/llvm/lib/DebugInfo/PDB/Native/NativeSourceFile.cpp, 4679, 1134, 3545
4023, /home/yrong/devel/llvm/benchmark/llvm-project/llvm/lib/DebugInfo/PDB/Native/NativeSymbolEnumerator.cpp, 4375, 952, 3423
4024, /home/yrong/devel/llvm/benchmark/llvm-project/llvm/lib/DebugInfo/PDB/Native/NativeTypeArray.cpp, 4358, 932, 3426
4025, /home/yrong/devel/llvm/benchmark/llvm-project/llvm/lib/DebugInfo/PDB/Native/NativeTypeBuiltin.cpp, 3562, 587, 2975
4026, /home/yrong/devel/llvm/benchmark/llvm-project/llvm/lib/DebugInfo/PDB/Native/NativeTypeEnum.cpp, 5054, 1278, 3776
4027, /home/yrong/devel/llvm/benchmark/llvm-project/llvm/lib/DebugInfo/PDB/Native/NativeTypeFunctionSig.cpp, 4953, 1202, 3751
4028, /home/yrong/devel/llvm/benchmark/llvm-project/llvm/lib/DebugInfo/PDB/Native/NativeTypePointer.cpp, 4370, 948, 3422
4029, /home/yrong/devel/llvm/benchmark/llvm-project/llvm/lib/DebugInfo/PDB/Native/NativeTypeTypedef.cpp, 4392, 969, 3423
4030, /home/yrong/devel/llvm/benchmark/llvm-project/llvm/lib/DebugInfo/PDB/Native/NativeTypeUDT.cpp, 4387, 969, 3418
4031, /home/yrong/devel/llvm/benchmark/llvm-project/llvm/lib/DebugInfo/PDB/Native/NativeTypeVTShape.cpp, 4350, 932, 3418
4032, /home/yrong/devel/llvm/benchmark/llvm-project/llvm/lib/DebugInfo/PDB/Native/PDBFile.cpp, 4343, 936, 3407
4033, /home/yrong/devel/llvm/benchmark/llvm-project/llvm/lib/DebugInfo/PDB/Native/PDBFileBuilder.cpp, 4735, 1182, 3553
4034, /home/yrong/devel/llvm/benchmark/llvm-project/llvm/lib/DebugInfo/PDB/Native/PDBStringTable.cpp, 3524, 594, 2930
4035, /home/yrong/devel/llvm/benchmark/llvm-project/llvm/lib/DebugInfo/PDB/Native/PDBStringTableBuilder.cpp, 3835, 698, 3137
4036, /home/yrong/devel/llvm/benchmark/llvm-project/llvm/lib/DebugInfo/PDB/Native/PublicsStream.cpp, 3603, 651, 2952
4037, /home/yrong/devel/llvm/benchmark/llvm-project/llvm/lib/DebugInfo/PDB/Native/RawError.cpp, 2802, 318, 2484
4038, /home/yrong/devel/llvm/benchmark/llvm-project/llvm/lib/DebugInfo/PDB/Native/SymbolCache.cpp, 5935, 1942, 3993
4039, /home/yrong/devel/llvm/benchmark/llvm-project/llvm/lib/DebugInfo/PDB/Native/SymbolStream.cpp, 3418, 543, 2875
4040, /home/yrong/devel/llvm/benchmark/llvm-project/llvm/lib/DebugInfo/PDB/Native/TpiHashing.cpp, 3528, 769, 2759
4041, /home/yrong/devel/llvm/benchmark/llvm-project/llvm/lib/DebugInfo/PDB/Native/TpiStream.cpp, 4194, 906, 3288
4042, /home/yrong/devel/llvm/benchmark/llvm-project/llvm/lib/DebugInfo/PDB/Native/TpiStreamBuilder.cpp, 3838, 757, 3081
4043, /home/yrong/devel/llvm/benchmark/llvm-project/llvm/lib/DebugInfo/PDB/PDB.cpp, 4389, 956, 3433
4044, /home/yrong/devel/llvm/benchmark/llvm-project/llvm/lib/DebugInfo/PDB/PDBContext.cpp, 4100, 997, 3103
4045, /home/yrong/devel/llvm/benchmark/llvm-project/llvm/lib/DebugInfo/PDB/PDBExtras.cpp, 3569, 595, 2974
4046, /home/yrong/devel/llvm/benchmark/llvm-project/llvm/lib/DebugInfo/PDB/PDBInterfaceAnchors.cpp, 3614, 621, 2993
4047, /home/yrong/devel/llvm/benchmark/llvm-project/llvm/lib/DebugInfo/PDB/PDBSymDumper.cpp, 3562, 587, 2975
4048, /home/yrong/devel/llvm/benchmark/llvm-project/llvm/lib/DebugInfo/PDB/PDBSymbol.cpp, 3732, 726, 3006
4049, /home/yrong/devel/llvm/benchmark/llvm-project/llvm/lib/DebugInfo/PDB/PDBSymbolAnnotation.cpp, 3614, 621, 2993
4050, /home/yrong/devel/llvm/benchmark/llvm-project/llvm/lib/DebugInfo/PDB/PDBSymbolBlock.cpp, 3619, 624, 2995
4051, /home/yrong/devel/llvm/benchmark/llvm-project/llvm/lib/DebugInfo/PDB/PDBSymbolCompiland.cpp, 3756, 757, 2999
4052, /home/yrong/devel/llvm/benchmark/llvm-project/llvm/lib/DebugInfo/PDB/PDBSymbolCompilandDetails.cpp, 3619, 624, 2995
4053, /home/yrong/devel/llvm/benchmark/llvm-project/llvm/lib/DebugInfo/PDB/PDBSymbolCompilandEnv.cpp, 3619, 624, 2995
4054, /home/yrong/devel/llvm/benchmark/llvm-project/llvm/lib/DebugInfo/PDB/PDBSymbolCustom.cpp, 3614, 621, 2993
4055, /home/yrong/devel/llvm/benchmark/llvm-project/llvm/lib/DebugInfo/PDB/PDBSymbolData.cpp, 3678, 682, 2996
4056, /home/yrong/devel/llvm/benchmark/llvm-project/llvm/lib/DebugInfo/PDB/PDBSymbolExe.cpp, 3670, 673, 2997
4057, /home/yrong/devel/llvm/benchmark/llvm-project/llvm/lib/DebugInfo/PDB/PDBSymbolFunc.cpp, 3843, 812, 3031
4058, /home/yrong/devel/llvm/benchmark/llvm-project/llvm/lib/DebugInfo/PDB/PDBSymbolFuncDebugEnd.cpp, 3619, 624, 2995
4059, /home/yrong/devel/llvm/benchmark/llvm-project/llvm/lib/DebugInfo/PDB/PDBSymbolFuncDebugStart.cpp, 3619, 624, 2995
4060, /home/yrong/devel/llvm/benchmark/llvm-project/llvm/lib/DebugInfo/PDB/PDBSymbolLabel.cpp, 3619, 624, 2995
4061, /home/yrong/devel/llvm/benchmark/llvm-project/llvm/lib/DebugInfo/PDB/PDBSymbolPublicSymbol.cpp, 3619, 624, 2995
4062, /home/yrong/devel/llvm/benchmark/llvm-project/llvm/lib/DebugInfo/PDB/PDBSymbolThunk.cpp, 3619, 624, 2995
4063, /home/yrong/devel/llvm/benchmark/llvm-project/llvm/lib/DebugInfo/PDB/PDBSymbolTypeArray.cpp, 3619, 624, 2995
4064, /home/yrong/devel/llvm/benchmark/llvm-project/llvm/lib/DebugInfo/PDB/PDBSymbolTypeBaseClass.cpp, 3619, 624, 2995
4065, /home/yrong/devel/llvm/benchmark/llvm-project/llvm/lib/DebugInfo/PDB/PDBSymbolTypeBuiltin.cpp, 3619, 624, 2995
4066, /home/yrong/devel/llvm/benchmark/llvm-project/llvm/lib/DebugInfo/PDB/PDBSymbolTypeCustom.cpp, 3614, 621, 2993
4067, /home/yrong/devel/llvm/benchmark/llvm-project/llvm/lib/DebugInfo/PDB/PDBSymbolTypeDimension.cpp, 3614, 621, 2993
4068, /home/yrong/devel/llvm/benchmark/llvm-project/llvm/lib/DebugInfo/PDB/PDBSymbolTypeEnum.cpp, 3652, 655, 2997
4069, /home/yrong/devel/llvm/benchmark/llvm-project/llvm/lib/DebugInfo/PDB/PDBSymbolTypeFriend.cpp, 3619, 624, 2995
4070, /home/yrong/devel/llvm/benchmark/llvm-project/llvm/lib/DebugInfo/PDB/PDBSymbolTypeFunctionArg.cpp, 3619, 624, 2995
4071, /home/yrong/devel/llvm/benchmark/llvm-project/llvm/lib/DebugInfo/PDB/PDBSymbolTypeFunctionSig.cpp, 3695, 697, 2998
4072, /home/yrong/devel/llvm/benchmark/llvm-project/llvm/lib/DebugInfo/PDB/PDBSymbolTypeManaged.cpp, 3614, 621, 2993
4073, /home/yrong/devel/llvm/benchmark/llvm-project/llvm/lib/DebugInfo/PDB/PDBSymbolTypePointer.cpp, 3619, 624, 2995
4074, /home/yrong/devel/llvm/benchmark/llvm-project/llvm/lib/DebugInfo/PDB/PDBSymbolTypeTypedef.cpp, 3619, 624, 2995
4075, /home/yrong/devel/llvm/benchmark/llvm-project/llvm/lib/DebugInfo/PDB/PDBSymbolTypeUDT.cpp, 3633, 638, 2995
4076, /home/yrong/devel/llvm/benchmark/llvm-project/llvm/lib/DebugInfo/PDB/PDBSymbolTypeVTable.cpp, 3619, 624, 2995
4077, /home/yrong/devel/llvm/benchmark/llvm-project/llvm/lib/DebugInfo/PDB/PDBSymbolTypeVTableShape.cpp, 3619, 624, 2995
4078, /home/yrong/devel/llvm/benchmark/llvm-project/llvm/lib/DebugInfo/PDB/PDBSymbolUnknown.cpp, 3614, 621, 2993
4079, /home/yrong/devel/llvm/benchmark/llvm-project/llvm/lib/DebugInfo/PDB/PDBSymbolUsingNamespace.cpp, 3619, 624, 2995
4080, /home/yrong/devel/llvm/benchmark/llvm-project/llvm/lib/DebugInfo/PDB/UDTLayout.cpp, 4135, 1065, 3070
4081, /home/yrong/devel/llvm/benchmark/llvm-project/llvm/lib/DebugInfo/Symbolize/DIPrinter.cpp, 4259, 879, 3380
4082, /home/yrong/devel/llvm/benchmark/llvm-project/llvm/lib/DebugInfo/Symbolize/Markup.cpp, 2877, 295, 2582
4083, /home/yrong/devel/llvm/benchmark/llvm-project/llvm/lib/DebugInfo/Symbolize/MarkupFilter.cpp, 5000, 1172, 3828
4084, /home/yrong/devel/llvm/benchmark/llvm-project/llvm/lib/DebugInfo/Symbolize/SymbolizableObjectFile.cpp, 5790, 1938, 3852
4085, /home/yrong/devel/llvm/benchmark/llvm-project/llvm/lib/DebugInfo/Symbolize/Symbolize.cpp, 7232, 2719, 4513
4086, /home/yrong/devel/llvm/benchmark/llvm-project/llvm/lib/Debuginfod/BuildIDFetcher.cpp, 3476, 443, 3033
4087, /home/yrong/devel/llvm/benchmark/llvm-project/llvm/lib/Debuginfod/Debuginfod.cpp, 6846, 2293, 4553
4088, /home/yrong/devel/llvm/benchmark/llvm-project/llvm/lib/Debuginfod/HTTPClient.cpp, 2976, 393, 2583
4089, /home/yrong/devel/llvm/benchmark/llvm-project/llvm/lib/Debuginfod/HTTPServer.cpp, 3658, 618, 3040
4090, /home/yrong/devel/llvm/benchmark/llvm-project/llvm/lib/Demangle/DLangDemangle.cpp, 567, 79, 488
4091, /home/yrong/devel/llvm/benchmark/llvm-project/llvm/lib/Demangle/Demangle.cpp, 526, 54, 472
4092, /home/yrong/devel/llvm/benchmark/llvm-project/llvm/lib/Demangle/ItaniumDemangle.cpp, 2243, 202, 2041
4093, /home/yrong/devel/llvm/benchmark/llvm-project/llvm/lib/Demangle/MicrosoftDemangle.cpp, 808, 210, 598
4094, /home/yrong/devel/llvm/benchmark/llvm-project/llvm/lib/Demangle/MicrosoftDemangleNodes.cpp, 539, 55, 484
4095, /home/yrong/devel/llvm/benchmark/llvm-project/llvm/lib/Demangle/RustDemangle.cpp, 1000, 59, 941
4096, /home/yrong/devel/llvm/benchmark/llvm-project/llvm/lib/ExecutionEngine/ExecutionEngine.cpp, 7133, 2167, 4966
4097, /home/yrong/devel/llvm/benchmark/llvm-project/llvm/lib/ExecutionEngine/ExecutionEngineBindings.cpp, 5455, 1382, 4073
4098, /home/yrong/devel/llvm/benchmark/llvm-project/llvm/lib/ExecutionEngine/GDBRegistrationListener.cpp, 4094, 775, 3319
4099, /home/yrong/devel/llvm/benchmark/llvm-project/llvm/lib/ExecutionEngine/Interpreter/Execution.cpp, 7473, 2356, 5117
4100, /home/yrong/devel/llvm/benchmark/llvm-project/llvm/lib/ExecutionEngine/Interpreter/ExternalFunctions.cpp, 7119, 2158, 4961
4101, /home/yrong/devel/llvm/benchmark/llvm-project/llvm/lib/ExecutionEngine/Interpreter/Interpreter.cpp, 6662, 1997, 4665
4102, /home/yrong/devel/llvm/benchmark/llvm-project/llvm/lib/ExecutionEngine/JITLink/COFF.cpp, 5504, 1559, 3945
4103, /home/yrong/devel/llvm/benchmark/llvm-project/llvm/lib/ExecutionEngine/JITLink/COFFDirectiveParser.cpp, 5707, 1502, 4205
4104, /home/yrong/devel/llvm/benchmark/llvm-project/llvm/lib/ExecutionEngine/JITLink/COFFLinkGraphBuilder.cpp, 6312, 1929, 4383
4105, /home/yrong/devel/llvm/benchmark/llvm-project/llvm/lib/ExecutionEngine/JITLink/COFF_x86_64.cpp, 6418, 2012, 4406
4106, /home/yrong/devel/llvm/benchmark/llvm-project/llvm/lib/ExecutionEngine/JITLink/DWARFRecordSectionSplitter.cpp, 5326, 1427, 3899
4107, /home/yrong/devel/llvm/benchmark/llvm-project/llvm/lib/ExecutionEngine/JITLink/EHFrameSupport.cpp, 5720, 1727, 3993
4108, /home/yrong/devel/llvm/benchmark/llvm-project/llvm/lib/ExecutionEngine/JITLink/ELF.cpp, 5687, 1676, 4011
4109, /home/yrong/devel/llvm/benchmark/llvm-project/llvm/lib/ExecutionEngine/JITLink/ELFLinkGraphBuilder.cpp, 5620, 1630, 3990
4110, /home/yrong/devel/llvm/benchmark/llvm-project/llvm/lib/ExecutionEngine/JITLink/ELF_aarch32.cpp, 8087, 3330, 4757
4111, /home/yrong/devel/llvm/benchmark/llvm-project/llvm/lib/ExecutionEngine/JITLink/ELF_aarch64.cpp, 7693, 2967, 4726
4112, /home/yrong/devel/llvm/benchmark/llvm-project/llvm/lib/ExecutionEngine/JITLink/ELF_i386.cpp, 7650, 2944, 4706
4113, /home/yrong/devel/llvm/benchmark/llvm-project/llvm/lib/ExecutionEngine/JITLink/ELF_loongarch.cpp, 8108, 3345, 4763
4114, /home/yrong/devel/llvm/benchmark/llvm-project/llvm/lib/ExecutionEngine/JITLink/ELF_ppc64.cpp, 8330, 3500, 4830
4115, /home/yrong/devel/llvm/benchmark/llvm-project/llvm/lib/ExecutionEngine/JITLink/ELF_riscv.cpp, 8371, 3559, 4812
4116, /home/yrong/devel/llvm/benchmark/llvm-project/llvm/lib/ExecutionEngine/JITLink/ELF_x86_64.cpp, 7690, 2963, 4727
4117, /home/yrong/devel/llvm/benchmark/llvm-project/llvm/lib/ExecutionEngine/JITLink/JITLink.cpp, 6035, 1929, 4106
4118, /home/yrong/devel/llvm/benchmark/llvm-project/llvm/lib/ExecutionEngine/JITLink/JITLinkGeneric.cpp, 5457, 1522, 3935
4119, /home/yrong/devel/llvm/benchmark/llvm-project/llvm/lib/ExecutionEngine/JITLink/JITLinkMemoryManager.cpp, 6004, 1724, 4280
4120, /home/yrong/devel/llvm/benchmark/llvm-project/llvm/lib/ExecutionEngine/JITLink/MachO.cpp, 5284, 1407, 3877
4121, /home/yrong/devel/llvm/benchmark/llvm-project/llvm/lib/ExecutionEngine/JITLink/MachOLinkGraphBuilder.cpp, 6397, 2106, 4291
4122, /home/yrong/devel/llvm/benchmark/llvm-project/llvm/lib/ExecutionEngine/JITLink/MachO_arm64.cpp, 6307, 2005, 4302
4123, /home/yrong/devel/llvm/benchmark/llvm-project/llvm/lib/ExecutionEngine/JITLink/MachO_x86_64.cpp, 6278, 1993, 4285
4124, /home/yrong/devel/llvm/benchmark/llvm-project/llvm/lib/ExecutionEngine/JITLink/aarch32.cpp, 6782, 2270, 4512
4125, /home/yrong/devel/llvm/benchmark/llvm-project/llvm/lib/ExecutionEngine/JITLink/aarch64.cpp, 5376, 1460, 3916
4126, /home/yrong/devel/llvm/benchmark/llvm-project/llvm/lib/ExecutionEngine/JITLink/i386.cpp, 5361, 1455, 3906
4127, /home/yrong/devel/llvm/benchmark/llvm-project/llvm/lib/ExecutionEngine/JITLink/loongarch.cpp, 5335, 1434, 3901
4128, /home/yrong/devel/llvm/benchmark/llvm-project/llvm/lib/ExecutionEngine/JITLink/ppc64.cpp, 5313, 1419, 3894
4129, /home/yrong/devel/llvm/benchmark/llvm-project/llvm/lib/ExecutionEngine/JITLink/riscv.cpp, 5249, 1380, 3869
4130, /home/yrong/devel/llvm/benchmark/llvm-project/llvm/lib/ExecutionEngine/JITLink/x86_64.cpp, 5367, 1458, 3909
4131, /home/yrong/devel/llvm/benchmark/llvm-project/llvm/lib/ExecutionEngine/MCJIT/MCJIT.cpp, 6813, 2109, 4704
4132, /home/yrong/devel/llvm/benchmark/llvm-project/llvm/lib/ExecutionEngine/Orc/COFFPlatform.cpp, 9086, 3725, 5361
4133, /home/yrong/devel/llvm/benchmark/llvm-project/llvm/lib/ExecutionEngine/Orc/COFFVCRuntimeSupport.cpp, 8071, 3094, 4977
4134, /home/yrong/devel/llvm/benchmark/llvm-project/llvm/lib/ExecutionEngine/Orc/CompileOnDemandLayer.cpp, 8786, 3493, 5293
4135, /home/yrong/devel/llvm/benchmark/llvm-project/llvm/lib/ExecutionEngine/Orc/CompileUtils.cpp, 7644, 2720, 4924
4136, /home/yrong/devel/llvm/benchmark/llvm-project/llvm/lib/ExecutionEngine/Orc/Core.cpp, 7729, 2915, 4814
4137, /home/yrong/devel/llvm/benchmark/llvm-project/llvm/lib/ExecutionEngine/Orc/DebugObjectManagerPlugin.cpp, 9970, 4444, 5526
4138, /home/yrong/devel/llvm/benchmark/llvm-project/llvm/lib/ExecutionEngine/Orc/DebugUtils.cpp, 6057, 1766, 4291
4139, /home/yrong/devel/llvm/benchmark/llvm-project/llvm/lib/ExecutionEngine/Orc/DebuggerSupportPlugin.cpp, 7536, 2584, 4952
4140, /home/yrong/devel/llvm/benchmark/llvm-project/llvm/lib/ExecutionEngine/Orc/ELFNixPlatform.cpp, 8931, 3618, 5313
4141, /home/yrong/devel/llvm/benchmark/llvm-project/llvm/lib/ExecutionEngine/Orc/EPCDebugObjectRegistrar.cpp, 5763, 1650, 4113
4142, /home/yrong/devel/llvm/benchmark/llvm-project/llvm/lib/ExecutionEngine/Orc/EPCDynamicLibrarySearchGenerator.cpp, 5700, 1605, 4095
4143, /home/yrong/devel/llvm/benchmark/llvm-project/llvm/lib/ExecutionEngine/Orc/EPCEHFrameRegistrar.cpp, 6372, 2012, 4360
4144, /home/yrong/devel/llvm/benchmark/llvm-project/llvm/lib/ExecutionEngine/Orc/EPCGenericDylibManager.cpp, 5777, 1674, 4103
4145, /home/yrong/devel/llvm/benchmark/llvm-project/llvm/lib/ExecutionEngine/Orc/EPCGenericJITLinkMemoryManager.cpp, 6652, 2244, 4408
4146, /home/yrong/devel/llvm/benchmark/llvm-project/llvm/lib/ExecutionEngine/Orc/EPCGenericRTDyldMemoryManager.cpp, 6263, 2086, 4177
4147, /home/yrong/devel/llvm/benchmark/llvm-project/llvm/lib/ExecutionEngine/Orc/EPCIndirectionUtils.cpp, 7547, 2850, 4697
4148, /home/yrong/devel/llvm/benchmark/llvm-project/llvm/lib/ExecutionEngine/Orc/ExecutionUtils.cpp, 9132, 3692, 5440
4149, /home/yrong/devel/llvm/benchmark/llvm-project/llvm/lib/ExecutionEngine/Orc/ExecutorProcessControl.cpp, 5940, 1816, 4124
4150, /home/yrong/devel/llvm/benchmark/llvm-project/llvm/lib/ExecutionEngine/Orc/IRCompileLayer.cpp, 6340, 1971, 4369
4151, /home/yrong/devel/llvm/benchmark/llvm-project/llvm/lib/ExecutionEngine/Orc/IRTransformLayer.cpp, 6342, 1961, 4381
4152, /home/yrong/devel/llvm/benchmark/llvm-project/llvm/lib/ExecutionEngine/Orc/IndirectionUtils.cpp, 12173, 5336, 6837
4153, /home/yrong/devel/llvm/benchmark/llvm-project/llvm/lib/ExecutionEngine/Orc/JITTargetMachineBuilder.cpp, 4945, 1217, 3728
4154, /home/yrong/devel/llvm/benchmark/llvm-project/llvm/lib/ExecutionEngine/Orc/LLJIT.cpp, 11551, 5393, 6158
4155, /home/yrong/devel/llvm/benchmark/llvm-project/llvm/lib/ExecutionEngine/Orc/Layer.cpp, 7914, 2930, 4984
4156, /home/yrong/devel/llvm/benchmark/llvm-project/llvm/lib/ExecutionEngine/Orc/LazyReexports.cpp, 7747, 2916, 4831
4157, /home/yrong/devel/llvm/benchmark/llvm-project/llvm/lib/ExecutionEngine/Orc/LookupAndRecordAddrs.cpp, 5680, 1585, 4095
4158, /home/yrong/devel/llvm/benchmark/llvm-project/llvm/lib/ExecutionEngine/Orc/MachOPlatform.cpp, 9182, 3803, 5379
4159, /home/yrong/devel/llvm/benchmark/llvm-project/llvm/lib/ExecutionEngine/Orc/Mangling.cpp, 6478, 2038, 4440
4160, /home/yrong/devel/llvm/benchmark/llvm-project/llvm/lib/ExecutionEngine/Orc/MapperJITLinkMemoryManager.cpp, 7009, 2267, 4742
4161, /home/yrong/devel/llvm/benchmark/llvm-project/llvm/lib/ExecutionEngine/Orc/MemoryMapper.cpp, 6307, 2084, 4223
4162, /home/yrong/devel/llvm/benchmark/llvm-project/llvm/lib/ExecutionEngine/Orc/ObjectFileInterface.cpp, 9183, 3653, 5530
4163, /home/yrong/devel/llvm/benchmark/llvm-project/llvm/lib/ExecutionEngine/Orc/ObjectLinkingLayer.cpp, 8122, 2941, 5181
4164, /home/yrong/devel/llvm/benchmark/llvm-project/llvm/lib/ExecutionEngine/Orc/ObjectTransformLayer.cpp, 6327, 1954, 4373
4165, /home/yrong/devel/llvm/benchmark/llvm-project/llvm/lib/ExecutionEngine/Orc/OrcABISupport.cpp, 3604, 569, 3035
4166, /home/yrong/devel/llvm/benchmark/llvm-project/llvm/lib/ExecutionEngine/Orc/OrcV2CBindings.cpp, 9861, 4192, 5669
4167, /home/yrong/devel/llvm/benchmark/llvm-project/llvm/lib/ExecutionEngine/Orc/RTDyldObjectLinkingLayer.cpp, 7280, 2509, 4771
4168, /home/yrong/devel/llvm/benchmark/llvm-project/llvm/lib/ExecutionEngine/Orc/Shared/AllocationActions.cpp, 3138, 502, 2636
4169, /home/yrong/devel/llvm/benchmark/llvm-project/llvm/lib/ExecutionEngine/Orc/Shared/ObjectFormats.cpp, 1206, 104, 1102
4170, /home/yrong/devel/llvm/benchmark/llvm-project/llvm/lib/ExecutionEngine/Orc/Shared/OrcError.cpp, 2801, 317, 2484
4171, /home/yrong/devel/llvm/benchmark/llvm-project/llvm/lib/ExecutionEngine/Orc/Shared/OrcRTBridge.cpp, 3726, 671, 3055
4172, /home/yrong/devel/llvm/benchmark/llvm-project/llvm/lib/ExecutionEngine/Orc/Shared/SimpleRemoteEPCUtils.cpp, 3327, 601, 2726
4173, /home/yrong/devel/llvm/benchmark/llvm-project/llvm/lib/ExecutionEngine/Orc/SimpleRemoteEPC.cpp, 6292, 2088, 4204
4174, /home/yrong/devel/llvm/benchmark/llvm-project/llvm/lib/ExecutionEngine/Orc/SpeculateAnalyses.cpp, 11799, 4839, 6960
4175, /home/yrong/devel/llvm/benchmark/llvm-project/llvm/lib/ExecutionEngine/Orc/Speculation.cpp, 8207, 2878, 5329
4176, /home/yrong/devel/llvm/benchmark/llvm-project/llvm/lib/ExecutionEngine/Orc/TargetProcess/ExecutorSharedMemoryMapperService.cpp, 5026, 912, 4114
4177, /home/yrong/devel/llvm/benchmark/llvm-project/llvm/lib/ExecutionEngine/Orc/TargetProcess/JITLoaderGDB.cpp, 3721, 619, 3102
4178, /home/yrong/devel/llvm/benchmark/llvm-project/llvm/lib/ExecutionEngine/Orc/TargetProcess/OrcRTBootstrap.cpp, 3943, 859, 3084
4179, /home/yrong/devel/llvm/benchmark/llvm-project/llvm/lib/ExecutionEngine/Orc/TargetProcess/RegisterEHFrames.cpp, 3644, 591, 3053
4180, /home/yrong/devel/llvm/benchmark/llvm-project/llvm/lib/ExecutionEngine/Orc/TargetProcess/SimpleExecutorDylibManager.cpp, 4056, 778, 3278
4181, /home/yrong/devel/llvm/benchmark/llvm-project/llvm/lib/ExecutionEngine/Orc/TargetProcess/SimpleExecutorMemoryManager.cpp, 4175, 897, 3278
4182, /home/yrong/devel/llvm/benchmark/llvm-project/llvm/lib/ExecutionEngine/Orc/TargetProcess/SimpleRemoteEPCServer.cpp, 4859, 1099, 3760
4183, /home/yrong/devel/llvm/benchmark/llvm-project/llvm/lib/ExecutionEngine/Orc/TargetProcess/TargetExecutionUtils.cpp, 2613, 217, 2396
4184, /home/yrong/devel/llvm/benchmark/llvm-project/llvm/lib/ExecutionEngine/Orc/TaskDispatch.cpp, 2591, 254, 2337
4185, /home/yrong/devel/llvm/benchmark/llvm-project/llvm/lib/ExecutionEngine/Orc/ThreadSafeModule.cpp, 7049, 2365, 4684
4186, /home/yrong/devel/llvm/benchmark/llvm-project/llvm/lib/ExecutionEngine/RuntimeDyld/JITSymbol.cpp, 5672, 1798, 3874
4187, /home/yrong/devel/llvm/benchmark/llvm-project/llvm/lib/ExecutionEngine/RuntimeDyld/RTDyldMemoryManager.cpp, 3528, 598, 2930
4188, /home/yrong/devel/llvm/benchmark/llvm-project/llvm/lib/ExecutionEngine/RuntimeDyld/RuntimeDyld.cpp, 6589, 2096, 4493
4189, /home/yrong/devel/llvm/benchmark/llvm-project/llvm/lib/ExecutionEngine/RuntimeDyld/RuntimeDyldCOFF.cpp, 4772, 1069, 3703
4190, /home/yrong/devel/llvm/benchmark/llvm-project/llvm/lib/ExecutionEngine/RuntimeDyld/RuntimeDyldChecker.cpp, 5755, 1542, 4213
4191, /home/yrong/devel/llvm/benchmark/llvm-project/llvm/lib/ExecutionEngine/RuntimeDyld/RuntimeDyldELF.cpp, 8827, 4124, 4703
4192, /home/yrong/devel/llvm/benchmark/llvm-project/llvm/lib/ExecutionEngine/RuntimeDyld/RuntimeDyldMachO.cpp, 4915, 1147, 3768
4193, /home/yrong/devel/llvm/benchmark/llvm-project/llvm/lib/ExecutionEngine/RuntimeDyld/Targets/RuntimeDyldELFMips.cpp, 4324, 749, 3575
4194, /home/yrong/devel/llvm/benchmark/llvm-project/llvm/lib/ExecutionEngine/SectionMemoryManager.cpp, 4104, 799, 3305
4195, /home/yrong/devel/llvm/benchmark/llvm-project/llvm/lib/ExecutionEngine/TargetSelect.cpp, 5402, 1327, 4075
4196, /home/yrong/devel/llvm/benchmark/llvm-project/llvm/lib/Extensions/Extensions.cpp, 2805, 318, 2487
4197, /home/yrong/devel/llvm/benchmark/llvm-project/llvm/lib/FileCheck/FileCheck.cpp, 5117, 1730, 3387
4198, /home/yrong/devel/llvm/benchmark/llvm-project/llvm/lib/Frontend/HLSL/HLSLResource.cpp, 4864, 1227, 3637
4199, /home/yrong/devel/llvm/benchmark/llvm-project/llvm/lib/Frontend/OpenACC/ACC.cpp, 1279, 146, 1133
4200, /home/yrong/devel/llvm/benchmark/llvm-project/llvm/lib/Frontend/OpenMP/OMP.cpp, 1363, 230, 1133
4201, /home/yrong/devel/llvm/benchmark/llvm-project/llvm/lib/Frontend/OpenMP/OMPContext.cpp, 3149, 372, 2777
4202, /home/yrong/devel/llvm/benchmark/llvm-project/llvm/lib/Frontend/OpenMP/OMPIRBuilder.cpp, 14243, 7155, 7088
4203, /home/yrong/devel/llvm/benchmark/llvm-project/llvm/lib/FuzzMutate/FuzzerCLI.cpp, 3392, 423, 2969
4204, /home/yrong/devel/llvm/benchmark/llvm-project/llvm/lib/FuzzMutate/IRMutator.cpp, 9953, 3409, 6544
4205, /home/yrong/devel/llvm/benchmark/llvm-project/llvm/lib/FuzzMutate/OpDescriptor.cpp, 4329, 1025, 3304
4206, /home/yrong/devel/llvm/benchmark/llvm-project/llvm/lib/FuzzMutate/Operations.cpp, 5194, 1539, 3655
4207, /home/yrong/devel/llvm/benchmark/llvm-project/llvm/lib/FuzzMutate/RandomIRBuilder.cpp, 8385, 2292, 6093
4208, /home/yrong/devel/llvm/benchmark/llvm-project/llvm/lib/IR/AbstractCallSite.cpp, 3936, 667, 3269
4209, /home/yrong/devel/llvm/benchmark/llvm-project/llvm/lib/IR/AsmWriter.cpp, 7753, 2887, 4866
4210, /home/yrong/devel/llvm/benchmark/llvm-project/llvm/lib/IR/Assumptions.cpp, 3947, 667, 3280
4211, /home/yrong/devel/llvm/benchmark/llvm-project/llvm/lib/IR/Attributes.cpp, 6600, 2037, 4563
4212, /home/yrong/devel/llvm/benchmark/llvm-project/llvm/lib/IR/AutoUpgrade.cpp, 7383, 2583, 4800
4213, /home/yrong/devel/llvm/benchmark/llvm-project/llvm/lib/IR/BasicBlock.cpp, 5481, 1499, 3982
4214, /home/yrong/devel/llvm/benchmark/llvm-project/llvm/lib/IR/BuiltinGCs.cpp, 2769, 306, 2463
4215, /home/yrong/devel/llvm/benchmark/llvm-project/llvm/lib/IR/Comdat.cpp, 3780, 603, 3177
4216, /home/yrong/devel/llvm/benchmark/llvm-project/llvm/lib/IR/ConstantFold.cpp, 5838, 1720, 4118
4217, /home/yrong/devel/llvm/benchmark/llvm-project/llvm/lib/IR/ConstantRange.cpp, 4196, 902, 3294
4218, /home/yrong/devel/llvm/benchmark/llvm-project/llvm/lib/IR/Constants.cpp, 7328, 2623, 4705
4219, /home/yrong/devel/llvm/benchmark/llvm-project/llvm/lib/IR/ConvergenceVerifier.cpp, 6572, 1491, 5081
4220, /home/yrong/devel/llvm/benchmark/llvm-project/llvm/lib/IR/Core.cpp, 7038, 2345, 4693
4221, /home/yrong/devel/llvm/benchmark/llvm-project/llvm/lib/IR/CycleInfo.cpp, 3999, 700, 3299
4222, /home/yrong/devel/llvm/benchmark/llvm-project/llvm/lib/IR/DIBuilder.cpp, 7294, 2374, 4920
4223, /home/yrong/devel/llvm/benchmark/llvm-project/llvm/lib/IR/DataLayout.cpp, 4419, 979, 3440
4224, /home/yrong/devel/llvm/benchmark/llvm-project/llvm/lib/IR/DebugInfo.cpp, 7256, 2290, 4966
4225, /home/yrong/devel/llvm/benchmark/llvm-project/llvm/lib/IR/DebugInfoMetadata.cpp, 7965, 2726, 5239
4226, /home/yrong/devel/llvm/benchmark/llvm-project/llvm/lib/IR/DebugLoc.cpp, 6195, 1689, 4506
4227, /home/yrong/devel/llvm/benchmark/llvm-project/llvm/lib/IR/DiagnosticHandler.cpp, 3236, 347, 2889
4228, /home/yrong/devel/llvm/benchmark/llvm-project/llvm/lib/IR/DiagnosticInfo.cpp, 6564, 1977, 4587
4229, /home/yrong/devel/llvm/benchmark/llvm-project/llvm/lib/IR/DiagnosticPrinter.cpp, 3847, 636, 3211
4230, /home/yrong/devel/llvm/benchmark/llvm-project/llvm/lib/IR/Dominators.cpp, 7227, 1771, 5456
4231, /home/yrong/devel/llvm/benchmark/llvm-project/llvm/lib/IR/EHPersonalities.cpp, 4652, 1010, 3642
4232, /home/yrong/devel/llvm/benchmark/llvm-project/llvm/lib/IR/FPEnv.cpp, 5449, 1528, 3921
4233, /home/yrong/devel/llvm/benchmark/llvm-project/llvm/lib/IR/Function.cpp, 9014, 4825, 4189
4234, /home/yrong/devel/llvm/benchmark/llvm-project/llvm/lib/IR/GCStrategy.cpp, 2580, 195, 2385
4235, /home/yrong/devel/llvm/benchmark/llvm-project/llvm/lib/IR/GVMaterializer.cpp, 575, 10, 565
4236, /home/yrong/devel/llvm/benchmark/llvm-project/llvm/lib/IR/Globals.cpp, 5938, 1804, 4134
4237, /home/yrong/devel/llvm/benchmark/llvm-project/llvm/lib/IR/IRBuilder.cpp, 6201, 2057, 4144
4238, /home/yrong/devel/llvm/benchmark/llvm-project/llvm/lib/IR/IRPrintingPasses.cpp, 4455, 894, 3561
4239, /home/yrong/devel/llvm/benchmark/llvm-project/llvm/lib/IR/InlineAsm.cpp, 5915, 1817, 4098
4240, /home/yrong/devel/llvm/benchmark/llvm-project/llvm/lib/IR/Instruction.cpp, 5940, 1565, 4375
4241, /home/yrong/devel/llvm/benchmark/llvm-project/llvm/lib/IR/Instructions.cpp, 6479, 2002, 4477
4242, /home/yrong/devel/llvm/benchmark/llvm-project/llvm/lib/IR/IntrinsicInst.cpp, 6008, 1962, 4046
4243, /home/yrong/devel/llvm/benchmark/llvm-project/llvm/lib/IR/LLVMContext.cpp, 6131, 1990, 4141
4244, /home/yrong/devel/llvm/benchmark/llvm-project/llvm/lib/IR/LLVMContextImpl.cpp, 7068, 2427, 4641
4245, /home/yrong/devel/llvm/benchmark/llvm-project/llvm/lib/IR/LLVMRemarkStreamer.cpp, 4657, 1057, 3600
4246, /home/yrong/devel/llvm/benchmark/llvm-project/llvm/lib/IR/LegacyPassManager.cpp, 5135, 1244, 3891
4247, /home/yrong/devel/llvm/benchmark/llvm-project/llvm/lib/IR/MDBuilder.cpp, 3716, 568, 3148
4248, /home/yrong/devel/llvm/benchmark/llvm-project/llvm/lib/IR/Mangler.cpp, 3953, 692, 3261
4249, /home/yrong/devel/llvm/benchmark/llvm-project/llvm/lib/IR/Metadata.cpp, 8149, 2731, 5418
4250, /home/yrong/devel/llvm/benchmark/llvm-project/llvm/lib/IR/Module.cpp, 7502, 2472, 5030
4251, /home/yrong/devel/llvm/benchmark/llvm-project/llvm/lib/IR/ModuleSummaryIndex.cpp, 6107, 1765, 4342
4252, /home/yrong/devel/llvm/benchmark/llvm-project/llvm/lib/IR/Operator.cpp, 4658, 996, 3662
4253, /home/yrong/devel/llvm/benchmark/llvm-project/llvm/lib/IR/OptBisect.cpp, 3674, 577, 3097
4254, /home/yrong/devel/llvm/benchmark/llvm-project/llvm/lib/IR/Pass.cpp, 4453, 892, 3561
4255, /home/yrong/devel/llvm/benchmark/llvm-project/llvm/lib/IR/PassInstrumentation.cpp, 4424, 858, 3566
4256, /home/yrong/devel/llvm/benchmark/llvm-project/llvm/lib/IR/PassManager.cpp, 5117, 1298, 3819
4257, /home/yrong/devel/llvm/benchmark/llvm-project/llvm/lib/IR/PassRegistry.cpp, 3431, 527, 2904
4258, /home/yrong/devel/llvm/benchmark/llvm-project/llvm/lib/IR/PassTimingInfo.cpp, 4188, 841, 3347
4259, /home/yrong/devel/llvm/benchmark/llvm-project/llvm/lib/IR/PrintPasses.cpp, 4264, 813, 3451
4260, /home/yrong/devel/llvm/benchmark/llvm-project/llvm/lib/IR/ProfDataUtils.cpp, 4641, 862, 3779
4261, /home/yrong/devel/llvm/benchmark/llvm-project/llvm/lib/IR/ProfileSummary.cpp, 3374, 471, 2903
4262, /home/yrong/devel/llvm/benchmark/llvm-project/llvm/lib/IR/PseudoProbe.cpp, 5858, 1827, 4031
4263, /home/yrong/devel/llvm/benchmark/llvm-project/llvm/lib/IR/ReplaceConstant.cpp, 4687, 903, 3784
4264, /home/yrong/devel/llvm/benchmark/llvm-project/llvm/lib/IR/SSAContext.cpp, 4213, 795, 3418
4265, /home/yrong/devel/llvm/benchmark/llvm-project/llvm/lib/IR/SafepointIRVerifier.cpp, 7598, 2047, 5551
4266, /home/yrong/devel/llvm/benchmark/llvm-project/llvm/lib/IR/Statepoint.cpp, 5348, 1435, 3913
4267, /home/yrong/devel/llvm/benchmark/llvm-project/llvm/lib/IR/StructuralHash.cpp, 3824, 626, 3198
4268, /home/yrong/devel/llvm/benchmark/llvm-project/llvm/lib/IR/Type.cpp, 6136, 1924, 4212
4269, /home/yrong/devel/llvm/benchmark/llvm-project/llvm/lib/IR/TypeFinder.cpp, 5601, 1602, 3999
4270, /home/yrong/devel/llvm/benchmark/llvm-project/llvm/lib/IR/TypedPointerType.cpp, 5824, 1752, 4072
4271, /home/yrong/devel/llvm/benchmark/llvm-project/llvm/lib/IR/Use.cpp, 2436, 196, 2240
4272, /home/yrong/devel/llvm/benchmark/llvm-project/llvm/lib/IR/User.cpp, 5345, 1428, 3917
4273, /home/yrong/devel/llvm/benchmark/llvm-project/llvm/lib/IR/Value.cpp, 6920, 2081, 4839
4274, /home/yrong/devel/llvm/benchmark/llvm-project/llvm/lib/IR/ValueSymbolTable.cpp, 3866, 661, 3205
4275, /home/yrong/devel/llvm/benchmark/llvm-project/llvm/lib/IR/VectorBuilder.cpp, 5840, 1809, 4031
4276, /home/yrong/devel/llvm/benchmark/llvm-project/llvm/lib/IR/Verifier.cpp, 10580, 4537, 6043
4277, /home/yrong/devel/llvm/benchmark/llvm-project/llvm/lib/IRPrinter/IRPrintingPasses.cpp, 6210, 1850, 4360
4278, /home/yrong/devel/llvm/benchmark/llvm-project/llvm/lib/IRReader/IRReader.cpp, 4175, 890, 3285
4279, /home/yrong/devel/llvm/benchmark/llvm-project/llvm/lib/InterfaceStub/ELFObjHandler.cpp, 6166, 2185, 3981
4280, /home/yrong/devel/llvm/benchmark/llvm-project/llvm/lib/InterfaceStub/IFSHandler.cpp, 4102, 930, 3172
4281, /home/yrong/devel/llvm/benchmark/llvm-project/llvm/lib/InterfaceStub/IFSStub.cpp, 1789, 226, 1563
4282, /home/yrong/devel/llvm/benchmark/llvm-project/llvm/lib/LTO/LTO.cpp, 13385, 6213, 7172
4283, /home/yrong/devel/llvm/benchmark/llvm-project/llvm/lib/LTO/LTOBackend.cpp, 13808, 6340, 7468
4284, /home/yrong/devel/llvm/benchmark/llvm-project/llvm/lib/LTO/LTOCodeGenerator.cpp, 12873, 5888, 6985
4285, /home/yrong/devel/llvm/benchmark/llvm-project/llvm/lib/LTO/LTOModule.cpp, 11806, 5108, 6698
4286, /home/yrong/devel/llvm/benchmark/llvm-project/llvm/lib/LTO/SummaryBasedOptimizations.cpp, 6348, 1958, 4390
4287, /home/yrong/devel/llvm/benchmark/llvm-project/llvm/lib/LTO/ThinLTOCodeGenerator.cpp, 14024, 6421, 7603
4288, /home/yrong/devel/llvm/benchmark/llvm-project/llvm/lib/LTO/UpdateCompilerUsed.cpp, 8354, 2645, 5709
4289, /home/yrong/devel/llvm/benchmark/llvm-project/llvm/lib/LineEditor/LineEditor.cpp, 2688, 261, 2427
4290, /home/yrong/devel/llvm/benchmark/llvm-project/llvm/lib/Linker/IRMover.cpp, 6743, 2280, 4463
4291, /home/yrong/devel/llvm/benchmark/llvm-project/llvm/lib/Linker/LinkModules.cpp, 4405, 992, 3413
4292, /home/yrong/devel/llvm/benchmark/llvm-project/llvm/lib/MC/ConstantPools.cpp, 4741, 1071, 3670
4293, /home/yrong/devel/llvm/benchmark/llvm-project/llvm/lib/MC/DXContainerPSVInfo.cpp, 2638, 231, 2407
4294, /home/yrong/devel/llvm/benchmark/llvm-project/llvm/lib/MC/ELFObjectWriter.cpp, 5229, 1379, 3850
4295, /home/yrong/devel/llvm/benchmark/llvm-project/llvm/lib/MC/MCAsmBackend.cpp, 3639, 633, 3006
4296, /home/yrong/devel/llvm/benchmark/llvm-project/llvm/lib/MC/MCAsmInfo.cpp, 4979, 1138, 3841
4297, /home/yrong/devel/llvm/benchmark/llvm-project/llvm/lib/MC/MCAsmInfoCOFF.cpp, 2559, 166, 2393
4298, /home/yrong/devel/llvm/benchmark/llvm-project/llvm/lib/MC/MCAsmInfoDarwin.cpp, 3085, 378, 2707
4299, /home/yrong/devel/llvm/benchmark/llvm-project/llvm/lib/MC/MCAsmInfoELF.cpp, 4472, 861, 3611
4300, /home/yrong/devel/llvm/benchmark/llvm-project/llvm/lib/MC/MCAsmInfoGOFF.cpp, 2561, 168, 2393
4301, /home/yrong/devel/llvm/benchmark/llvm-project/llvm/lib/MC/MCAsmInfoWasm.cpp, 2561, 168, 2393
4302, /home/yrong/devel/llvm/benchmark/llvm-project/llvm/lib/MC/MCAsmInfoXCOFF.cpp, 3339, 364, 2975
4303, /home/yrong/devel/llvm/benchmark/llvm-project/llvm/lib/MC/MCAsmMacro.cpp, 2545, 212, 2333
4304, /home/yrong/devel/llvm/benchmark/llvm-project/llvm/lib/MC/MCAsmStreamer.cpp, 5451, 1545, 3906
4305, /home/yrong/devel/llvm/benchmark/llvm-project/llvm/lib/MC/MCAssembler.cpp, 4932, 1146, 3786
4306, /home/yrong/devel/llvm/benchmark/llvm-project/llvm/lib/MC/MCCodeEmitter.cpp, 2446, 170, 2276
4307, /home/yrong/devel/llvm/benchmark/llvm-project/llvm/lib/MC/MCCodeView.cpp, 5254, 1405, 3849
4308, /home/yrong/devel/llvm/benchmark/llvm-project/llvm/lib/MC/MCContext.cpp, 5779, 1805, 3974
4309, /home/yrong/devel/llvm/benchmark/llvm-project/llvm/lib/MC/MCDXContainerStreamer.cpp, 4602, 1006, 3596
4310, /home/yrong/devel/llvm/benchmark/llvm-project/llvm/lib/MC/MCDXContainerWriter.cpp, 4681, 1012, 3669
4311, /home/yrong/devel/llvm/benchmark/llvm-project/llvm/lib/MC/MCDisassembler/Disassembler.cpp, 4921, 1278, 3643
4312, /home/yrong/devel/llvm/benchmark/llvm-project/llvm/lib/MC/MCDisassembler/MCDisassembler.cpp, 2630, 236, 2394
4313, /home/yrong/devel/llvm/benchmark/llvm-project/llvm/lib/MC/MCDisassembler/MCExternalSymbolizer.cpp, 4459, 866, 3593
4314, /home/yrong/devel/llvm/benchmark/llvm-project/llvm/lib/MC/MCDisassembler/MCRelocationInfo.cpp, 3078, 401, 2677
4315, /home/yrong/devel/llvm/benchmark/llvm-project/llvm/lib/MC/MCDisassembler/MCSymbolizer.cpp, 2518, 141, 2377
4316, /home/yrong/devel/llvm/benchmark/llvm-project/llvm/lib/MC/MCDwarf.cpp, 5132, 1297, 3835
4317, /home/yrong/devel/llvm/benchmark/llvm-project/llvm/lib/MC/MCELFObjectTargetWriter.cpp, 3191, 297, 2894
4318, /home/yrong/devel/llvm/benchmark/llvm-project/llvm/lib/MC/MCELFStreamer.cpp, 4993, 1261, 3732
4319, /home/yrong/devel/llvm/benchmark/llvm-project/llvm/lib/MC/MCExpr.cpp, 4763, 1044, 3719
4320, /home/yrong/devel/llvm/benchmark/llvm-project/llvm/lib/MC/MCFragment.cpp, 4791, 1038, 3753
4321, /home/yrong/devel/llvm/benchmark/llvm-project/llvm/lib/MC/MCInst.cpp, 2961, 280, 2681
4322, /home/yrong/devel/llvm/benchmark/llvm-project/llvm/lib/MC/MCInstPrinter.cpp, 3067, 337, 2730
4323, /home/yrong/devel/llvm/benchmark/llvm-project/llvm/lib/MC/MCInstrAnalysis.cpp, 2678, 205, 2473
4324, /home/yrong/devel/llvm/benchmark/llvm-project/llvm/lib/MC/MCInstrDesc.cpp, 2937, 277, 2660
4325, /home/yrong/devel/llvm/benchmark/llvm-project/llvm/lib/MC/MCInstrInfo.cpp, 2734, 226, 2508
4326, /home/yrong/devel/llvm/benchmark/llvm-project/llvm/lib/MC/MCLabel.cpp, 2446, 170, 2276
4327, /home/yrong/devel/llvm/benchmark/llvm-project/llvm/lib/MC/MCLinkerOptimizationHint.cpp, 3527, 521, 3006
4328, /home/yrong/devel/llvm/benchmark/llvm-project/llvm/lib/MC/MCMachOStreamer.cpp, 5011, 1267, 3744
4329, /home/yrong/devel/llvm/benchmark/llvm-project/llvm/lib/MC/MCMachObjectTargetWriter.cpp, 3476, 493, 2983
4330, /home/yrong/devel/llvm/benchmark/llvm-project/llvm/lib/MC/MCNullStreamer.cpp, 4088, 761, 3327
4331, /home/yrong/devel/llvm/benchmark/llvm-project/llvm/lib/MC/MCObjectFileInfo.cpp, 4770, 1077, 3693
4332, /home/yrong/devel/llvm/benchmark/llvm-project/llvm/lib/MC/MCObjectStreamer.cpp, 5050, 1286, 3764
4333, /home/yrong/devel/llvm/benchmark/llvm-project/llvm/lib/MC/MCObjectWriter.cpp, 3024, 260, 2764
4334, /home/yrong/devel/llvm/benchmark/llvm-project/llvm/lib/MC/MCParser/AsmLexer.cpp, 2946, 388, 2558
4335, /home/yrong/devel/llvm/benchmark/llvm-project/llvm/lib/MC/MCParser/AsmParser.cpp, 7208, 2213, 4995
4336, /home/yrong/devel/llvm/benchmark/llvm-project/llvm/lib/MC/MCParser/COFFAsmParser.cpp, 4795, 1152, 3643
4337, /home/yrong/devel/llvm/benchmark/llvm-project/llvm/lib/MC/MCParser/COFFMasmParser.cpp, 4798, 1111, 3687
4338, /home/yrong/devel/llvm/benchmark/llvm-project/llvm/lib/MC/MCParser/DarwinAsmParser.cpp, 5546, 1505, 4041
4339, /home/yrong/devel/llvm/benchmark/llvm-project/llvm/lib/MC/MCParser/ELFAsmParser.cpp, 4940, 1208, 3732
4340, /home/yrong/devel/llvm/benchmark/llvm-project/llvm/lib/MC/MCParser/GOFFAsmParser.cpp, 2561, 200, 2361
4341, /home/yrong/devel/llvm/benchmark/llvm-project/llvm/lib/MC/MCParser/MCAsmLexer.cpp, 2693, 229, 2464
4342, /home/yrong/devel/llvm/benchmark/llvm-project/llvm/lib/MC/MCParser/MCAsmParser.cpp, 3332, 360, 2972
4343, /home/yrong/devel/llvm/benchmark/llvm-project/llvm/lib/MC/MCParser/MCAsmParserExtension.cpp, 4644, 1006, 3638
4344, /home/yrong/devel/llvm/benchmark/llvm-project/llvm/lib/MC/MCParser/MCTargetAsmParser.cpp, 4470, 863, 3607
4345, /home/yrong/devel/llvm/benchmark/llvm-project/llvm/lib/MC/MCParser/MasmParser.cpp, 7849, 2763, 5086
4346, /home/yrong/devel/llvm/benchmark/llvm-project/llvm/lib/MC/MCParser/WasmAsmParser.cpp, 4962, 1231, 3731
4347, /home/yrong/devel/llvm/benchmark/llvm-project/llvm/lib/MC/MCParser/XCOFFAsmParser.cpp, 2571, 212, 2359
4348, /home/yrong/devel/llvm/benchmark/llvm-project/llvm/lib/MC/MCPseudoProbe.cpp, 5448, 1275, 4173
4349, /home/yrong/devel/llvm/benchmark/llvm-project/llvm/lib/MC/MCRegisterInfo.cpp, 2935, 281, 2654
4350, /home/yrong/devel/llvm/benchmark/llvm-project/llvm/lib/MC/MCSPIRVStreamer.cpp, 4603, 1006, 3597
4351, /home/yrong/devel/llvm/benchmark/llvm-project/llvm/lib/MC/MCSchedule.cpp, 2748, 242, 2506
4352, /home/yrong/devel/llvm/benchmark/llvm-project/llvm/lib/MC/MCSection.cpp, 4488, 870, 3618
4353, /home/yrong/devel/llvm/benchmark/llvm-project/llvm/lib/MC/MCSectionCOFF.cpp, 3061, 240, 2821
4354, /home/yrong/devel/llvm/benchmark/llvm-project/llvm/lib/MC/MCSectionDXContainer.cpp, 2816, 209, 2607
4355, /home/yrong/devel/llvm/benchmark/llvm-project/llvm/lib/MC/MCSectionELF.cpp, 3184, 308, 2876
4356, /home/yrong/devel/llvm/benchmark/llvm-project/llvm/lib/MC/MCSectionMachO.cpp, 3087, 376, 2711
4357, /home/yrong/devel/llvm/benchmark/llvm-project/llvm/lib/MC/MCSectionWasm.cpp, 3136, 315, 2821
4358, /home/yrong/devel/llvm/benchmark/llvm-project/llvm/lib/MC/MCSectionXCOFF.cpp, 3149, 319, 2830
4359, /home/yrong/devel/llvm/benchmark/llvm-project/llvm/lib/MC/MCStreamer.cpp, 5203, 1366, 3837
4360, /home/yrong/devel/llvm/benchmark/llvm-project/llvm/lib/MC/MCSubtargetInfo.cpp, 2749, 262, 2487
4361, /home/yrong/devel/llvm/benchmark/llvm-project/llvm/lib/MC/MCSymbol.cpp, 4465, 855, 3610
4362, /home/yrong/devel/llvm/benchmark/llvm-project/llvm/lib/MC/MCSymbolELF.cpp, 2912, 203, 2709
4363, /home/yrong/devel/llvm/benchmark/llvm-project/llvm/lib/MC/MCSymbolXCOFF.cpp, 3085, 264, 2821
4364, /home/yrong/devel/llvm/benchmark/llvm-project/llvm/lib/MC/MCTargetOptions.cpp, 2546, 158, 2388
4365, /home/yrong/devel/llvm/benchmark/llvm-project/llvm/lib/MC/MCTargetOptionsCommandFlags.cpp, 3285, 383, 2902
4366, /home/yrong/devel/llvm/benchmark/llvm-project/llvm/lib/MC/MCValue.cpp, 2658, 176, 2482
4367, /home/yrong/devel/llvm/benchmark/llvm-project/llvm/lib/MC/MCWasmObjectTargetWriter.cpp, 3023, 260, 2763
4368, /home/yrong/devel/llvm/benchmark/llvm-project/llvm/lib/MC/MCWasmStreamer.cpp, 4702, 1063, 3639
4369, /home/yrong/devel/llvm/benchmark/llvm-project/llvm/lib/MC/MCWin64EH.cpp, 4919, 1148, 3771
4370, /home/yrong/devel/llvm/benchmark/llvm-project/llvm/lib/MC/MCWinCOFFStreamer.cpp, 4851, 1146, 3705
4371, /home/yrong/devel/llvm/benchmark/llvm-project/llvm/lib/MC/MCWinEH.cpp, 2594, 147, 2447
4372, /home/yrong/devel/llvm/benchmark/llvm-project/llvm/lib/MC/MCXCOFFObjectTargetWriter.cpp, 3023, 260, 2763
4373, /home/yrong/devel/llvm/benchmark/llvm-project/llvm/lib/MC/MCXCOFFStreamer.cpp, 4694, 1065, 3629
4374, /home/yrong/devel/llvm/benchmark/llvm-project/llvm/lib/MC/MachObjectWriter.cpp, 4944, 1165, 3779
4375, /home/yrong/devel/llvm/benchmark/llvm-project/llvm/lib/MC/SPIRVObjectWriter.cpp, 3879, 722, 3157
4376, /home/yrong/devel/llvm/benchmark/llvm-project/llvm/lib/MC/StringTableBuilder.cpp, 2989, 264, 2725
4377, /home/yrong/devel/llvm/benchmark/llvm-project/llvm/lib/MC/TargetRegistry.cpp, 3150, 470, 2680
4378, /home/yrong/devel/llvm/benchmark/llvm-project/llvm/lib/MC/WasmObjectWriter.cpp, 5451, 1478, 3973
4379, /home/yrong/devel/llvm/benchmark/llvm-project/llvm/lib/MC/WinCOFFObjectWriter.cpp, 5016, 1230, 3786
4380, /home/yrong/devel/llvm/benchmark/llvm-project/llvm/lib/MC/XCOFFObjectWriter.cpp, 4806, 1007, 3799
4381, /home/yrong/devel/llvm/benchmark/llvm-project/llvm/lib/MCA/CodeEmitter.cpp, 2750, 229, 2521
4382, /home/yrong/devel/llvm/benchmark/llvm-project/llvm/lib/MCA/Context.cpp, 4731, 1239, 3492
4383, /home/yrong/devel/llvm/benchmark/llvm-project/llvm/lib/MCA/CustomBehaviour.cpp, 4147, 797, 3350
4384, /home/yrong/devel/llvm/benchmark/llvm-project/llvm/lib/MCA/HWEventListener.cpp, 2907, 389, 2518
4385, /home/yrong/devel/llvm/benchmark/llvm-project/llvm/lib/MCA/HardwareUnits/HardwareUnit.cpp, 0, 0, 0
4386, /home/yrong/devel/llvm/benchmark/llvm-project/llvm/lib/MCA/HardwareUnits/LSUnit.cpp, 2964, 302, 2662
4387, /home/yrong/devel/llvm/benchmark/llvm-project/llvm/lib/MCA/HardwareUnits/RegisterFile.cpp, 3219, 441, 2778
4388, /home/yrong/devel/llvm/benchmark/llvm-project/llvm/lib/MCA/HardwareUnits/ResourceManager.cpp, 3304, 518, 2786
4389, /home/yrong/devel/llvm/benchmark/llvm-project/llvm/lib/MCA/HardwareUnits/RetireControlUnit.cpp, 2633, 210, 2423
4390, /home/yrong/devel/llvm/benchmark/llvm-project/llvm/lib/MCA/HardwareUnits/Scheduler.cpp, 3345, 571, 2774
4391, /home/yrong/devel/llvm/benchmark/llvm-project/llvm/lib/MCA/IncrementalSourceMgr.cpp, 2954, 225, 2729
4392, /home/yrong/devel/llvm/benchmark/llvm-project/llvm/lib/MCA/InstrBuilder.cpp, 4571, 1039, 3532
4393, /home/yrong/devel/llvm/benchmark/llvm-project/llvm/lib/MCA/Instruction.cpp, 2699, 257, 2442
4394, /home/yrong/devel/llvm/benchmark/llvm-project/llvm/lib/MCA/Pipeline.cpp, 3178, 451, 2727
4395, /home/yrong/devel/llvm/benchmark/llvm-project/llvm/lib/MCA/Stages/DispatchStage.cpp, 3753, 688, 3065
4396, /home/yrong/devel/llvm/benchmark/llvm-project/llvm/lib/MCA/Stages/EntryStage.cpp, 3207, 472, 2735
4397, /home/yrong/devel/llvm/benchmark/llvm-project/llvm/lib/MCA/Stages/ExecuteStage.cpp, 3513, 564, 2949
4398, /home/yrong/devel/llvm/benchmark/llvm-project/llvm/lib/MCA/Stages/InOrderIssueStage.cpp, 4490, 984, 3506
4399, /home/yrong/devel/llvm/benchmark/llvm-project/llvm/lib/MCA/Stages/InstructionTables.cpp, 3507, 557, 2950
4400, /home/yrong/devel/llvm/benchmark/llvm-project/llvm/lib/MCA/Stages/MicroOpQueueStage.cpp, 3127, 411, 2716
4401, /home/yrong/devel/llvm/benchmark/llvm-project/llvm/lib/MCA/Stages/RetireStage.cpp, 3644, 597, 3047
4402, /home/yrong/devel/llvm/benchmark/llvm-project/llvm/lib/MCA/Stages/Stage.cpp, 3140, 426, 2714
4403, /home/yrong/devel/llvm/benchmark/llvm-project/llvm/lib/MCA/Support.cpp, 2883, 317, 2566
4404, /home/yrong/devel/llvm/benchmark/llvm-project/llvm/lib/MCA/View.cpp, 4078, 738, 3340
4405, /home/yrong/devel/llvm/benchmark/llvm-project/llvm/lib/ObjCopy/Archive.cpp, 4531, 1046, 3485
4406, /home/yrong/devel/llvm/benchmark/llvm-project/llvm/lib/ObjCopy/COFF/COFFObjcopy.cpp, 4117, 947, 3170
4407, /home/yrong/devel/llvm/benchmark/llvm-project/llvm/lib/ObjCopy/COFF/COFFObject.cpp, 3662, 706, 2956
4408, /home/yrong/devel/llvm/benchmark/llvm-project/llvm/lib/ObjCopy/COFF/COFFReader.cpp, 3633, 730, 2903
4409, /home/yrong/devel/llvm/benchmark/llvm-project/llvm/lib/ObjCopy/COFF/COFFWriter.cpp, 3623, 695, 2928
4410, /home/yrong/devel/llvm/benchmark/llvm-project/llvm/lib/ObjCopy/CommonConfig.cpp, 3522, 580, 2942
4411, /home/yrong/devel/llvm/benchmark/llvm-project/llvm/lib/ObjCopy/ConfigManager.cpp, 3531, 581, 2950
4412, /home/yrong/devel/llvm/benchmark/llvm-project/llvm/lib/ObjCopy/ELF/ELFObjcopy.cpp, 6569, 2288, 4281
4413, /home/yrong/devel/llvm/benchmark/llvm-project/llvm/lib/ObjCopy/ELF/ELFObject.cpp, 9863, 5336, 4527
4414, /home/yrong/devel/llvm/benchmark/llvm-project/llvm/lib/ObjCopy/MachO/MachOLayoutBuilder.cpp, 4327, 946, 3381
4415, /home/yrong/devel/llvm/benchmark/llvm-project/llvm/lib/ObjCopy/MachO/MachOObjcopy.cpp, 5708, 1729, 3979
4416, /home/yrong/devel/llvm/benchmark/llvm-project/llvm/lib/ObjCopy/MachO/MachOObject.cpp, 4577, 1106, 3471
4417, /home/yrong/devel/llvm/benchmark/llvm-project/llvm/lib/ObjCopy/MachO/MachOReader.cpp, 4852, 1331, 3521
4418, /home/yrong/devel/llvm/benchmark/llvm-project/llvm/lib/ObjCopy/MachO/MachOWriter.cpp, 4793, 1131, 3662
4419, /home/yrong/devel/llvm/benchmark/llvm-project/llvm/lib/ObjCopy/ObjCopy.cpp, 5546, 1604, 3942
4420, /home/yrong/devel/llvm/benchmark/llvm-project/llvm/lib/ObjCopy/XCOFF/XCOFFObjcopy.cpp, 3737, 738, 2999
4421, /home/yrong/devel/llvm/benchmark/llvm-project/llvm/lib/ObjCopy/XCOFF/XCOFFReader.cpp, 3232, 586, 2646
4422, /home/yrong/devel/llvm/benchmark/llvm-project/llvm/lib/ObjCopy/XCOFF/XCOFFWriter.cpp, 3192, 554, 2638
4423, /home/yrong/devel/llvm/benchmark/llvm-project/llvm/lib/ObjCopy/wasm/WasmObjcopy.cpp, 3982, 890, 3092
4424, /home/yrong/devel/llvm/benchmark/llvm-project/llvm/lib/ObjCopy/wasm/WasmObject.cpp, 3516, 610, 2906
4425, /home/yrong/devel/llvm/benchmark/llvm-project/llvm/lib/ObjCopy/wasm/WasmReader.cpp, 3513, 615, 2898
4426, /home/yrong/devel/llvm/benchmark/llvm-project/llvm/lib/ObjCopy/wasm/WasmWriter.cpp, 3509, 600, 2909
4427, /home/yrong/devel/llvm/benchmark/llvm-project/llvm/lib/Object/Archive.cpp, 4132, 1052, 3080
4428, /home/yrong/devel/llvm/benchmark/llvm-project/llvm/lib/Object/ArchiveWriter.cpp, 5145, 1311, 3834
4429, /home/yrong/devel/llvm/benchmark/llvm-project/llvm/lib/Object/Binary.cpp, 5194, 1343, 3851
4430, /home/yrong/devel/llvm/benchmark/llvm-project/llvm/lib/Object/BuildID.cpp, 5589, 1559, 4030
4431, /home/yrong/devel/llvm/benchmark/llvm-project/llvm/lib/Object/COFFImportFile.cpp, 4030, 900, 3130
4432, /home/yrong/devel/llvm/benchmark/llvm-project/llvm/lib/Object/COFFModuleDefinition.cpp, 3352, 679, 2673
4433, /home/yrong/devel/llvm/benchmark/llvm-project/llvm/lib/Object/COFFObjectFile.cpp, 3628, 841, 2787
4434, /home/yrong/devel/llvm/benchmark/llvm-project/llvm/lib/Object/DXContainer.cpp, 3326, 636, 2690
4435, /home/yrong/devel/llvm/benchmark/llvm-project/llvm/lib/Object/Decompressor.cpp, 3274, 564, 2710
4436, /home/yrong/devel/llvm/benchmark/llvm-project/llvm/lib/Object/ELF.cpp, 8521, 4958, 3563
4437, /home/yrong/devel/llvm/benchmark/llvm-project/llvm/lib/Object/ELFObjectFile.cpp, 9519, 5165, 4354
4438, /home/yrong/devel/llvm/benchmark/llvm-project/llvm/lib/Object/Error.cpp, 2848, 363, 2485
4439, /home/yrong/devel/llvm/benchmark/llvm-project/llvm/lib/Object/FaultMapParser.cpp, 2634, 195, 2439
4440, /home/yrong/devel/llvm/benchmark/llvm-project/llvm/lib/Object/GOFFObjectFile.cpp, 3504, 638, 2866
4441, /home/yrong/devel/llvm/benchmark/llvm-project/llvm/lib/Object/IRObjectFile.cpp, 4383, 1016, 3367
4442, /home/yrong/devel/llvm/benchmark/llvm-project/llvm/lib/Object/IRSymtab.cpp, 4711, 1154, 3557
4443, /home/yrong/devel/llvm/benchmark/llvm-project/llvm/lib/Object/MachOObjectFile.cpp, 6968, 3419, 3549
4444, /home/yrong/devel/llvm/benchmark/llvm-project/llvm/lib/Object/MachOUniversal.cpp, 4617, 1155, 3462
4445, /home/yrong/devel/llvm/benchmark/llvm-project/llvm/lib/Object/MachOUniversalWriter.cpp, 4633, 1152, 3481
4446, /home/yrong/devel/llvm/benchmark/llvm-project/llvm/lib/Object/Minidump.cpp, 3605, 633, 2972
4447, /home/yrong/devel/llvm/benchmark/llvm-project/llvm/lib/Object/ModuleSymbolTable.cpp, 5801, 1757, 4044
4448, /home/yrong/devel/llvm/benchmark/llvm-project/llvm/lib/Object/Object.cpp, 3382, 659, 2723
4449, /home/yrong/devel/llvm/benchmark/llvm-project/llvm/lib/Object/ObjectFile.cpp, 3924, 869, 3055
4450, /home/yrong/devel/llvm/benchmark/llvm-project/llvm/lib/Object/OffloadBinary.cpp, 6775, 2105, 4670
4451, /home/yrong/devel/llvm/benchmark/llvm-project/llvm/lib/Object/RecordStreamer.cpp, 5338, 1381, 3957
4452, /home/yrong/devel/llvm/benchmark/llvm-project/llvm/lib/Object/RelocationResolver.cpp, 5168, 1469, 3699
4453, /home/yrong/devel/llvm/benchmark/llvm-project/llvm/lib/Object/SymbolSize.cpp, 5314, 1510, 3804
4454, /home/yrong/devel/llvm/benchmark/llvm-project/llvm/lib/Object/SymbolicFile.cpp, 3791, 777, 3014
4455, /home/yrong/devel/llvm/benchmark/llvm-project/llvm/lib/Object/TapiFile.cpp, 3885, 739, 3146
4456, /home/yrong/devel/llvm/benchmark/llvm-project/llvm/lib/Object/TapiUniversal.cpp, 3921, 774, 3147
4457, /home/yrong/devel/llvm/benchmark/llvm-project/llvm/lib/Object/WasmObjectFile.cpp, 5698, 1848, 3850
4458, /home/yrong/devel/llvm/benchmark/llvm-project/llvm/lib/Object/WindowsMachineFlag.cpp, 1229, 119, 1110
4459, /home/yrong/devel/llvm/benchmark/llvm-project/llvm/lib/Object/WindowsResource.cpp, 5437, 1456, 3981
4460, /home/yrong/devel/llvm/benchmark/llvm-project/llvm/lib/Object/XCOFFObjectFile.cpp, 3657, 863, 2794
4461, /home/yrong/devel/llvm/benchmark/llvm-project/llvm/lib/ObjectYAML/ArchiveEmitter.cpp, 4045, 701, 3344
4462, /home/yrong/devel/llvm/benchmark/llvm-project/llvm/lib/ObjectYAML/ArchiveYAML.cpp, 3945, 631, 3314
4463, /home/yrong/devel/llvm/benchmark/llvm-project/llvm/lib/ObjectYAML/COFFEmitter.cpp, 6101, 2372, 3729
4464, /home/yrong/devel/llvm/benchmark/llvm-project/llvm/lib/ObjectYAML/COFFYAML.cpp, 4765, 1341, 3424
4465, /home/yrong/devel/llvm/benchmark/llvm-project/llvm/lib/ObjectYAML/CodeViewYAMLDebugSections.cpp, 4815, 1239, 3576
4466, /home/yrong/devel/llvm/benchmark/llvm-project/llvm/lib/ObjectYAML/CodeViewYAMLSymbols.cpp, 5813, 1917, 3896
4467, /home/yrong/devel/llvm/benchmark/llvm-project/llvm/lib/ObjectYAML/CodeViewYAMLTypeHashing.cpp, 4115, 869, 3246
4468, /home/yrong/devel/llvm/benchmark/llvm-project/llvm/lib/ObjectYAML/CodeViewYAMLTypes.cpp, 4851, 1471, 3380
4469, /home/yrong/devel/llvm/benchmark/llvm-project/llvm/lib/ObjectYAML/DWARFEmitter.cpp, 4611, 1126, 3485
4470, /home/yrong/devel/llvm/benchmark/llvm-project/llvm/lib/ObjectYAML/DWARFYAML.cpp, 5185, 1531, 3654
4471, /home/yrong/devel/llvm/benchmark/llvm-project/llvm/lib/ObjectYAML/DXContainerEmitter.cpp, 6046, 2294, 3752
4472, /home/yrong/devel/llvm/benchmark/llvm-project/llvm/lib/ObjectYAML/DXContainerYAML.cpp, 3850, 719, 3131
4473, /home/yrong/devel/llvm/benchmark/llvm-project/llvm/lib/ObjectYAML/ELFEmitter.cpp, 7865, 3291, 4574
4474, /home/yrong/devel/llvm/benchmark/llvm-project/llvm/lib/ObjectYAML/ELFYAML.cpp, 6344, 2371, 3973
4475, /home/yrong/devel/llvm/benchmark/llvm-project/llvm/lib/ObjectYAML/MachOEmitter.cpp, 6111, 2374, 3737
4476, /home/yrong/devel/llvm/benchmark/llvm-project/llvm/lib/ObjectYAML/MachOYAML.cpp, 4557, 1113, 3444
4477, /home/yrong/devel/llvm/benchmark/llvm-project/llvm/lib/ObjectYAML/MinidumpEmitter.cpp, 4283, 898, 3385
4478, /home/yrong/devel/llvm/benchmark/llvm-project/llvm/lib/ObjectYAML/MinidumpYAML.cpp, 4472, 1043, 3429
4479, /home/yrong/devel/llvm/benchmark/llvm-project/llvm/lib/ObjectYAML/ObjectYAML.cpp, 6026, 2353, 3673
4480, /home/yrong/devel/llvm/benchmark/llvm-project/llvm/lib/ObjectYAML/OffloadEmitter.cpp, 4149, 784, 3365
4481, /home/yrong/devel/llvm/benchmark/llvm-project/llvm/lib/ObjectYAML/OffloadYAML.cpp, 4238, 848, 3390
4482, /home/yrong/devel/llvm/benchmark/llvm-project/llvm/lib/ObjectYAML/WasmEmitter.cpp, 6354, 2408, 3946
4483, /home/yrong/devel/llvm/benchmark/llvm-project/llvm/lib/ObjectYAML/WasmYAML.cpp, 4057, 864, 3193
4484, /home/yrong/devel/llvm/benchmark/llvm-project/llvm/lib/ObjectYAML/XCOFFEmitter.cpp, 6285, 2528, 3757
4485, /home/yrong/devel/llvm/benchmark/llvm-project/llvm/lib/ObjectYAML/XCOFFYAML.cpp, 3905, 785, 3120
4486, /home/yrong/devel/llvm/benchmark/llvm-project/llvm/lib/ObjectYAML/YAML.cpp, 3557, 494, 3063
4487, /home/yrong/devel/llvm/benchmark/llvm-project/llvm/lib/ObjectYAML/yaml2obj.cpp, 6040, 2369, 3671
4488, /home/yrong/devel/llvm/benchmark/llvm-project/llvm/lib/Option/Arg.cpp, 3188, 312, 2876
4489, /home/yrong/devel/llvm/benchmark/llvm-project/llvm/lib/Option/ArgList.cpp, 3302, 398, 2904
4490, /home/yrong/devel/llvm/benchmark/llvm-project/llvm/lib/Option/OptTable.cpp, 3875, 540, 3335
4491, /home/yrong/devel/llvm/benchmark/llvm-project/llvm/lib/Option/Option.cpp, 3217, 332, 2885
4492, /home/yrong/devel/llvm/benchmark/llvm-project/llvm/lib/Passes/OptimizationLevel.cpp, 3, 0, 3
4493, /home/yrong/devel/llvm/benchmark/llvm-project/llvm/lib/Passes/PassBuilder.cpp, 25186, 13879, 11307
4494, /home/yrong/devel/llvm/benchmark/llvm-project/llvm/lib/Passes/PassBuilderBindings.cpp, 10766, 4141, 6625
4495, /home/yrong/devel/llvm/benchmark/llvm-project/llvm/lib/Passes/PassBuilderPipelines.cpp, 17255, 7846, 9409
4496, /home/yrong/devel/llvm/benchmark/llvm-project/llvm/lib/Passes/PassPlugin.cpp, 2863, 372, 2491
4497, /home/yrong/devel/llvm/benchmark/llvm-project/llvm/lib/Passes/StandardInstrumentations.cpp, 10281, 3749, 6532
4498, /home/yrong/devel/llvm/benchmark/llvm-project/llvm/lib/ProfileData/Coverage/CoverageMapping.cpp, 7628, 2169, 5459
4499, /home/yrong/devel/llvm/benchmark/llvm-project/llvm/lib/ProfileData/Coverage/CoverageMappingReader.cpp, 7956, 2934, 5022
4500, /home/yrong/devel/llvm/benchmark/llvm-project/llvm/lib/ProfileData/Coverage/CoverageMappingWriter.cpp, 5364, 971, 4393
4501, /home/yrong/devel/llvm/benchmark/llvm-project/llvm/lib/ProfileData/GCOV.cpp, 4520, 944, 3576
4502, /home/yrong/devel/llvm/benchmark/llvm-project/llvm/lib/ProfileData/InstrProf.cpp, 7801, 2077, 5724
4503, /home/yrong/devel/llvm/benchmark/llvm-project/llvm/lib/ProfileData/InstrProfCorrelator.cpp, 6946, 2016, 4930
4504, /home/yrong/devel/llvm/benchmark/llvm-project/llvm/lib/ProfileData/InstrProfReader.cpp, 8814, 2550, 6264
4505, /home/yrong/devel/llvm/benchmark/llvm-project/llvm/lib/ProfileData/InstrProfWriter.cpp, 7552, 1835, 5717
4506, /home/yrong/devel/llvm/benchmark/llvm-project/llvm/lib/ProfileData/ItaniumManglingCanonicalizer.cpp, 4442, 1429, 3013
4507, /home/yrong/devel/llvm/benchmark/llvm-project/llvm/lib/ProfileData/MemProf.cpp, 5590, 1045, 4545
4508, /home/yrong/devel/llvm/benchmark/llvm-project/llvm/lib/ProfileData/ProfileSummaryBuilder.cpp, 6965, 1526, 5439
4509, /home/yrong/devel/llvm/benchmark/llvm-project/llvm/lib/ProfileData/RawMemProfReader.cpp, 8465, 2857, 5608
4510, /home/yrong/devel/llvm/benchmark/llvm-project/llvm/lib/ProfileData/SampleProf.cpp, 6783, 2030, 4753
4511, /home/yrong/devel/llvm/benchmark/llvm-project/llvm/lib/ProfileData/SampleProfReader.cpp, 8722, 2534, 6188
4512, /home/yrong/devel/llvm/benchmark/llvm-project/llvm/lib/ProfileData/SampleProfWriter.cpp, 7878, 1898, 5980
4513, /home/yrong/devel/llvm/benchmark/llvm-project/llvm/lib/ProfileData/SymbolRemappingReader.cpp, 2979, 436, 2543
4514, /home/yrong/devel/llvm/benchmark/llvm-project/llvm/lib/Remarks/BitstreamRemarkParser.cpp, 3551, 767, 2784
4515, /home/yrong/devel/llvm/benchmark/llvm-project/llvm/lib/Remarks/BitstreamRemarkSerializer.cpp, 3582, 689, 2893
4516, /home/yrong/devel/llvm/benchmark/llvm-project/llvm/lib/Remarks/Remark.cpp, 2650, 235, 2415
4517, /home/yrong/devel/llvm/benchmark/llvm-project/llvm/lib/Remarks/RemarkFormat.cpp, 3051, 428, 2623
4518, /home/yrong/devel/llvm/benchmark/llvm-project/llvm/lib/Remarks/RemarkLinker.cpp, 3623, 716, 2907
4519, /home/yrong/devel/llvm/benchmark/llvm-project/llvm/lib/Remarks/RemarkParser.cpp, 3848, 807, 3041
4520, /home/yrong/devel/llvm/benchmark/llvm-project/llvm/lib/Remarks/RemarkSerializer.cpp, 4058, 822, 3236
4521, /home/yrong/devel/llvm/benchmark/llvm-project/llvm/lib/Remarks/RemarkStreamer.cpp, 3479, 513, 2966
4522, /home/yrong/devel/llvm/benchmark/llvm-project/llvm/lib/Remarks/RemarkStringTable.cpp, 3091, 458, 2633
4523, /home/yrong/devel/llvm/benchmark/llvm-project/llvm/lib/Remarks/YAMLRemarkParser.cpp, 3698, 738, 2960
4524, /home/yrong/devel/llvm/benchmark/llvm-project/llvm/lib/Remarks/YAMLRemarkSerializer.cpp, 4428, 916, 3512
4525, /home/yrong/devel/llvm/benchmark/llvm-project/llvm/lib/Support/ABIBreak.cpp, 0, 0, 0
4526, /home/yrong/devel/llvm/benchmark/llvm-project/llvm/lib/Support/AMDGPUMetadata.cpp, 3678, 588, 3090
4527, /home/yrong/devel/llvm/benchmark/llvm-project/llvm/lib/Support/APFixedPoint.cpp, 3177, 378, 2799
4528, /home/yrong/devel/llvm/benchmark/llvm-project/llvm/lib/Support/APFloat.cpp, 3718, 652, 3066
4529, /home/yrong/devel/llvm/benchmark/llvm-project/llvm/lib/Support/APInt.cpp, 3357, 391, 2966
4530, /home/yrong/devel/llvm/benchmark/llvm-project/llvm/lib/Support/APSInt.cpp, 2703, 247, 2456
4531, /home/yrong/devel/llvm/benchmark/llvm-project/llvm/lib/Support/ARMAttributeParser.cpp, 4322, 894, 3428
4532, /home/yrong/devel/llvm/benchmark/llvm-project/llvm/lib/Support/ARMBuildAttrs.cpp, 3351, 192, 3159
4533, /home/yrong/devel/llvm/benchmark/llvm-project/llvm/lib/Support/ARMWinEH.cpp, 2571, 134, 2437
4534, /home/yrong/devel/llvm/benchmark/llvm-project/llvm/lib/Support/Allocator.cpp, 2563, 216, 2347
4535, /home/yrong/devel/llvm/benchmark/llvm-project/llvm/lib/Support/Atomic.cpp, 0, 0, 0
4536, /home/yrong/devel/llvm/benchmark/llvm-project/llvm/lib/Support/AutoConvert.cpp, 0, 0, 0
4537, /home/yrong/devel/llvm/benchmark/llvm-project/llvm/lib/Support/BLAKE3/blake3.c, 0, 0, 0
4538, /home/yrong/devel/llvm/benchmark/llvm-project/llvm/lib/Support/BLAKE3/blake3_dispatch.c, 0, 0, 0
4539, /home/yrong/devel/llvm/benchmark/llvm-project/llvm/lib/Support/BLAKE3/blake3_neon.c, 0, 0, 0
4540, /home/yrong/devel/llvm/benchmark/llvm-project/llvm/lib/Support/BLAKE3/blake3_portable.c, 0, 0, 0
4541, /home/yrong/devel/llvm/benchmark/llvm-project/llvm/lib/Support/BalancedPartitioning.cpp, 4971, 750, 4221
4542, /home/yrong/devel/llvm/benchmark/llvm-project/llvm/lib/Support/Base64.cpp, 2853, 363, 2490
4543, /home/yrong/devel/llvm/benchmark/llvm-project/llvm/lib/Support/BinaryStreamError.cpp, 2803, 317, 2486
4544, /home/yrong/devel/llvm/benchmark/llvm-project/llvm/lib/Support/BinaryStreamReader.cpp, 3044, 429, 2615
4545, /home/yrong/devel/llvm/benchmark/llvm-project/llvm/lib/Support/BinaryStreamRef.cpp, 3094, 486, 2608
4546, /home/yrong/devel/llvm/benchmark/llvm-project/llvm/lib/Support/BinaryStreamWriter.cpp, 3192, 484, 2708
4547, /home/yrong/devel/llvm/benchmark/llvm-project/llvm/lib/Support/BlockFrequency.cpp, 1157, 75, 1082
4548, /home/yrong/devel/llvm/benchmark/llvm-project/llvm/lib/Support/BranchProbability.cpp, 2953, 229, 2724
4549, /home/yrong/devel/llvm/benchmark/llvm-project/llvm/lib/Support/BuryPointer.cpp, 477, 6, 471
4550, /home/yrong/devel/llvm/benchmark/llvm-project/llvm/lib/Support/COM.cpp, 0, 0, 0
4551, /home/yrong/devel/llvm/benchmark/llvm-project/llvm/lib/Support/CRC.cpp, 2507, 127, 2380
4552, /home/yrong/devel/llvm/benchmark/llvm-project/llvm/lib/Support/CSKYAttributeParser.cpp, 3105, 463, 2642
4553, /home/yrong/devel/llvm/benchmark/llvm-project/llvm/lib/Support/CSKYAttributes.cpp, 2544, 156, 2388
4554, /home/yrong/devel/llvm/benchmark/llvm-project/llvm/lib/Support/CachePruning.cpp, 3825, 676, 3149
4555, /home/yrong/devel/llvm/benchmark/llvm-project/llvm/lib/Support/Caching.cpp, 3652, 683, 2969
4556, /home/yrong/devel/llvm/benchmark/llvm-project/llvm/lib/Support/Chrono.cpp, 2741, 297, 2444
4557, /home/yrong/devel/llvm/benchmark/llvm-project/llvm/lib/Support/CodeGenCoverage.cpp, 4865, 993, 3872
4558, /home/yrong/devel/llvm/benchmark/llvm-project/llvm/lib/Support/CommandLine.cpp, 4985, 1312, 3673
4559, /home/yrong/devel/llvm/benchmark/llvm-project/llvm/lib/Support/Compression.cpp, 2829, 343, 2486
4560, /home/yrong/devel/llvm/benchmark/llvm-project/llvm/lib/Support/ConvertEBCDIC.cpp, 2424, 146, 2278
4561, /home/yrong/devel/llvm/benchmark/llvm-project/llvm/lib/Support/ConvertUTF.cpp, 524, 51, 473
4562, /home/yrong/devel/llvm/benchmark/llvm-project/llvm/lib/Support/ConvertUTFWrapper.cpp, 2625, 193, 2432
4563, /home/yrong/devel/llvm/benchmark/llvm-project/llvm/lib/Support/CrashRecoveryContext.cpp, 814, 171, 643
4564, /home/yrong/devel/llvm/benchmark/llvm-project/llvm/lib/Support/DAGDeltaAlgorithm.cpp, 3059, 392, 2667
4565, /home/yrong/devel/llvm/benchmark/llvm-project/llvm/lib/Support/DJB.cpp, 2586, 177, 2409
4566, /home/yrong/devel/llvm/benchmark/llvm-project/llvm/lib/Support/DataExtractor.cpp, 3064, 433, 2631
4567, /home/yrong/devel/llvm/benchmark/llvm-project/llvm/lib/Support/Debug.cpp, 3181, 307, 2874
4568, /home/yrong/devel/llvm/benchmark/llvm-project/llvm/lib/Support/DebugCounter.cpp, 3579, 444, 3135
4569, /home/yrong/devel/llvm/benchmark/llvm-project/llvm/lib/Support/DeltaAlgorithm.cpp, 1839, 189, 1650
4570, /home/yrong/devel/llvm/benchmark/llvm-project/llvm/lib/Support/DivisionByConstantInfo.cpp, 191, 52, 139
4571, /home/yrong/devel/llvm/benchmark/llvm-project/llvm/lib/Support/DynamicLibrary.cpp, 2826, 267, 2559
4572, /home/yrong/devel/llvm/benchmark/llvm-project/llvm/lib/Support/ELFAttributeParser.cpp, 4362, 927, 3435
4573, /home/yrong/devel/llvm/benchmark/llvm-project/llvm/lib/Support/ELFAttributes.cpp, 2557, 169, 2388
4574, /home/yrong/devel/llvm/benchmark/llvm-project/llvm/lib/Support/Errno.cpp, 521, 53, 468
4575, /home/yrong/devel/llvm/benchmark/llvm-project/llvm/lib/Support/Error.cpp, 3064, 455, 2609
4576, /home/yrong/devel/llvm/benchmark/llvm-project/llvm/lib/Support/ErrorHandling.cpp, 3528, 523, 3005
4577, /home/yrong/devel/llvm/benchmark/llvm-project/llvm/lib/Support/ExtensibleRTTI.cpp, 0, 0, 0
4578, /home/yrong/devel/llvm/benchmark/llvm-project/llvm/lib/Support/FileCollector.cpp, 3917, 782, 3135
4579, /home/yrong/devel/llvm/benchmark/llvm-project/llvm/lib/Support/FileOutputBuffer.cpp, 3444, 537, 2907
4580, /home/yrong/devel/llvm/benchmark/llvm-project/llvm/lib/Support/FileUtilities.cpp, 3914, 624, 3290
4581, /home/yrong/devel/llvm/benchmark/llvm-project/llvm/lib/Support/FloatingPointMode.cpp, 2853, 314, 2539
4582, /home/yrong/devel/llvm/benchmark/llvm-project/llvm/lib/Support/FoldingSet.cpp, 2624, 213, 2411
4583, /home/yrong/devel/llvm/benchmark/llvm-project/llvm/lib/Support/FormatVariadic.cpp, 2754, 296, 2458
4584, /home/yrong/devel/llvm/benchmark/llvm-project/llvm/lib/Support/FormattedStream.cpp, 2476, 183, 2293
4585, /home/yrong/devel/llvm/benchmark/llvm-project/llvm/lib/Support/GlobPattern.cpp, 2949, 393, 2556
4586, /home/yrong/devel/llvm/benchmark/llvm-project/llvm/lib/Support/GraphWriter.cpp, 3489, 572, 2917
4587, /home/yrong/devel/llvm/benchmark/llvm-project/llvm/lib/Support/Hashing.cpp, 1068, 67, 1001
4588, /home/yrong/devel/llvm/benchmark/llvm-project/llvm/lib/Support/InitLLVM.cpp, 2569, 207, 2362
4589, /home/yrong/devel/llvm/benchmark/llvm-project/llvm/lib/Support/InstructionCost.cpp, 2477, 183, 2294
4590, /home/yrong/devel/llvm/benchmark/llvm-project/llvm/lib/Support/IntEqClasses.cpp, 2341, 116, 2225
4591, /home/yrong/devel/llvm/benchmark/llvm-project/llvm/lib/Support/IntervalMap.cpp, 2933, 200, 2733
4592, /home/yrong/devel/llvm/benchmark/llvm-project/llvm/lib/Support/JSON.cpp, 4234, 821, 3413
4593, /home/yrong/devel/llvm/benchmark/llvm-project/llvm/lib/Support/KnownBits.cpp, 2715, 357, 2358
4594, /home/yrong/devel/llvm/benchmark/llvm-project/llvm/lib/Support/LEB128.cpp, 2452, 170, 2282
4595, /home/yrong/devel/llvm/benchmark/llvm-project/llvm/lib/Support/LineIterator.cpp, 2673, 195, 2478
4596, /home/yrong/devel/llvm/benchmark/llvm-project/llvm/lib/Support/Locale.cpp, 2437, 149, 2288
4597, /home/yrong/devel/llvm/benchmark/llvm-project/llvm/lib/Support/LockFileManager.cpp, 4658, 728, 3930
4598, /home/yrong/devel/llvm/benchmark/llvm-project/llvm/lib/Support/MD5.cpp, 2802, 234, 2568
4599, /home/yrong/devel/llvm/benchmark/llvm-project/llvm/lib/Support/MSP430AttributeParser.cpp, 2923, 394, 2529
4600, /home/yrong/devel/llvm/benchmark/llvm-project/llvm/lib/Support/MSP430Attributes.cpp, 2544, 156, 2388
4601, /home/yrong/devel/llvm/benchmark/llvm-project/llvm/lib/Support/ManagedStatic.cpp, 2747, 227, 2520
4602, /home/yrong/devel/llvm/benchmark/llvm-project/llvm/lib/Support/MathExtras.cpp, 429, 26, 403
4603, /home/yrong/devel/llvm/benchmark/llvm-project/llvm/lib/Support/MemAlloc.cpp, 0, 0, 0
4604, /home/yrong/devel/llvm/benchmark/llvm-project/llvm/lib/Support/Memory.cpp, 3447, 529, 2918
4605, /home/yrong/devel/llvm/benchmark/llvm-project/llvm/lib/Support/MemoryBuffer.cpp, 3550, 570, 2980
4606, /home/yrong/devel/llvm/benchmark/llvm-project/llvm/lib/Support/MemoryBufferRef.cpp, 2654, 179, 2475
4607, /home/yrong/devel/llvm/benchmark/llvm-project/llvm/lib/Support/NativeFormatting.cpp, 3087, 297, 2790
4608, /home/yrong/devel/llvm/benchmark/llvm-project/llvm/lib/Support/OptimizedStructLayout.cpp, 2593, 163, 2430
4609, /home/yrong/devel/llvm/benchmark/llvm-project/llvm/lib/Support/Optional.cpp, 2446, 170, 2276
4610, /home/yrong/devel/llvm/benchmark/llvm-project/llvm/lib/Support/PGOOptions.cpp, 3727, 705, 3022
4611, /home/yrong/devel/llvm/benchmark/llvm-project/llvm/lib/Support/Parallel.cpp, 3642, 602, 3040
4612, /home/yrong/devel/llvm/benchmark/llvm-project/llvm/lib/Support/Path.cpp, 3831, 754, 3077
4613, /home/yrong/devel/llvm/benchmark/llvm-project/llvm/lib/Support/PluginLoader.cpp, 2769, 266, 2503
4614, /home/yrong/devel/llvm/benchmark/llvm-project/llvm/lib/Support/PrettyStackTrace.cpp, 2487, 186, 2301
4615, /home/yrong/devel/llvm/benchmark/llvm-project/llvm/lib/Support/Process.cpp, 3678, 627, 3051
4616, /home/yrong/devel/llvm/benchmark/llvm-project/llvm/lib/Support/Program.cpp, 3980, 691, 3289
4617, /home/yrong/devel/llvm/benchmark/llvm-project/llvm/lib/Support/RISCVAttributeParser.cpp, 3104, 462, 2642
4618, /home/yrong/devel/llvm/benchmark/llvm-project/llvm/lib/Support/RISCVAttributes.cpp, 2544, 156, 2388
4619, /home/yrong/devel/llvm/benchmark/llvm-project/llvm/lib/Support/RISCVISAInfo.cpp, 3792, 684, 3108
4620, /home/yrong/devel/llvm/benchmark/llvm-project/llvm/lib/Support/RWMutex.cpp, 2841, 270, 2571
4621, /home/yrong/devel/llvm/benchmark/llvm-project/llvm/lib/Support/RandomNumberGenerator.cpp, 4287, 498, 3789
4622, /home/yrong/devel/llvm/benchmark/llvm-project/llvm/lib/Support/Regex.cpp, 2489, 173, 2316
4623, /home/yrong/devel/llvm/benchmark/llvm-project/llvm/lib/Support/SHA1.cpp, 2591, 160, 2431
4624, /home/yrong/devel/llvm/benchmark/llvm-project/llvm/lib/Support/SHA256.cpp, 2591, 160, 2431
4625, /home/yrong/devel/llvm/benchmark/llvm-project/llvm/lib/Support/ScaledNumber.cpp, 2905, 372, 2533
4626, /home/yrong/devel/llvm/benchmark/llvm-project/llvm/lib/Support/ScopedPrinter.cpp, 4203, 788, 3415
4627, /home/yrong/devel/llvm/benchmark/llvm-project/llvm/lib/Support/Signals.cpp, 4625, 836, 3789
4628, /home/yrong/devel/llvm/benchmark/llvm-project/llvm/lib/Support/Signposts.cpp, 1460, 121, 1339
4629, /home/yrong/devel/llvm/benchmark/llvm-project/llvm/lib/Support/SmallPtrSet.cpp, 1223, 112, 1111
4630, /home/yrong/devel/llvm/benchmark/llvm-project/llvm/lib/Support/SmallVector.cpp, 2465, 163, 2302
4631, /home/yrong/devel/llvm/benchmark/llvm-project/llvm/lib/Support/SourceMgr.cpp, 2960, 403, 2557
4632, /home/yrong/devel/llvm/benchmark/llvm-project/llvm/lib/Support/SpecialCaseList.cpp, 4017, 933, 3084
4633, /home/yrong/devel/llvm/benchmark/llvm-project/llvm/lib/Support/Statistic.cpp, 4218, 703, 3515
4634, /home/yrong/devel/llvm/benchmark/llvm-project/llvm/lib/Support/StringExtras.cpp, 2787, 266, 2521
4635, /home/yrong/devel/llvm/benchmark/llvm-project/llvm/lib/Support/StringMap.cpp, 2621, 164, 2457
4636, /home/yrong/devel/llvm/benchmark/llvm-project/llvm/lib/Support/StringRef.cpp, 3209, 453, 2756
4637, /home/yrong/devel/llvm/benchmark/llvm-project/llvm/lib/Support/StringSaver.cpp, 2810, 216, 2594
4638, /home/yrong/devel/llvm/benchmark/llvm-project/llvm/lib/Support/SuffixTree.cpp, 2959, 235, 2724
4639, /home/yrong/devel/llvm/benchmark/llvm-project/llvm/lib/Support/SuffixTreeNode.cpp, 1643, 92, 1551
4640, /home/yrong/devel/llvm/benchmark/llvm-project/llvm/lib/Support/SystemUtils.cpp, 2446, 170, 2276
4641, /home/yrong/devel/llvm/benchmark/llvm-project/llvm/lib/Support/TarWriter.cpp, 3522, 548, 2974
4642, /home/yrong/devel/llvm/benchmark/llvm-project/llvm/lib/Support/ThreadPool.cpp, 3777, 561, 3216
4643, /home/yrong/devel/llvm/benchmark/llvm-project/llvm/lib/Support/Threading.cpp, 3054, 418, 2636
4644, /home/yrong/devel/llvm/benchmark/llvm-project/llvm/lib/Support/TimeProfiler.cpp, 4717, 932, 3785
4645, /home/yrong/devel/llvm/benchmark/llvm-project/llvm/lib/Support/Timer.cpp, 4966, 1039, 3927
4646, /home/yrong/devel/llvm/benchmark/llvm-project/llvm/lib/Support/ToolOutputFile.cpp, 3373, 480, 2893
4647, /home/yrong/devel/llvm/benchmark/llvm-project/llvm/lib/Support/Twine.cpp, 2689, 235, 2454
4648, /home/yrong/devel/llvm/benchmark/llvm-project/llvm/lib/Support/TypeSize.cpp, 3192, 304, 2888
4649, /home/yrong/devel/llvm/benchmark/llvm-project/llvm/lib/Support/Unicode.cpp, 2593, 186, 2407
4650, /home/yrong/devel/llvm/benchmark/llvm-project/llvm/lib/Support/UnicodeCaseFold.cpp, 2435, 149, 2286
4651, /home/yrong/devel/llvm/benchmark/llvm-project/llvm/lib/Support/UnicodeNameToCodepoint.cpp, 2897, 348, 2549
4652, /home/yrong/devel/llvm/benchmark/llvm-project/llvm/lib/Support/UnicodeNameToCodepointGenerated.cpp, 0, 0, 0
4653, /home/yrong/devel/llvm/benchmark/llvm-project/llvm/lib/Support/Valgrind.cpp, 0, 0, 0
4654, /home/yrong/devel/llvm/benchmark/llvm-project/llvm/lib/Support/VersionTuple.cpp, 2560, 226, 2334
4655, /home/yrong/devel/llvm/benchmark/llvm-project/llvm/lib/Support/VirtualFileSystem.cpp, 5307, 1610, 3697
4656, /home/yrong/devel/llvm/benchmark/llvm-project/llvm/lib/Support/Watchdog.cpp, 2, 0, 2
4657, /home/yrong/devel/llvm/benchmark/llvm-project/llvm/lib/Support/WithColor.cpp, 3416, 457, 2959
4658, /home/yrong/devel/llvm/benchmark/llvm-project/llvm/lib/Support/YAMLParser.cpp, 3742, 672, 3070
4659, /home/yrong/devel/llvm/benchmark/llvm-project/llvm/lib/Support/YAMLTraits.cpp, 3896, 780, 3116
4660, /home/yrong/devel/llvm/benchmark/llvm-project/llvm/lib/Support/Z3Solver.cpp, 2909, 308, 2601
4661, /home/yrong/devel/llvm/benchmark/llvm-project/llvm/lib/Support/circular_raw_ostream.cpp, 2449, 172, 2277
4662, /home/yrong/devel/llvm/benchmark/llvm-project/llvm/lib/Support/raw_os_ostream.cpp, 2673, 175, 2498
4663, /home/yrong/devel/llvm/benchmark/llvm-project/llvm/lib/Support/raw_ostream.cpp, 3605, 572, 3033
4664, /home/yrong/devel/llvm/benchmark/llvm-project/llvm/lib/Support/regcomp.c, 0, 0, 0
4665, /home/yrong/devel/llvm/benchmark/llvm-project/llvm/lib/Support/regerror.c, 0, 0, 0
4666, /home/yrong/devel/llvm/benchmark/llvm-project/llvm/lib/Support/regexec.c, 0, 0, 0
4667, /home/yrong/devel/llvm/benchmark/llvm-project/llvm/lib/Support/regfree.c, 0, 0, 0
4668, /home/yrong/devel/llvm/benchmark/llvm-project/llvm/lib/Support/regstrlcpy.c, 0, 0, 0
4669, /home/yrong/devel/llvm/benchmark/llvm-project/llvm/lib/Support/xxhash.cpp, 2582, 156, 2426
4670, /home/yrong/devel/llvm/benchmark/llvm-project/llvm/lib/TableGen/DetailedRecordsBackend.cpp, 4136, 776, 3360
4671, /home/yrong/devel/llvm/benchmark/llvm-project/llvm/lib/TableGen/Error.cpp, 3987, 659, 3328
4672, /home/yrong/devel/llvm/benchmark/llvm-project/llvm/lib/TableGen/JSONBackend.cpp, 4802, 1075, 3727
4673, /home/yrong/devel/llvm/benchmark/llvm-project/llvm/lib/TableGen/Main.cpp, 5216, 1217, 3999
4674, /home/yrong/devel/llvm/benchmark/llvm-project/llvm/lib/TableGen/Parser.cpp, 4145, 790, 3355
4675, /home/yrong/devel/llvm/benchmark/llvm-project/llvm/lib/TableGen/Record.cpp, 5049, 1516, 3533
4676, /home/yrong/devel/llvm/benchmark/llvm-project/llvm/lib/TableGen/SetTheory.cpp, 4458, 1042, 3416
4677, /home/yrong/devel/llvm/benchmark/llvm-project/llvm/lib/TableGen/StringMatcher.cpp, 2764, 269, 2495
4678, /home/yrong/devel/llvm/benchmark/llvm-project/llvm/lib/TableGen/TGLexer.cpp, 4205, 826, 3379
4679, /home/yrong/devel/llvm/benchmark/llvm-project/llvm/lib/TableGen/TGParser.cpp, 5527, 1778, 3749
4680, /home/yrong/devel/llvm/benchmark/llvm-project/llvm/lib/TableGen/TableGenBackend.cpp, 3218, 327, 2891
4681, /home/yrong/devel/llvm/benchmark/llvm-project/llvm/lib/TableGen/TableGenBackendSkeleton.cpp, 3190, 304, 2886
4682, /home/yrong/devel/llvm/benchmark/llvm-project/llvm/lib/Target/AArch64/AArch64A53Fix835769.cpp, 9391, 3383, 6008
4683, /home/yrong/devel/llvm/benchmark/llvm-project/llvm/lib/Target/AArch64/AArch64A57FPLoadBalancing.cpp, 9749, 3671, 6078
4684, /home/yrong/devel/llvm/benchmark/llvm-project/llvm/lib/Target/AArch64/AArch64AdvSIMDScalarPass.cpp, 7597, 2354, 5243
4685, /home/yrong/devel/llvm/benchmark/llvm-project/llvm/lib/Target/AArch64/AArch64AsmPrinter.cpp, 12619, 5218, 7401
4686, /home/yrong/devel/llvm/benchmark/llvm-project/llvm/lib/Target/AArch64/AArch64BranchTargets.cpp, 10735, 4257, 6478
4687, /home/yrong/devel/llvm/benchmark/llvm-project/llvm/lib/Target/AArch64/AArch64CallingConvention.cpp, 9894, 3888, 6006
4688, /home/yrong/devel/llvm/benchmark/llvm-project/llvm/lib/Target/AArch64/AArch64CleanupLocalDynamicTLSPass.cpp, 9368, 3031, 6337
4689, /home/yrong/devel/llvm/benchmark/llvm-project/llvm/lib/Target/AArch64/AArch64CollectLOH.cpp, 8628, 2994, 5634
4690, /home/yrong/devel/llvm/benchmark/llvm-project/llvm/lib/Target/AArch64/AArch64CompressJumpTables.cpp, 10741, 4248, 6493
4691, /home/yrong/devel/llvm/benchmark/llvm-project/llvm/lib/Target/AArch64/AArch64CondBrTuning.cpp, 9372, 3370, 6002
4692, /home/yrong/devel/llvm/benchmark/llvm-project/llvm/lib/Target/AArch64/AArch64ConditionOptimizer.cpp, 8516, 2528, 5988
4693, /home/yrong/devel/llvm/benchmark/llvm-project/llvm/lib/Target/AArch64/AArch64ConditionalCompares.cpp, 8771, 2588, 6183
4694, /home/yrong/devel/llvm/benchmark/llvm-project/llvm/lib/Target/AArch64/AArch64DeadRegisterDefinitionsPass.cpp, 9367, 3361, 6006
4695, /home/yrong/devel/llvm/benchmark/llvm-project/llvm/lib/Target/AArch64/AArch64ExpandImm.cpp, 5143, 1285, 3858
4696, /home/yrong/devel/llvm/benchmark/llvm-project/llvm/lib/Target/AArch64/AArch64ExpandPseudoInsts.cpp, 10557, 4153, 6404
4697, /home/yrong/devel/llvm/benchmark/llvm-project/llvm/lib/Target/AArch64/AArch64FalkorHWPFFix.cpp, 11020, 3932, 7088
4698, /home/yrong/devel/llvm/benchmark/llvm-project/llvm/lib/Target/AArch64/AArch64FastISel.cpp, 12929, 6231, 6698
4699, /home/yrong/devel/llvm/benchmark/llvm-project/llvm/lib/Target/AArch64/AArch64FrameLowering.cpp, 11319, 4689, 6630
4700, /home/yrong/devel/llvm/benchmark/llvm-project/llvm/lib/Target/AArch64/AArch64GlobalsTagging.cpp, 6291, 1852, 4439
4701, /home/yrong/devel/llvm/benchmark/llvm-project/llvm/lib/Target/AArch64/AArch64ISelDAGToDAG.cpp, 11080, 4606, 6474
4702, /home/yrong/devel/llvm/benchmark/llvm-project/llvm/lib/Target/AArch64/AArch64ISelLowering.cpp, 15847, 8099, 7748
4703, /home/yrong/devel/llvm/benchmark/llvm-project/llvm/lib/Target/AArch64/AArch64InstrInfo.cpp, 12144, 5336, 6808
4704, /home/yrong/devel/llvm/benchmark/llvm-project/llvm/lib/Target/AArch64/AArch64LoadStoreOptimizer.cpp, 10885, 4381, 6504
4705, /home/yrong/devel/llvm/benchmark/llvm-project/llvm/lib/Target/AArch64/AArch64LowerHomogeneousPrologEpilog.cpp, 10727, 4060, 6667
4706, /home/yrong/devel/llvm/benchmark/llvm-project/llvm/lib/Target/AArch64/AArch64MCInstLower.cpp, 7509, 2389, 5120
4707, /home/yrong/devel/llvm/benchmark/llvm-project/llvm/lib/Target/AArch64/AArch64MIPeepholeOpt.cpp, 9038, 2851, 6187
4708, /home/yrong/devel/llvm/benchmark/llvm-project/llvm/lib/Target/AArch64/AArch64MachineFunctionInfo.cpp, 10273, 3929, 6344
4709, /home/yrong/devel/llvm/benchmark/llvm-project/llvm/lib/Target/AArch64/AArch64MachineScheduler.cpp, 10046, 3627, 6419
4710, /home/yrong/devel/llvm/benchmark/llvm-project/llvm/lib/Target/AArch64/AArch64MacroFusion.cpp, 10068, 3646, 6422
4711, /home/yrong/devel/llvm/benchmark/llvm-project/llvm/lib/Target/AArch64/AArch64PBQPRegAlloc.cpp, 8127, 2425, 5702
4712, /home/yrong/devel/llvm/benchmark/llvm-project/llvm/lib/Target/AArch64/AArch64PromoteConstant.cpp, 7785, 2478, 5307
4713, /home/yrong/devel/llvm/benchmark/llvm-project/llvm/lib/Target/AArch64/AArch64RedundantCopyElimination.cpp, 7134, 2011, 5123
4714, /home/yrong/devel/llvm/benchmark/llvm-project/llvm/lib/Target/AArch64/AArch64RegisterInfo.cpp, 10807, 4335, 6472
4715, /home/yrong/devel/llvm/benchmark/llvm-project/llvm/lib/Target/AArch64/AArch64SIMDInstrOpt.cpp, 7696, 2456, 5240
4716, /home/yrong/devel/llvm/benchmark/llvm-project/llvm/lib/Target/AArch64/AArch64SLSHardening.cpp, 10246, 4022, 6224
4717, /home/yrong/devel/llvm/benchmark/llvm-project/llvm/lib/Target/AArch64/AArch64SelectionDAGInfo.cpp, 9391, 3386, 6005
4718, /home/yrong/devel/llvm/benchmark/llvm-project/llvm/lib/Target/AArch64/AArch64SpeculationHardening.cpp, 9457, 3437, 6020
4719, /home/yrong/devel/llvm/benchmark/llvm-project/llvm/lib/Target/AArch64/AArch64StackTagging.cpp, 12942, 5475, 7467
4720, /home/yrong/devel/llvm/benchmark/llvm-project/llvm/lib/Target/AArch64/AArch64StackTaggingPreRA.cpp, 9065, 3067, 5998
4721, /home/yrong/devel/llvm/benchmark/llvm-project/llvm/lib/Target/AArch64/AArch64StorePairSuppress.cpp, 7579, 2335, 5244
4722, /home/yrong/devel/llvm/benchmark/llvm-project/llvm/lib/Target/AArch64/AArch64Subtarget.cpp, 10500, 3970, 6530
4723, /home/yrong/devel/llvm/benchmark/llvm-project/llvm/lib/Target/AArch64/AArch64TargetMachine.cpp, 14567, 6668, 7899
4724, /home/yrong/devel/llvm/benchmark/llvm-project/llvm/lib/Target/AArch64/AArch64TargetObjectFile.cpp, 10006, 3850, 6156
4725, /home/yrong/devel/llvm/benchmark/llvm-project/llvm/lib/Target/AArch64/AArch64TargetTransformInfo.cpp, 13328, 6117, 7211
4726, /home/yrong/devel/llvm/benchmark/llvm-project/llvm/lib/Target/AArch64/AsmParser/AArch64AsmParser.cpp, 10298, 4466, 5832
4727, /home/yrong/devel/llvm/benchmark/llvm-project/llvm/lib/Target/AArch64/Disassembler/AArch64Disassembler.cpp, 6907, 690, 6217
4728, /home/yrong/devel/llvm/benchmark/llvm-project/llvm/lib/Target/AArch64/Disassembler/AArch64ExternalSymbolizer.cpp, 4728, 1036, 3692
4729, /home/yrong/devel/llvm/benchmark/llvm-project/llvm/lib/Target/AArch64/GISel/AArch64CallLowering.cpp, 10877, 4451, 6426
4730, /home/yrong/devel/llvm/benchmark/llvm-project/llvm/lib/Target/AArch64/GISel/AArch64GlobalISelUtils.cpp, 8960, 3185, 5775
4731, /home/yrong/devel/llvm/benchmark/llvm-project/llvm/lib/Target/AArch64/GISel/AArch64InstructionSelector.cpp, 13253, 6163, 7090
4732, /home/yrong/devel/llvm/benchmark/llvm-project/llvm/lib/Target/AArch64/GISel/AArch64LegalizerInfo.cpp, 10965, 4757, 6208
4733, /home/yrong/devel/llvm/benchmark/llvm-project/llvm/lib/Target/AArch64/GISel/AArch64O0PreLegalizerCombiner.cpp, 11152, 4146, 7006
4734, /home/yrong/devel/llvm/benchmark/llvm-project/llvm/lib/Target/AArch64/GISel/AArch64PostLegalizerCombiner.cpp, 11260, 4237, 7023
4735, /home/yrong/devel/llvm/benchmark/llvm-project/llvm/lib/Target/AArch64/GISel/AArch64PostLegalizerLowering.cpp, 10650, 4340, 6310
4736, /home/yrong/devel/llvm/benchmark/llvm-project/llvm/lib/Target/AArch64/GISel/AArch64PostSelectOptimize.cpp, 9386, 3380, 6006
4737, /home/yrong/devel/llvm/benchmark/llvm-project/llvm/lib/Target/AArch64/GISel/AArch64PreLegalizerCombiner.cpp, 11292, 4256, 7036
4738, /home/yrong/devel/llvm/benchmark/llvm-project/llvm/lib/Target/AArch64/GISel/AArch64RegisterBankInfo.cpp, 7325, 1986, 5339
4739, /home/yrong/devel/llvm/benchmark/llvm-project/llvm/lib/Target/AArch64/MCTargetDesc/AArch64AsmBackend.cpp, 4957, 1215, 3742
4740, /home/yrong/devel/llvm/benchmark/llvm-project/llvm/lib/Target/AArch64/MCTargetDesc/AArch64ELFObjectWriter.cpp, 4571, 940, 3631
4741, /home/yrong/devel/llvm/benchmark/llvm-project/llvm/lib/Target/AArch64/MCTargetDesc/AArch64ELFStreamer.cpp, 4859, 1152, 3707
4742, /home/yrong/devel/llvm/benchmark/llvm-project/llvm/lib/Target/AArch64/MCTargetDesc/AArch64InstPrinter.cpp, 3664, 670, 2994
4743, /home/yrong/devel/llvm/benchmark/llvm-project/llvm/lib/Target/AArch64/MCTargetDesc/AArch64MCAsmInfo.cpp, 4864, 1078, 3786
4744, /home/yrong/devel/llvm/benchmark/llvm-project/llvm/lib/Target/AArch64/MCTargetDesc/AArch64MCCodeEmitter.cpp, 4801, 1030, 3771
4745, /home/yrong/devel/llvm/benchmark/llvm-project/llvm/lib/Target/AArch64/MCTargetDesc/AArch64MCExpr.cpp, 4638, 986, 3652
4746, /home/yrong/devel/llvm/benchmark/llvm-project/llvm/lib/Target/AArch64/MCTargetDesc/AArch64MCTargetDesc.cpp, 5700, 1550, 4150
4747, /home/yrong/devel/llvm/benchmark/llvm-project/llvm/lib/Target/AArch64/MCTargetDesc/AArch64MachObjectWriter.cpp, 4787, 1089, 3698
4748, /home/yrong/devel/llvm/benchmark/llvm-project/llvm/lib/Target/AArch64/MCTargetDesc/AArch64TargetStreamer.cpp, 4886, 1085, 3801
4749, /home/yrong/devel/llvm/benchmark/llvm-project/llvm/lib/Target/AArch64/MCTargetDesc/AArch64WinCOFFObjectWriter.cpp, 4544, 915, 3629
4750, /home/yrong/devel/llvm/benchmark/llvm-project/llvm/lib/Target/AArch64/MCTargetDesc/AArch64WinCOFFStreamer.cpp, 4586, 970, 3616
4751, /home/yrong/devel/llvm/benchmark/llvm-project/llvm/lib/Target/AArch64/SMEABIPass.cpp, 7729, 2631, 5098
4752, /home/yrong/devel/llvm/benchmark/llvm-project/llvm/lib/Target/AArch64/SVEIntrinsicOpts.cpp, 8033, 2513, 5520
4753, /home/yrong/devel/llvm/benchmark/llvm-project/llvm/lib/Target/AArch64/TargetInfo/AArch64TargetInfo.cpp, 3080, 403, 2677
4754, /home/yrong/devel/llvm/benchmark/llvm-project/llvm/lib/Target/AArch64/Utils/AArch64BaseInfo.cpp, 3516, 971, 2545
4755, /home/yrong/devel/llvm/benchmark/llvm-project/llvm/lib/Target/AArch64/Utils/AArch64SMEAttributes.cpp, 3697, 568, 3129
4756, /home/yrong/devel/llvm/benchmark/llvm-project/llvm/lib/Target/AMDGPU/AMDGPUAliasAnalysis.cpp, 5847, 1498, 4349
4757, /home/yrong/devel/llvm/benchmark/llvm-project/llvm/lib/Target/AMDGPU/AMDGPUAlwaysInlinePass.cpp, 8937, 3053, 5884
4758, /home/yrong/devel/llvm/benchmark/llvm-project/llvm/lib/Target/AMDGPU/AMDGPUAnnotateKernelFeatures.cpp, 8955, 3081, 5874
4759, /home/yrong/devel/llvm/benchmark/llvm-project/llvm/lib/Target/AMDGPU/AMDGPUAnnotateUniformValues.cpp, 7414, 2132, 5282
4760, /home/yrong/devel/llvm/benchmark/llvm-project/llvm/lib/Target/AMDGPU/AMDGPUArgumentUsageInfo.cpp, 8943, 3076, 5867
4761, /home/yrong/devel/llvm/benchmark/llvm-project/llvm/lib/Target/AMDGPU/AMDGPUAsmPrinter.cpp, 11386, 4886, 6500
4762, /home/yrong/devel/llvm/benchmark/llvm-project/llvm/lib/Target/AMDGPU/AMDGPUAtomicOptimizer.cpp, 10627, 3874, 6753
4763, /home/yrong/devel/llvm/benchmark/llvm-project/llvm/lib/Target/AMDGPU/AMDGPUAttributor.cpp, 12398, 4823, 7575
4764, /home/yrong/devel/llvm/benchmark/llvm-project/llvm/lib/Target/AMDGPU/AMDGPUCallLowering.cpp, 11089, 4596, 6493
4765, /home/yrong/devel/llvm/benchmark/llvm-project/llvm/lib/Target/AMDGPU/AMDGPUCodeGenPrepare.cpp, 11269, 4302, 6967
4766, /home/yrong/devel/llvm/benchmark/llvm-project/llvm/lib/Target/AMDGPU/AMDGPUCombinerHelper.cpp, 9370, 3487, 5883
4767, /home/yrong/devel/llvm/benchmark/llvm-project/llvm/lib/Target/AMDGPU/AMDGPUCtorDtorLowering.cpp, 5766, 1600, 4166
4768, /home/yrong/devel/llvm/benchmark/llvm-project/llvm/lib/Target/AMDGPU/AMDGPUExportClustering.cpp, 8629, 2731, 5898
4769, /home/yrong/devel/llvm/benchmark/llvm-project/llvm/lib/Target/AMDGPU/AMDGPUFrameLowering.cpp, 4830, 803, 4027
4770, /home/yrong/devel/llvm/benchmark/llvm-project/llvm/lib/Target/AMDGPU/AMDGPUGlobalISelUtils.cpp, 8806, 2964, 5842
4771, /home/yrong/devel/llvm/benchmark/llvm-project/llvm/lib/Target/AMDGPU/AMDGPUHSAMetadataStreamer.cpp, 10785, 4410, 6375
4772, /home/yrong/devel/llvm/benchmark/llvm-project/llvm/lib/Target/AMDGPU/AMDGPUIGroupLP.cpp, 11260, 4377, 6883
4773, /home/yrong/devel/llvm/benchmark/llvm-project/llvm/lib/Target/AMDGPU/AMDGPUISelDAGToDAG.cpp, 10522, 4158, 6364
4774, /home/yrong/devel/llvm/benchmark/llvm-project/llvm/lib/Target/AMDGPU/AMDGPUISelLowering.cpp, 11310, 4782, 6528
4775, /home/yrong/devel/llvm/benchmark/llvm-project/llvm/lib/Target/AMDGPU/AMDGPUInsertDelayAlu.cpp, 8850, 2943, 5907
4776, /home/yrong/devel/llvm/benchmark/llvm-project/llvm/lib/Target/AMDGPU/AMDGPUInstCombineIntrinsic.cpp, 11986, 5006, 6980
4777, /home/yrong/devel/llvm/benchmark/llvm-project/llvm/lib/Target/AMDGPU/AMDGPUInstrInfo.cpp, 5851, 1426, 4425
4778, /home/yrong/devel/llvm/benchmark/llvm-project/llvm/lib/Target/AMDGPU/AMDGPUInstructionSelector.cpp, 13132, 6197, 6935
4779, /home/yrong/devel/llvm/benchmark/llvm-project/llvm/lib/Target/AMDGPU/AMDGPULateCodeGenPrepare.cpp, 7651, 2204, 5447
4780, /home/yrong/devel/llvm/benchmark/llvm-project/llvm/lib/Target/AMDGPU/AMDGPULegalizerInfo.cpp, 13887, 7165, 6722
4781, /home/yrong/devel/llvm/benchmark/llvm-project/llvm/lib/Target/AMDGPU/AMDGPULibCalls.cpp, 10220, 3872, 6348
4782, /home/yrong/devel/llvm/benchmark/llvm-project/llvm/lib/Target/AMDGPU/AMDGPULibFunc.cpp, 5186, 1200, 3986
4783, /home/yrong/devel/llvm/benchmark/llvm-project/llvm/lib/Target/AMDGPU/AMDGPULowerKernelArguments.cpp, 9199, 3293, 5906
4784, /home/yrong/devel/llvm/benchmark/llvm-project/llvm/lib/Target/AMDGPU/AMDGPULowerKernelAttributes.cpp, 6578, 1884, 4694
4785, /home/yrong/devel/llvm/benchmark/llvm-project/llvm/lib/Target/AMDGPU/AMDGPULowerModuleLDSPass.cpp, 7922, 2286, 5636
4786, /home/yrong/devel/llvm/benchmark/llvm-project/llvm/lib/Target/AMDGPU/AMDGPUMCInstLower.cpp, 9722, 3700, 6022
4787, /home/yrong/devel/llvm/benchmark/llvm-project/llvm/lib/Target/AMDGPU/AMDGPUMIRFormatter.cpp, 9866, 3642, 6224
4788, /home/yrong/devel/llvm/benchmark/llvm-project/llvm/lib/Target/AMDGPU/AMDGPUMachineCFGStructurizer.cpp, 10848, 3760, 7088
4789, /home/yrong/devel/llvm/benchmark/llvm-project/llvm/lib/Target/AMDGPU/AMDGPUMachineFunction.cpp, 7414, 2298, 5116
4790, /home/yrong/devel/llvm/benchmark/llvm-project/llvm/lib/Target/AMDGPU/AMDGPUMachineModuleInfo.cpp, 5648, 1434, 4214
4791, /home/yrong/devel/llvm/benchmark/llvm-project/llvm/lib/Target/AMDGPU/AMDGPUMacroFusion.cpp, 7240, 2099, 5141
4792, /home/yrong/devel/llvm/benchmark/llvm-project/llvm/lib/Target/AMDGPU/AMDGPUOpenCLEnqueuedBlockLowering.cpp, 5395, 1292, 4103
4793, /home/yrong/devel/llvm/benchmark/llvm-project/llvm/lib/Target/AMDGPU/AMDGPUPerfHintAnalysis.cpp, 9064, 3150, 5914
4794, /home/yrong/devel/llvm/benchmark/llvm-project/llvm/lib/Target/AMDGPU/AMDGPUPostLegalizerCombiner.cpp, 11354, 4248, 7106
4795, /home/yrong/devel/llvm/benchmark/llvm-project/llvm/lib/Target/AMDGPU/AMDGPUPreLegalizerCombiner.cpp, 11298, 4199, 7099
4796, /home/yrong/devel/llvm/benchmark/llvm-project/llvm/lib/Target/AMDGPU/AMDGPUPrintfRuntimeBinding.cpp, 7056, 1850, 5206
4797, /home/yrong/devel/llvm/benchmark/llvm-project/llvm/lib/Target/AMDGPU/AMDGPUPromoteAlloca.cpp, 10363, 4113, 6250
4798, /home/yrong/devel/llvm/benchmark/llvm-project/llvm/lib/Target/AMDGPU/AMDGPUPromoteKernelArguments.cpp, 6959, 1973, 4986
4799, /home/yrong/devel/llvm/benchmark/llvm-project/llvm/lib/Target/AMDGPU/AMDGPURegBankCombiner.cpp, 12314, 4863, 7451
4800, /home/yrong/devel/llvm/benchmark/llvm-project/llvm/lib/Target/AMDGPU/AMDGPURegBankSelect.cpp, 10080, 3442, 6638
4801, /home/yrong/devel/llvm/benchmark/llvm-project/llvm/lib/Target/AMDGPU/AMDGPURegisterBankInfo.cpp, 11300, 4868, 6432
4802, /home/yrong/devel/llvm/benchmark/llvm-project/llvm/lib/Target/AMDGPU/AMDGPURemoveIncompatibleFunctions.cpp, 9292, 3361, 5931
4803, /home/yrong/devel/llvm/benchmark/llvm-project/llvm/lib/Target/AMDGPU/AMDGPUResourceUsageAnalysis.cpp, 10693, 4231, 6462
4804, /home/yrong/devel/llvm/benchmark/llvm-project/llvm/lib/Target/AMDGPU/AMDGPURewriteOutArguments.cpp, 6828, 1971, 4857
4805, /home/yrong/devel/llvm/benchmark/llvm-project/llvm/lib/Target/AMDGPU/AMDGPURewriteUndefForPHI.cpp, 6210, 1383, 4827
4806, /home/yrong/devel/llvm/benchmark/llvm-project/llvm/lib/Target/AMDGPU/AMDGPUSetWavePriority.cpp, 8825, 2942, 5883
4807, /home/yrong/devel/llvm/benchmark/llvm-project/llvm/lib/Target/AMDGPU/AMDGPUSubtarget.cpp, 11312, 4419, 6893
4808, /home/yrong/devel/llvm/benchmark/llvm-project/llvm/lib/Target/AMDGPU/AMDGPUTargetMachine.cpp, 17556, 8330, 9226
4809, /home/yrong/devel/llvm/benchmark/llvm-project/llvm/lib/Target/AMDGPU/AMDGPUTargetObjectFile.cpp, 4998, 1228, 3770
4810, /home/yrong/devel/llvm/benchmark/llvm-project/llvm/lib/Target/AMDGPU/AMDGPUTargetTransformInfo.cpp, 12512, 5293, 7219
4811, /home/yrong/devel/llvm/benchmark/llvm-project/llvm/lib/Target/AMDGPU/AMDGPUUnifyDivergentExitNodes.cpp, 7104, 1886, 5218
4812, /home/yrong/devel/llvm/benchmark/llvm-project/llvm/lib/Target/AMDGPU/AMDGPUUnifyMetadata.cpp, 4787, 1022, 3765
4813, /home/yrong/devel/llvm/benchmark/llvm-project/llvm/lib/Target/AMDGPU/AsmParser/AMDGPUAsmParser.cpp, 10604, 4984, 5620
4814, /home/yrong/devel/llvm/benchmark/llvm-project/llvm/lib/Target/AMDGPU/Disassembler/AMDGPUDisassembler.cpp, 18988, 2133, 16855
4815, /home/yrong/devel/llvm/benchmark/llvm-project/llvm/lib/Target/AMDGPU/GCNCreateVOPD.cpp, 9413, 3145, 6268
4816, /home/yrong/devel/llvm/benchmark/llvm-project/llvm/lib/Target/AMDGPU/GCNDPPCombine.cpp, 8783, 2885, 5898
4817, /home/yrong/devel/llvm/benchmark/llvm-project/llvm/lib/Target/AMDGPU/GCNHazardRecognizer.cpp, 10151, 3835, 6316
4818, /home/yrong/devel/llvm/benchmark/llvm-project/llvm/lib/Target/AMDGPU/GCNILPSched.cpp, 8020, 2363, 5657
4819, /home/yrong/devel/llvm/benchmark/llvm-project/llvm/lib/Target/AMDGPU/GCNIterativeScheduler.cpp, 10880, 4139, 6741
4820, /home/yrong/devel/llvm/benchmark/llvm-project/llvm/lib/Target/AMDGPU/GCNMinRegStrategy.cpp, 8039, 2366, 5673
4821, /home/yrong/devel/llvm/benchmark/llvm-project/llvm/lib/Target/AMDGPU/GCNNSAReassign.cpp, 10469, 3852, 6617
4822, /home/yrong/devel/llvm/benchmark/llvm-project/llvm/lib/Target/AMDGPU/GCNPreRALongBranchReg.cpp, 9915, 3676, 6239
4823, /home/yrong/devel/llvm/benchmark/llvm-project/llvm/lib/Target/AMDGPU/GCNPreRAOptimizations.cpp, 9229, 3047, 6182
4824, /home/yrong/devel/llvm/benchmark/llvm-project/llvm/lib/Target/AMDGPU/GCNRegPressure.cpp, 9385, 3129, 6256
4825, /home/yrong/devel/llvm/benchmark/llvm-project/llvm/lib/Target/AMDGPU/GCNRewritePartialRegUses.cpp, 8086, 2428, 5658
4826, /home/yrong/devel/llvm/benchmark/llvm-project/llvm/lib/Target/AMDGPU/GCNSchedStrategy.cpp, 11386, 4443, 6943
4827, /home/yrong/devel/llvm/benchmark/llvm-project/llvm/lib/Target/AMDGPU/GCNVOPDUtils.cpp, 9450, 3191, 6259
4828, /home/yrong/devel/llvm/benchmark/llvm-project/llvm/lib/Target/AMDGPU/MCA/AMDGPUCustomBehaviour.cpp, 8079, 2575, 5504
4829, /home/yrong/devel/llvm/benchmark/llvm-project/llvm/lib/Target/AMDGPU/MCTargetDesc/AMDGPUAsmBackend.cpp, 5575, 1553, 4022
4830, /home/yrong/devel/llvm/benchmark/llvm-project/llvm/lib/Target/AMDGPU/MCTargetDesc/AMDGPUELFObjectWriter.cpp, 4527, 902, 3625
4831, /home/yrong/devel/llvm/benchmark/llvm-project/llvm/lib/Target/AMDGPU/MCTargetDesc/AMDGPUELFStreamer.cpp, 4447, 888, 3559
4832, /home/yrong/devel/llvm/benchmark/llvm-project/llvm/lib/Target/AMDGPU/MCTargetDesc/AMDGPUInstPrinter.cpp, 4664, 1150, 3514
4833, /home/yrong/devel/llvm/benchmark/llvm-project/llvm/lib/Target/AMDGPU/MCTargetDesc/AMDGPUMCAsmInfo.cpp, 2694, 221, 2473
4834, /home/yrong/devel/llvm/benchmark/llvm-project/llvm/lib/Target/AMDGPU/MCTargetDesc/AMDGPUMCCodeEmitter.cpp, 5423, 1405, 4018
4835, /home/yrong/devel/llvm/benchmark/llvm-project/llvm/lib/Target/AMDGPU/MCTargetDesc/AMDGPUMCTargetDesc.cpp, 6471, 1980, 4491
4836, /home/yrong/devel/llvm/benchmark/llvm-project/llvm/lib/Target/AMDGPU/MCTargetDesc/AMDGPUTargetStreamer.cpp, 5809, 1752, 4057
4837, /home/yrong/devel/llvm/benchmark/llvm-project/llvm/lib/Target/AMDGPU/MCTargetDesc/R600InstPrinter.cpp, 3345, 378, 2967
4838, /home/yrong/devel/llvm/benchmark/llvm-project/llvm/lib/Target/AMDGPU/MCTargetDesc/R600MCCodeEmitter.cpp, 4552, 915, 3637
4839, /home/yrong/devel/llvm/benchmark/llvm-project/llvm/lib/Target/AMDGPU/MCTargetDesc/R600MCTargetDesc.cpp, 3043, 169, 2874
4840, /home/yrong/devel/llvm/benchmark/llvm-project/llvm/lib/Target/AMDGPU/R600AsmPrinter.cpp, 9209, 3279, 5930
4841, /home/yrong/devel/llvm/benchmark/llvm-project/llvm/lib/Target/AMDGPU/R600ClauseMergePass.cpp, 8397, 2652, 5745
4842, /home/yrong/devel/llvm/benchmark/llvm-project/llvm/lib/Target/AMDGPU/R600ControlFlowFinalizer.cpp, 8655, 2853, 5802
4843, /home/yrong/devel/llvm/benchmark/llvm-project/llvm/lib/Target/AMDGPU/R600EmitClauseMarkers.cpp, 8438, 2690, 5748
4844, /home/yrong/devel/llvm/benchmark/llvm-project/llvm/lib/Target/AMDGPU/R600ExpandSpecialInstrs.cpp, 8406, 2664, 5742
4845, /home/yrong/devel/llvm/benchmark/llvm-project/llvm/lib/Target/AMDGPU/R600FrameLowering.cpp, 8425, 2654, 5771
4846, /home/yrong/devel/llvm/benchmark/llvm-project/llvm/lib/Target/AMDGPU/R600ISelDAGToDAG.cpp, 10090, 3836, 6254
4847, /home/yrong/devel/llvm/benchmark/llvm-project/llvm/lib/Target/AMDGPU/R600ISelLowering.cpp, 9158, 3246, 5912
4848, /home/yrong/devel/llvm/benchmark/llvm-project/llvm/lib/Target/AMDGPU/R600InstrInfo.cpp, 9366, 3072, 6294
4849, /home/yrong/devel/llvm/benchmark/llvm-project/llvm/lib/Target/AMDGPU/R600MCInstLower.cpp, 9478, 3489, 5989
4850, /home/yrong/devel/llvm/benchmark/llvm-project/llvm/lib/Target/AMDGPU/R600MachineCFGStructurizer.cpp, 9855, 3046, 6809
4851, /home/yrong/devel/llvm/benchmark/llvm-project/llvm/lib/Target/AMDGPU/R600MachineFunctionInfo.cpp, 8401, 2648, 5753
4852, /home/yrong/devel/llvm/benchmark/llvm-project/llvm/lib/Target/AMDGPU/R600MachineScheduler.cpp, 9147, 2953, 6194
4853, /home/yrong/devel/llvm/benchmark/llvm-project/llvm/lib/Target/AMDGPU/R600OpenCLImageTypeLoweringPass.cpp, 6531, 1774, 4757
4854, /home/yrong/devel/llvm/benchmark/llvm-project/llvm/lib/Target/AMDGPU/R600OptimizeVectorRegisters.cpp, 9631, 2904, 6727
4855, /home/yrong/devel/llvm/benchmark/llvm-project/llvm/lib/Target/AMDGPU/R600Packetizer.cpp, 9771, 2983, 6788
4856, /home/yrong/devel/llvm/benchmark/llvm-project/llvm/lib/Target/AMDGPU/R600RegisterInfo.cpp, 8397, 2643, 5754
4857, /home/yrong/devel/llvm/benchmark/llvm-project/llvm/lib/Target/AMDGPU/R600Subtarget.cpp, 8380, 2642, 5738
4858, /home/yrong/devel/llvm/benchmark/llvm-project/llvm/lib/Target/AMDGPU/R600TargetMachine.cpp, 12233, 4998, 7235
4859, /home/yrong/devel/llvm/benchmark/llvm-project/llvm/lib/Target/AMDGPU/R600TargetTransformInfo.cpp, 11126, 4373, 6753
4860, /home/yrong/devel/llvm/benchmark/llvm-project/llvm/lib/Target/AMDGPU/SIAnnotateControlFlow.cpp, 9961, 3236, 6725
4861, /home/yrong/devel/llvm/benchmark/llvm-project/llvm/lib/Target/AMDGPU/SIFixSGPRCopies.cpp, 10181, 3390, 6791
4862, /home/yrong/devel/llvm/benchmark/llvm-project/llvm/lib/Target/AMDGPU/SIFixVGPRCopies.cpp, 8696, 2862, 5834
4863, /home/yrong/devel/llvm/benchmark/llvm-project/llvm/lib/Target/AMDGPU/SIFoldOperands.cpp, 10262, 3925, 6337
4864, /home/yrong/devel/llvm/benchmark/llvm-project/llvm/lib/Target/AMDGPU/SIFormMemoryClauses.cpp, 10528, 3893, 6635
4865, /home/yrong/devel/llvm/benchmark/llvm-project/llvm/lib/Target/AMDGPU/SIFrameLowering.cpp, 10157, 3829, 6328
4866, /home/yrong/devel/llvm/benchmark/llvm-project/llvm/lib/Target/AMDGPU/SIISelLowering.cpp, 13039, 5951, 7088
4867, /home/yrong/devel/llvm/benchmark/llvm-project/llvm/lib/Target/AMDGPU/SIInsertHardClauses.cpp, 8709, 2870, 5839
4868, /home/yrong/devel/llvm/benchmark/llvm-project/llvm/lib/Target/AMDGPU/SIInsertWaitcnts.cpp, 11408, 4095, 7313
4869, /home/yrong/devel/llvm/benchmark/llvm-project/llvm/lib/Target/AMDGPU/SIInstrInfo.cpp, 13198, 5357, 7841
4870, /home/yrong/devel/llvm/benchmark/llvm-project/llvm/lib/Target/AMDGPU/SILateBranchLowering.cpp, 11192, 3952, 7240
4871, /home/yrong/devel/llvm/benchmark/llvm-project/llvm/lib/Target/AMDGPU/SILoadStoreOptimizer.cpp, 9133, 3191, 5942
4872, /home/yrong/devel/llvm/benchmark/llvm-project/llvm/lib/Target/AMDGPU/SILowerControlFlow.cpp, 10497, 3457, 7040
4873, /home/yrong/devel/llvm/benchmark/llvm-project/llvm/lib/Target/AMDGPU/SILowerI1Copies.cpp, 9800, 3104, 6696
4874, /home/yrong/devel/llvm/benchmark/llvm-project/llvm/lib/Target/AMDGPU/SILowerSGPRSpills.cpp, 10471, 3856, 6615
4875, /home/yrong/devel/llvm/benchmark/llvm-project/llvm/lib/Target/AMDGPU/SILowerWWMCopies.cpp, 10379, 3808, 6571
4876, /home/yrong/devel/llvm/benchmark/llvm-project/llvm/lib/Target/AMDGPU/SIMachineFunctionInfo.cpp, 10706, 3963, 6743
4877, /home/yrong/devel/llvm/benchmark/llvm-project/llvm/lib/Target/AMDGPU/SIMachineScheduler.cpp, 9795, 3439, 6356
4878, /home/yrong/devel/llvm/benchmark/llvm-project/llvm/lib/Target/AMDGPU/SIMemoryLegalizer.cpp, 9621, 3582, 6039
4879, /home/yrong/devel/llvm/benchmark/llvm-project/llvm/lib/Target/AMDGPU/SIModeRegister.cpp, 9098, 2913, 6185
4880, /home/yrong/devel/llvm/benchmark/llvm-project/llvm/lib/Target/AMDGPU/SIModeRegisterDefaults.cpp, 4018, 764, 3254
4881, /home/yrong/devel/llvm/benchmark/llvm-project/llvm/lib/Target/AMDGPU/SIOptimizeExecMasking.cpp, 8866, 2964, 5902
4882, /home/yrong/devel/llvm/benchmark/llvm-project/llvm/lib/Target/AMDGPU/SIOptimizeExecMaskingPreRA.cpp, 9313, 3100, 6213
4883, /home/yrong/devel/llvm/benchmark/llvm-project/llvm/lib/Target/AMDGPU/SIOptimizeVGPRLiveRange.cpp, 11126, 3921, 7205
4884, /home/yrong/devel/llvm/benchmark/llvm-project/llvm/lib/Target/AMDGPU/SIPeepholeSDWA.cpp, 8987, 3074, 5913
4885, /home/yrong/devel/llvm/benchmark/llvm-project/llvm/lib/Target/AMDGPU/SIPostRABundler.cpp, 8730, 2887, 5843
4886, /home/yrong/devel/llvm/benchmark/llvm-project/llvm/lib/Target/AMDGPU/SIPreAllocateWWMRegs.cpp, 10565, 3899, 6666
4887, /home/yrong/devel/llvm/benchmark/llvm-project/llvm/lib/Target/AMDGPU/SIPreEmitPeephole.cpp, 8751, 2905, 5846
4888, /home/yrong/devel/llvm/benchmark/llvm-project/llvm/lib/Target/AMDGPU/SIProgramInfo.cpp, 3981, 734, 3247
4889, /home/yrong/devel/llvm/benchmark/llvm-project/llvm/lib/Target/AMDGPU/SIRegisterInfo.cpp, 11582, 4123, 7459
4890, /home/yrong/devel/llvm/benchmark/llvm-project/llvm/lib/Target/AMDGPU/SIShrinkInstructions.cpp, 8754, 2903, 5851
4891, /home/yrong/devel/llvm/benchmark/llvm-project/llvm/lib/Target/AMDGPU/SIWholeQuadMode.cpp, 11154, 3685, 7469
4892, /home/yrong/devel/llvm/benchmark/llvm-project/llvm/lib/Target/AMDGPU/TargetInfo/AMDGPUTargetInfo.cpp, 3078, 401, 2677
4893, /home/yrong/devel/llvm/benchmark/llvm-project/llvm/lib/Target/AMDGPU/Utils/AMDGPUAsmUtils.cpp, 3981, 734, 3247
4894, /home/yrong/devel/llvm/benchmark/llvm-project/llvm/lib/Target/AMDGPU/Utils/AMDGPUBaseInfo.cpp, 5522, 1425, 4097
4895, /home/yrong/devel/llvm/benchmark/llvm-project/llvm/lib/Target/AMDGPU/Utils/AMDGPUMemoryUtils.cpp, 7622, 2136, 5486
4896, /home/yrong/devel/llvm/benchmark/llvm-project/llvm/lib/Target/AMDGPU/Utils/AMDGPUPALMetadata.cpp, 4549, 986, 3563
4897, /home/yrong/devel/llvm/benchmark/llvm-project/llvm/lib/Target/AMDGPU/Utils/AMDKernelCodeTUtils.cpp, 2869, 318, 2551
4898, /home/yrong/devel/llvm/benchmark/llvm-project/llvm/lib/Target/ARM/A15SDOptimizer.cpp, 10467, 4252, 6215
4899, /home/yrong/devel/llvm/benchmark/llvm-project/llvm/lib/Target/ARM/ARMAsmPrinter.cpp, 11675, 5110, 6565
4900, /home/yrong/devel/llvm/benchmark/llvm-project/llvm/lib/Target/ARM/ARMBaseInstrInfo.cpp, 13812, 5977, 7835
4901, /home/yrong/devel/llvm/benchmark/llvm-project/llvm/lib/Target/ARM/ARMBaseRegisterInfo.cpp, 10482, 4186, 6296
4902, /home/yrong/devel/llvm/benchmark/llvm-project/llvm/lib/Target/ARM/ARMBasicBlockInfo.cpp, 8077, 2580, 5497
4903, /home/yrong/devel/llvm/benchmark/llvm-project/llvm/lib/Target/ARM/ARMBlockPlacement.cpp, 10806, 4263, 6543
4904, /home/yrong/devel/llvm/benchmark/llvm-project/llvm/lib/Target/ARM/ARMBranchTargets.cpp, 8928, 3141, 5787
4905, /home/yrong/devel/llvm/benchmark/llvm-project/llvm/lib/Target/ARM/ARMCallLowering.cpp, 10887, 4601, 6286
4906, /home/yrong/devel/llvm/benchmark/llvm-project/llvm/lib/Target/ARM/ARMCallingConv.cpp, 10683, 4483, 6200
4907, /home/yrong/devel/llvm/benchmark/llvm-project/llvm/lib/Target/ARM/ARMConstantIslandPass.cpp, 11680, 4602, 7078
4908, /home/yrong/devel/llvm/benchmark/llvm-project/llvm/lib/Target/ARM/ARMConstantPoolValue.cpp, 5216, 937, 4279
4909, /home/yrong/devel/llvm/benchmark/llvm-project/llvm/lib/Target/ARM/ARMExpandPseudoInsts.cpp, 11016, 4694, 6322
4910, /home/yrong/devel/llvm/benchmark/llvm-project/llvm/lib/Target/ARM/ARMFastISel.cpp, 10830, 4469, 6361
4911, /home/yrong/devel/llvm/benchmark/llvm-project/llvm/lib/Target/ARM/ARMFixCortexA57AES1742098Pass.cpp, 10404, 4190, 6214
4912, /home/yrong/devel/llvm/benchmark/llvm-project/llvm/lib/Target/ARM/ARMFrameLowering.cpp, 11450, 4991, 6459
4913, /home/yrong/devel/llvm/benchmark/llvm-project/llvm/lib/Target/ARM/ARMHazardRecognizer.cpp, 10470, 4216, 6254
4914, /home/yrong/devel/llvm/benchmark/llvm-project/llvm/lib/Target/ARM/ARMISelDAGToDAG.cpp, 11172, 4767, 6405
4915, /home/yrong/devel/llvm/benchmark/llvm-project/llvm/lib/Target/ARM/ARMISelLowering.cpp, 14826, 7238, 7588
4916, /home/yrong/devel/llvm/benchmark/llvm-project/llvm/lib/Target/ARM/ARMInstrInfo.cpp, 10474, 4233, 6241
4917, /home/yrong/devel/llvm/benchmark/llvm-project/llvm/lib/Target/ARM/ARMInstructionSelector.cpp, 10796, 4380, 6416
4918, /home/yrong/devel/llvm/benchmark/llvm-project/llvm/lib/Target/ARM/ARMLegalizerInfo.cpp, 11020, 4769, 6251
4919, /home/yrong/devel/llvm/benchmark/llvm-project/llvm/lib/Target/ARM/ARMLoadStoreOptimizer.cpp, 12137, 4791, 7346
4920, /home/yrong/devel/llvm/benchmark/llvm-project/llvm/lib/Target/ARM/ARMLowOverheadLoops.cpp, 11347, 4602, 6745
4921, /home/yrong/devel/llvm/benchmark/llvm-project/llvm/lib/Target/ARM/ARMMCInstLower.cpp, 11148, 4763, 6385
4922, /home/yrong/devel/llvm/benchmark/llvm-project/llvm/lib/Target/ARM/ARMMachineFunctionInfo.cpp, 10386, 4176, 6210
4923, /home/yrong/devel/llvm/benchmark/llvm-project/llvm/lib/Target/ARM/ARMMacroFusion.cpp, 11062, 4437, 6625
4924, /home/yrong/devel/llvm/benchmark/llvm-project/llvm/lib/Target/ARM/ARMOptimizeBarriersPass.cpp, 8072, 2584, 5488
4925, /home/yrong/devel/llvm/benchmark/llvm-project/llvm/lib/Target/ARM/ARMParallelDSP.cpp, 12722, 5396, 7326
4926, /home/yrong/devel/llvm/benchmark/llvm-project/llvm/lib/Target/ARM/ARMRegisterBankInfo.cpp, 10417, 4202, 6215
4927, /home/yrong/devel/llvm/benchmark/llvm-project/llvm/lib/Target/ARM/ARMRegisterInfo.cpp, 4942, 872, 4070
4928, /home/yrong/devel/llvm/benchmark/llvm-project/llvm/lib/Target/ARM/ARMSLSHardening.cpp, 10910, 4534, 6376
4929, /home/yrong/devel/llvm/benchmark/llvm-project/llvm/lib/Target/ARM/ARMSelectionDAGInfo.cpp, 12084, 5093, 6991
4930, /home/yrong/devel/llvm/benchmark/llvm-project/llvm/lib/Target/ARM/ARMSubtarget.cpp, 10719, 4466, 6253
4931, /home/yrong/devel/llvm/benchmark/llvm-project/llvm/lib/Target/ARM/ARMTargetMachine.cpp, 14017, 6399, 7618
4932, /home/yrong/devel/llvm/benchmark/llvm-project/llvm/lib/Target/ARM/ARMTargetObjectFile.cpp, 10877, 4536, 6341
4933, /home/yrong/devel/llvm/benchmark/llvm-project/llvm/lib/Target/ARM/ARMTargetTransformInfo.cpp, 13568, 5814, 7754
4934, /home/yrong/devel/llvm/benchmark/llvm-project/llvm/lib/Target/ARM/AsmParser/ARMAsmParser.cpp, 10473, 4411, 6062
4935, /home/yrong/devel/llvm/benchmark/llvm-project/llvm/lib/Target/ARM/Disassembler/ARMDisassembler.cpp, 11831, 3102, 8729
4936, /home/yrong/devel/llvm/benchmark/llvm-project/llvm/lib/Target/ARM/MCTargetDesc/ARMAsmBackend.cpp, 5040, 1231, 3809
4937, /home/yrong/devel/llvm/benchmark/llvm-project/llvm/lib/Target/ARM/MCTargetDesc/ARMELFObjectWriter.cpp, 4561, 928, 3633
4938, /home/yrong/devel/llvm/benchmark/llvm-project/llvm/lib/Target/ARM/MCTargetDesc/ARMELFStreamer.cpp, 5179, 1332, 3847
4939, /home/yrong/devel/llvm/benchmark/llvm-project/llvm/lib/Target/ARM/MCTargetDesc/ARMInstPrinter.cpp, 3322, 451, 2871
4940, /home/yrong/devel/llvm/benchmark/llvm-project/llvm/lib/Target/ARM/MCTargetDesc/ARMMCAsmInfo.cpp, 2673, 225, 2448
4941, /home/yrong/devel/llvm/benchmark/llvm-project/llvm/lib/Target/ARM/MCTargetDesc/ARMMCCodeEmitter.cpp, 4754, 989, 3765
4942, /home/yrong/devel/llvm/benchmark/llvm-project/llvm/lib/Target/ARM/MCTargetDesc/ARMMCExpr.cpp, 4598, 985, 3613
4943, /home/yrong/devel/llvm/benchmark/llvm-project/llvm/lib/Target/ARM/MCTargetDesc/ARMMCTargetDesc.cpp, 5714, 1552, 4162
4944, /home/yrong/devel/llvm/benchmark/llvm-project/llvm/lib/Target/ARM/MCTargetDesc/ARMMachORelocationInfo.cpp, 2725, 139, 2586
4945, /home/yrong/devel/llvm/benchmark/llvm-project/llvm/lib/Target/ARM/MCTargetDesc/ARMMachObjectWriter.cpp, 4858, 1126, 3732
4946, /home/yrong/devel/llvm/benchmark/llvm-project/llvm/lib/Target/ARM/MCTargetDesc/ARMTargetStreamer.cpp, 4651, 1025, 3626
4947, /home/yrong/devel/llvm/benchmark/llvm-project/llvm/lib/Target/ARM/MCTargetDesc/ARMUnwindOpAsm.cpp, 2508, 183, 2325
4948, /home/yrong/devel/llvm/benchmark/llvm-project/llvm/lib/Target/ARM/MCTargetDesc/ARMWinCOFFObjectWriter.cpp, 4506, 897, 3609
4949, /home/yrong/devel/llvm/benchmark/llvm-project/llvm/lib/Target/ARM/MCTargetDesc/ARMWinCOFFStreamer.cpp, 4854, 1159, 3695
4950, /home/yrong/devel/llvm/benchmark/llvm-project/llvm/lib/Target/ARM/MLxExpansionPass.cpp, 10408, 4200, 6208
4951, /home/yrong/devel/llvm/benchmark/llvm-project/llvm/lib/Target/ARM/MVEGatherScatterLowering.cpp, 11614, 4512, 7102
4952, /home/yrong/devel/llvm/benchmark/llvm-project/llvm/lib/Target/ARM/MVELaneInterleavingPass.cpp, 10667, 4339, 6328
4953, /home/yrong/devel/llvm/benchmark/llvm-project/llvm/lib/Target/ARM/MVETPAndVPTOptimisationsPass.cpp, 11534, 4405, 7129
4954, /home/yrong/devel/llvm/benchmark/llvm-project/llvm/lib/Target/ARM/MVETailPredication.cpp, 13089, 5428, 7661
4955, /home/yrong/devel/llvm/benchmark/llvm-project/llvm/lib/Target/ARM/MVEVPTBlockPass.cpp, 10373, 4167, 6206
4956, /home/yrong/devel/llvm/benchmark/llvm-project/llvm/lib/Target/ARM/TargetInfo/ARMTargetInfo.cpp, 3078, 401, 2677
4957, /home/yrong/devel/llvm/benchmark/llvm-project/llvm/lib/Target/ARM/Thumb1FrameLowering.cpp, 11151, 4704, 6447
4958, /home/yrong/devel/llvm/benchmark/llvm-project/llvm/lib/Target/ARM/Thumb1InstrInfo.cpp, 10412, 4182, 6230
4959, /home/yrong/devel/llvm/benchmark/llvm-project/llvm/lib/Target/ARM/Thumb2ITBlockPass.cpp, 10414, 4206, 6208
4960, /home/yrong/devel/llvm/benchmark/llvm-project/llvm/lib/Target/ARM/Thumb2InstrInfo.cpp, 10485, 4239, 6246
4961, /home/yrong/devel/llvm/benchmark/llvm-project/llvm/lib/Target/ARM/Thumb2SizeReduction.cpp, 10565, 4313, 6252
4962, /home/yrong/devel/llvm/benchmark/llvm-project/llvm/lib/Target/ARM/ThumbRegisterInfo.cpp, 10445, 4203, 6242
4963, /home/yrong/devel/llvm/benchmark/llvm-project/llvm/lib/Target/ARM/Utils/ARMBaseInfo.cpp, 2648, 223, 2425
4964, /home/yrong/devel/llvm/benchmark/llvm-project/llvm/lib/Target/AVR/AVRAsmPrinter.cpp, 9498, 3517, 5981
4965, /home/yrong/devel/llvm/benchmark/llvm-project/llvm/lib/Target/AVR/AVRExpandPseudoInsts.cpp, 8731, 2943, 5788
4966, /home/yrong/devel/llvm/benchmark/llvm-project/llvm/lib/Target/AVR/AVRFrameLowering.cpp, 8637, 2837, 5800
4967, /home/yrong/devel/llvm/benchmark/llvm-project/llvm/lib/Target/AVR/AVRISelDAGToDAG.cpp, 8679, 2886, 5793
4968, /home/yrong/devel/llvm/benchmark/llvm-project/llvm/lib/Target/AVR/AVRISelLowering.cpp, 9155, 3282, 5873
4969, /home/yrong/devel/llvm/benchmark/llvm-project/llvm/lib/Target/AVR/AVRInstrInfo.cpp, 9240, 3283, 5957
4970, /home/yrong/devel/llvm/benchmark/llvm-project/llvm/lib/Target/AVR/AVRMCInstLower.cpp, 8711, 2924, 5787
4971, /home/yrong/devel/llvm/benchmark/llvm-project/llvm/lib/Target/AVR/AVRRegisterInfo.cpp, 8615, 2804, 5811
4972, /home/yrong/devel/llvm/benchmark/llvm-project/llvm/lib/Target/AVR/AVRShiftExpand.cpp, 6572, 1946, 4626
4973, /home/yrong/devel/llvm/benchmark/llvm-project/llvm/lib/Target/AVR/AVRSubtarget.cpp, 8648, 2880, 5768
4974, /home/yrong/devel/llvm/benchmark/llvm-project/llvm/lib/Target/AVR/AVRTargetMachine.cpp, 8687, 2906, 5781
4975, /home/yrong/devel/llvm/benchmark/llvm-project/llvm/lib/Target/AVR/AVRTargetObjectFile.cpp, 9069, 3153, 5916
4976, /home/yrong/devel/llvm/benchmark/llvm-project/llvm/lib/Target/AVR/AsmParser/AVRAsmParser.cpp, 8539, 2753, 5786
4977, /home/yrong/devel/llvm/benchmark/llvm-project/llvm/lib/Target/AVR/Disassembler/AVRDisassembler.cpp, 9330, 3305, 6025
4978, /home/yrong/devel/llvm/benchmark/llvm-project/llvm/lib/Target/AVR/MCTargetDesc/AVRAsmBackend.cpp, 4706, 1021, 3685
4979, /home/yrong/devel/llvm/benchmark/llvm-project/llvm/lib/Target/AVR/MCTargetDesc/AVRELFObjectWriter.cpp, 3893, 720, 3173
4980, /home/yrong/devel/llvm/benchmark/llvm-project/llvm/lib/Target/AVR/MCTargetDesc/AVRELFStreamer.cpp, 4530, 931, 3599
4981, /home/yrong/devel/llvm/benchmark/llvm-project/llvm/lib/Target/AVR/MCTargetDesc/AVRInstPrinter.cpp, 2976, 292, 2684
4982, /home/yrong/devel/llvm/benchmark/llvm-project/llvm/lib/Target/AVR/MCTargetDesc/AVRMCAsmInfo.cpp, 2668, 220, 2448
4983, /home/yrong/devel/llvm/benchmark/llvm-project/llvm/lib/Target/AVR/MCTargetDesc/AVRMCCodeEmitter.cpp, 4705, 978, 3727
4984, /home/yrong/devel/llvm/benchmark/llvm-project/llvm/lib/Target/AVR/MCTargetDesc/AVRMCELFStreamer.cpp, 4725, 1088, 3637
4985, /home/yrong/devel/llvm/benchmark/llvm-project/llvm/lib/Target/AVR/MCTargetDesc/AVRMCExpr.cpp, 4738, 1079, 3659
4986, /home/yrong/devel/llvm/benchmark/llvm-project/llvm/lib/Target/AVR/MCTargetDesc/AVRMCTargetDesc.cpp, 5783, 1725, 4058
4987, /home/yrong/devel/llvm/benchmark/llvm-project/llvm/lib/Target/AVR/MCTargetDesc/AVRTargetStreamer.cpp, 4626, 1011, 3615
4988, /home/yrong/devel/llvm/benchmark/llvm-project/llvm/lib/Target/AVR/TargetInfo/AVRTargetInfo.cpp, 3078, 401, 2677
4989, /home/yrong/devel/llvm/benchmark/llvm-project/llvm/lib/Target/BPF/AsmParser/BPFAsmParser.cpp, 5013, 1288, 3725
4990, /home/yrong/devel/llvm/benchmark/llvm-project/llvm/lib/Target/BPF/BPFAbstractMemberAccess.cpp, 10548, 3821, 6727
4991, /home/yrong/devel/llvm/benchmark/llvm-project/llvm/lib/Target/BPF/BPFAdjustOpt.cpp, 10479, 3722, 6757
4992, /home/yrong/devel/llvm/benchmark/llvm-project/llvm/lib/Target/BPF/BPFAsmPrinter.cpp, 10222, 4131, 6091
4993, /home/yrong/devel/llvm/benchmark/llvm-project/llvm/lib/Target/BPF/BPFCheckAndAdjustIR.cpp, 10774, 3919, 6855
4994, /home/yrong/devel/llvm/benchmark/llvm-project/llvm/lib/Target/BPF/BPFFrameLowering.cpp, 9015, 3099, 5916
4995, /home/yrong/devel/llvm/benchmark/llvm-project/llvm/lib/Target/BPF/BPFIRPeephole.cpp, 7127, 2295, 4832
4996, /home/yrong/devel/llvm/benchmark/llvm-project/llvm/lib/Target/BPF/BPFISelDAGToDAG.cpp, 9827, 3703, 6124
4997, /home/yrong/devel/llvm/benchmark/llvm-project/llvm/lib/Target/BPF/BPFISelLowering.cpp, 9343, 3368, 5975
4998, /home/yrong/devel/llvm/benchmark/llvm-project/llvm/lib/Target/BPF/BPFInstrInfo.cpp, 8055, 2666, 5389
4999, /home/yrong/devel/llvm/benchmark/llvm-project/llvm/lib/Target/BPF/BPFMCInstLower.cpp, 6433, 1744, 4689
5000, /home/yrong/devel/llvm/benchmark/llvm-project/llvm/lib/Target/BPF/BPFMIChecking.cpp, 9030, 3138, 5892
5001, /home/yrong/devel/llvm/benchmark/llvm-project/llvm/lib/Target/BPF/BPFMIPeephole.cpp, 9146, 3216, 5930
5002, /home/yrong/devel/llvm/benchmark/llvm-project/llvm/lib/Target/BPF/BPFMISimplifyPatchable.cpp, 9052, 3155, 5897
5003, /home/yrong/devel/llvm/benchmark/llvm-project/llvm/lib/Target/BPF/BPFPreserveDIType.cpp, 7838, 2370, 5468
5004, /home/yrong/devel/llvm/benchmark/llvm-project/llvm/lib/Target/BPF/BPFRegisterInfo.cpp, 9136, 3173, 5963
5005, /home/yrong/devel/llvm/benchmark/llvm-project/llvm/lib/Target/BPF/BPFSelectionDAGInfo.cpp, 8989, 3103, 5886
5006, /home/yrong/devel/llvm/benchmark/llvm-project/llvm/lib/Target/BPF/BPFSubtarget.cpp, 9113, 3217, 5896
5007, /home/yrong/devel/llvm/benchmark/llvm-project/llvm/lib/Target/BPF/BPFTargetMachine.cpp, 13728, 6128, 7600
5008, /home/yrong/devel/llvm/benchmark/llvm-project/llvm/lib/Target/BPF/BTFDebug.cpp, 9200, 3803, 5397
5009, /home/yrong/devel/llvm/benchmark/llvm-project/llvm/lib/Target/BPF/Disassembler/BPFDisassembler.cpp, 4742, 1037, 3705
5010, /home/yrong/devel/llvm/benchmark/llvm-project/llvm/lib/Target/BPF/MCTargetDesc/BPFAsmBackend.cpp, 4645, 984, 3661
5011, /home/yrong/devel/llvm/benchmark/llvm-project/llvm/lib/Target/BPF/MCTargetDesc/BPFELFObjectWriter.cpp, 4525, 897, 3628
5012, /home/yrong/devel/llvm/benchmark/llvm-project/llvm/lib/Target/BPF/MCTargetDesc/BPFInstPrinter.cpp, 5814, 1575, 4239
5013, /home/yrong/devel/llvm/benchmark/llvm-project/llvm/lib/Target/BPF/MCTargetDesc/BPFMCCodeEmitter.cpp, 4560, 918, 3642
5014, /home/yrong/devel/llvm/benchmark/llvm-project/llvm/lib/Target/BPF/MCTargetDesc/BPFMCTargetDesc.cpp, 5150, 1065, 4085
5015, /home/yrong/devel/llvm/benchmark/llvm-project/llvm/lib/Target/BPF/TargetInfo/BPFTargetInfo.cpp, 3079, 402, 2677
5016, /home/yrong/devel/llvm/benchmark/llvm-project/llvm/lib/Target/Hexagon/AsmParser/HexagonAsmParser.cpp, 5780, 1730, 4050
5017, /home/yrong/devel/llvm/benchmark/llvm-project/llvm/lib/Target/Hexagon/BitTracker.cpp, 7147, 1783, 5364
5018, /home/yrong/devel/llvm/benchmark/llvm-project/llvm/lib/Target/Hexagon/Disassembler/HexagonDisassembler.cpp, 6669, 1190, 5479
5019, /home/yrong/devel/llvm/benchmark/llvm-project/llvm/lib/Target/Hexagon/HexagonAsmPrinter.cpp, 9523, 3488, 6035
5020, /home/yrong/devel/llvm/benchmark/llvm-project/llvm/lib/Target/Hexagon/HexagonBitSimplify.cpp, 9830, 3158, 6672
5021, /home/yrong/devel/llvm/benchmark/llvm-project/llvm/lib/Target/Hexagon/HexagonBitTracker.cpp, 9835, 3585, 6250
5022, /home/yrong/devel/llvm/benchmark/llvm-project/llvm/lib/Target/Hexagon/HexagonBlockRanges.cpp, 8746, 2943, 5803
5023, /home/yrong/devel/llvm/benchmark/llvm-project/llvm/lib/Target/Hexagon/HexagonBranchRelaxation.cpp, 8532, 2753, 5779
5024, /home/yrong/devel/llvm/benchmark/llvm-project/llvm/lib/Target/Hexagon/HexagonCFGOptimizer.cpp, 6968, 1941, 5027
5025, /home/yrong/devel/llvm/benchmark/llvm-project/llvm/lib/Target/Hexagon/HexagonCommonGEP.cpp, 7566, 2019, 5547
5026, /home/yrong/devel/llvm/benchmark/llvm-project/llvm/lib/Target/Hexagon/HexagonConstExtenders.cpp, 9940, 3256, 6684
5027, /home/yrong/devel/llvm/benchmark/llvm-project/llvm/lib/Target/Hexagon/HexagonConstPropagation.cpp, 9305, 2995, 6310
5028, /home/yrong/devel/llvm/benchmark/llvm-project/llvm/lib/Target/Hexagon/HexagonCopyToCombine.cpp, 8799, 2970, 5829
5029, /home/yrong/devel/llvm/benchmark/llvm-project/llvm/lib/Target/Hexagon/HexagonEarlyIfConv.cpp, 9700, 2988, 6712
5030, /home/yrong/devel/llvm/benchmark/llvm-project/llvm/lib/Target/Hexagon/HexagonExpandCondsets.cpp, 8697, 2436, 6261
5031, /home/yrong/devel/llvm/benchmark/llvm-project/llvm/lib/Target/Hexagon/HexagonFixupHwLoops.cpp, 8700, 2907, 5793
5032, /home/yrong/devel/llvm/benchmark/llvm-project/llvm/lib/Target/Hexagon/HexagonFrameLowering.cpp, 10876, 4016, 6860
5033, /home/yrong/devel/llvm/benchmark/llvm-project/llvm/lib/Target/Hexagon/HexagonGenExtract.cpp, 7449, 2261, 5188
5034, /home/yrong/devel/llvm/benchmark/llvm-project/llvm/lib/Target/Hexagon/HexagonGenInsert.cpp, 10033, 3247, 6786
5035, /home/yrong/devel/llvm/benchmark/llvm-project/llvm/lib/Target/Hexagon/HexagonGenMux.cpp, 8685, 2830, 5855
5036, /home/yrong/devel/llvm/benchmark/llvm-project/llvm/lib/Target/Hexagon/HexagonGenPredicate.cpp, 9546, 2954, 6592
5037, /home/yrong/devel/llvm/benchmark/llvm-project/llvm/lib/Target/Hexagon/HexagonHardwareLoops.cpp, 9815, 3096, 6719
5038, /home/yrong/devel/llvm/benchmark/llvm-project/llvm/lib/Target/Hexagon/HexagonHazardRecognizer.cpp, 9126, 2916, 6210
5039, /home/yrong/devel/llvm/benchmark/llvm-project/llvm/lib/Target/Hexagon/HexagonISelDAGToDAG.cpp, 9402, 3413, 5989
5040, /home/yrong/devel/llvm/benchmark/llvm-project/llvm/lib/Target/Hexagon/HexagonISelDAGToDAGHVX.cpp, 10264, 3586, 6678
5041, /home/yrong/devel/llvm/benchmark/llvm-project/llvm/lib/Target/Hexagon/HexagonISelLowering.cpp, 10499, 4379, 6120
5042, /home/yrong/devel/llvm/benchmark/llvm-project/llvm/lib/Target/Hexagon/HexagonISelLoweringHVX.cpp, 9422, 3437, 5985
5043, /home/yrong/devel/llvm/benchmark/llvm-project/llvm/lib/Target/Hexagon/HexagonInstrInfo.cpp, 10340, 3669, 6671
5044, /home/yrong/devel/llvm/benchmark/llvm-project/llvm/lib/Target/Hexagon/HexagonLoopIdiomRecognition.cpp, 10504, 4001, 6503
5045, /home/yrong/devel/llvm/benchmark/llvm-project/llvm/lib/Target/Hexagon/HexagonMCInstLower.cpp, 9289, 3334, 5955
5046, /home/yrong/devel/llvm/benchmark/llvm-project/llvm/lib/Target/Hexagon/HexagonMachineFunctionInfo.cpp, 5321, 1041, 4280
5047, /home/yrong/devel/llvm/benchmark/llvm-project/llvm/lib/Target/Hexagon/HexagonMachineScheduler.cpp, 9185, 2995, 6190
5048, /home/yrong/devel/llvm/benchmark/llvm-project/llvm/lib/Target/Hexagon/HexagonNewValueJump.cpp, 8550, 2769, 5781
5049, /home/yrong/devel/llvm/benchmark/llvm-project/llvm/lib/Target/Hexagon/HexagonOptAddrMode.cpp, 9861, 3157, 6704
5050, /home/yrong/devel/llvm/benchmark/llvm-project/llvm/lib/Target/Hexagon/HexagonOptimizeSZextends.cpp, 8188, 2281, 5907
5051, /home/yrong/devel/llvm/benchmark/llvm-project/llvm/lib/Target/Hexagon/HexagonPeephole.cpp, 8769, 2947, 5822
5052, /home/yrong/devel/llvm/benchmark/llvm-project/llvm/lib/Target/Hexagon/HexagonRDFOpt.cpp, 9923, 3207, 6716
5053, /home/yrong/devel/llvm/benchmark/llvm-project/llvm/lib/Target/Hexagon/HexagonRegisterInfo.cpp, 9269, 3122, 6147
5054, /home/yrong/devel/llvm/benchmark/llvm-project/llvm/lib/Target/Hexagon/HexagonSelectionDAGInfo.cpp, 8675, 2886, 5789
5055, /home/yrong/devel/llvm/benchmark/llvm-project/llvm/lib/Target/Hexagon/HexagonSplitConst32AndConst64.cpp, 8686, 2892, 5794
5056, /home/yrong/devel/llvm/benchmark/llvm-project/llvm/lib/Target/Hexagon/HexagonSplitDouble.cpp, 9336, 3195, 6141
5057, /home/yrong/devel/llvm/benchmark/llvm-project/llvm/lib/Target/Hexagon/HexagonStoreWidening.cpp, 8759, 2926, 5833
5058, /home/yrong/devel/llvm/benchmark/llvm-project/llvm/lib/Target/Hexagon/HexagonSubtarget.cpp, 9555, 3301, 6254
5059, /home/yrong/devel/llvm/benchmark/llvm-project/llvm/lib/Target/Hexagon/HexagonTargetMachine.cpp, 13934, 6101, 7833
5060, /home/yrong/devel/llvm/benchmark/llvm-project/llvm/lib/Target/Hexagon/HexagonTargetObjectFile.cpp, 5810, 1564, 4246
5061, /home/yrong/devel/llvm/benchmark/llvm-project/llvm/lib/Target/Hexagon/HexagonTargetTransformInfo.cpp, 11293, 4518, 6775
5062, /home/yrong/devel/llvm/benchmark/llvm-project/llvm/lib/Target/Hexagon/HexagonVExtract.cpp, 8596, 2822, 5774
5063, /home/yrong/devel/llvm/benchmark/llvm-project/llvm/lib/Target/Hexagon/HexagonVLIWPacketizer.cpp, 10311, 3388, 6923
5064, /home/yrong/devel/llvm/benchmark/llvm-project/llvm/lib/Target/Hexagon/HexagonVectorCombine.cpp, 12693, 5284, 7409
5065, /home/yrong/devel/llvm/benchmark/llvm-project/llvm/lib/Target/Hexagon/HexagonVectorLoopCarriedReuse.cpp, 8647, 2897, 5750
5066, /home/yrong/devel/llvm/benchmark/llvm-project/llvm/lib/Target/Hexagon/HexagonVectorPrint.cpp, 8530, 2761, 5769
5067, /home/yrong/devel/llvm/benchmark/llvm-project/llvm/lib/Target/Hexagon/MCTargetDesc/HexagonAsmBackend.cpp, 5613, 1254, 4359
5068, /home/yrong/devel/llvm/benchmark/llvm-project/llvm/lib/Target/Hexagon/MCTargetDesc/HexagonELFObjectWriter.cpp, 4142, 807, 3335
5069, /home/yrong/devel/llvm/benchmark/llvm-project/llvm/lib/Target/Hexagon/MCTargetDesc/HexagonInstPrinter.cpp, 3336, 389, 2947
5070, /home/yrong/devel/llvm/benchmark/llvm-project/llvm/lib/Target/Hexagon/MCTargetDesc/HexagonMCAsmInfo.cpp, 2560, 167, 2393
5071, /home/yrong/devel/llvm/benchmark/llvm-project/llvm/lib/Target/Hexagon/MCTargetDesc/HexagonMCChecker.cpp, 5199, 1290, 3909
5072, /home/yrong/devel/llvm/benchmark/llvm-project/llvm/lib/Target/Hexagon/MCTargetDesc/HexagonMCCodeEmitter.cpp, 5020, 1175, 3845
5073, /home/yrong/devel/llvm/benchmark/llvm-project/llvm/lib/Target/Hexagon/MCTargetDesc/HexagonMCCompound.cpp, 4761, 978, 3783
5074, /home/yrong/devel/llvm/benchmark/llvm-project/llvm/lib/Target/Hexagon/MCTargetDesc/HexagonMCDuplexInfo.cpp, 3835, 627, 3208
5075, /home/yrong/devel/llvm/benchmark/llvm-project/llvm/lib/Target/Hexagon/MCTargetDesc/HexagonMCELFStreamer.cpp, 5134, 1271, 3863
5076, /home/yrong/devel/llvm/benchmark/llvm-project/llvm/lib/Target/Hexagon/MCTargetDesc/HexagonMCExpr.cpp, 4639, 985, 3654
5077, /home/yrong/devel/llvm/benchmark/llvm-project/llvm/lib/Target/Hexagon/MCTargetDesc/HexagonMCInstrInfo.cpp, 4911, 1021, 3890
5078, /home/yrong/devel/llvm/benchmark/llvm-project/llvm/lib/Target/Hexagon/MCTargetDesc/HexagonMCShuffler.cpp, 3382, 427, 2955
5079, /home/yrong/devel/llvm/benchmark/llvm-project/llvm/lib/Target/Hexagon/MCTargetDesc/HexagonMCTargetDesc.cpp, 6097, 1668, 4429
5080, /home/yrong/devel/llvm/benchmark/llvm-project/llvm/lib/Target/Hexagon/MCTargetDesc/HexagonShuffler.cpp, 5117, 1201, 3916
5081, /home/yrong/devel/llvm/benchmark/llvm-project/llvm/lib/Target/Hexagon/RDFCopy.cpp, 7552, 1926, 5626
5082, /home/yrong/devel/llvm/benchmark/llvm-project/llvm/lib/Target/Hexagon/RDFDeadCode.cpp, 6866, 1625, 5241
5083, /home/yrong/devel/llvm/benchmark/llvm-project/llvm/lib/Target/Hexagon/TargetInfo/HexagonTargetInfo.cpp, 3078, 401, 2677
5084, /home/yrong/devel/llvm/benchmark/llvm-project/llvm/lib/Target/Lanai/AsmParser/LanaiAsmParser.cpp, 8089, 2754, 5335
5085, /home/yrong/devel/llvm/benchmark/llvm-project/llvm/lib/Target/Lanai/Disassembler/LanaiDisassembler.cpp, 7310, 2165, 5145
5086, /home/yrong/devel/llvm/benchmark/llvm-project/llvm/lib/Target/Lanai/LanaiAsmPrinter.cpp, 9445, 3496, 5949
5087, /home/yrong/devel/llvm/benchmark/llvm-project/llvm/lib/Target/Lanai/LanaiDelaySlotFiller.cpp, 8574, 2817, 5757
5088, /home/yrong/devel/llvm/benchmark/llvm-project/llvm/lib/Target/Lanai/LanaiFrameLowering.cpp, 8548, 2772, 5776
5089, /home/yrong/devel/llvm/benchmark/llvm-project/llvm/lib/Target/Lanai/LanaiISelDAGToDAG.cpp, 8674, 2875, 5799
5090, /home/yrong/devel/llvm/benchmark/llvm-project/llvm/lib/Target/Lanai/LanaiISelLowering.cpp, 9066, 2994, 6072
5091, /home/yrong/devel/llvm/benchmark/llvm-project/llvm/lib/Target/Lanai/LanaiInstrInfo.cpp, 7250, 2183, 5067
5092, /home/yrong/devel/llvm/benchmark/llvm-project/llvm/lib/Target/Lanai/LanaiMCInstLower.cpp, 6603, 1830, 4773
5093, /home/yrong/devel/llvm/benchmark/llvm-project/llvm/lib/Target/Lanai/LanaiMachineFunctionInfo.cpp, 6144, 1404, 4740
5094, /home/yrong/devel/llvm/benchmark/llvm-project/llvm/lib/Target/Lanai/LanaiMemAluCombiner.cpp, 8562, 2796, 5766
5095, /home/yrong/devel/llvm/benchmark/llvm-project/llvm/lib/Target/Lanai/LanaiRegisterInfo.cpp, 7108, 2021, 5087
5096, /home/yrong/devel/llvm/benchmark/llvm-project/llvm/lib/Target/Lanai/LanaiSelectionDAGInfo.cpp, 8497, 2746, 5751
5097, /home/yrong/devel/llvm/benchmark/llvm-project/llvm/lib/Target/Lanai/LanaiSubtarget.cpp, 8470, 2731, 5739
5098, /home/yrong/devel/llvm/benchmark/llvm-project/llvm/lib/Target/Lanai/LanaiTargetMachine.cpp, 11236, 4504, 6732
5099, /home/yrong/devel/llvm/benchmark/llvm-project/llvm/lib/Target/Lanai/LanaiTargetObjectFile.cpp, 9031, 3140, 5891
5100, /home/yrong/devel/llvm/benchmark/llvm-project/llvm/lib/Target/Lanai/MCTargetDesc/LanaiAsmBackend.cpp, 3974, 761, 3213
5101, /home/yrong/devel/llvm/benchmark/llvm-project/llvm/lib/Target/Lanai/MCTargetDesc/LanaiELFObjectWriter.cpp, 3326, 402, 2924
5102, /home/yrong/devel/llvm/benchmark/llvm-project/llvm/lib/Target/Lanai/MCTargetDesc/LanaiInstPrinter.cpp, 3214, 411, 2803
5103, /home/yrong/devel/llvm/benchmark/llvm-project/llvm/lib/Target/Lanai/MCTargetDesc/LanaiMCAsmInfo.cpp, 2667, 219, 2448
5104, /home/yrong/devel/llvm/benchmark/llvm-project/llvm/lib/Target/Lanai/MCTargetDesc/LanaiMCCodeEmitter.cpp, 3248, 404, 2844
5105, /home/yrong/devel/llvm/benchmark/llvm-project/llvm/lib/Target/Lanai/MCTargetDesc/LanaiMCExpr.cpp, 4734, 1076, 3658
5106, /home/yrong/devel/llvm/benchmark/llvm-project/llvm/lib/Target/Lanai/MCTargetDesc/LanaiMCTargetDesc.cpp, 5014, 1008, 4006
5107, /home/yrong/devel/llvm/benchmark/llvm-project/llvm/lib/Target/Lanai/TargetInfo/LanaiTargetInfo.cpp, 3078, 401, 2677
5108, /home/yrong/devel/llvm/benchmark/llvm-project/llvm/lib/Target/LoongArch/AsmParser/LoongArchAsmParser.cpp, 5094, 1356, 3738
5109, /home/yrong/devel/llvm/benchmark/llvm-project/llvm/lib/Target/LoongArch/Disassembler/LoongArchDisassembler.cpp, 5321, 1093, 4228
5110, /home/yrong/devel/llvm/benchmark/llvm-project/llvm/lib/Target/LoongArch/LoongArchAsmPrinter.cpp, 9454, 3491, 5963
5111, /home/yrong/devel/llvm/benchmark/llvm-project/llvm/lib/Target/LoongArch/LoongArchExpandAtomicPseudoInsts.cpp, 8715, 2913, 5802
5112, /home/yrong/devel/llvm/benchmark/llvm-project/llvm/lib/Target/LoongArch/LoongArchExpandPseudoInsts.cpp, 9120, 3175, 5945
5113, /home/yrong/devel/llvm/benchmark/llvm-project/llvm/lib/Target/LoongArch/LoongArchFrameLowering.cpp, 8814, 2952, 5862
5114, /home/yrong/devel/llvm/benchmark/llvm-project/llvm/lib/Target/LoongArch/LoongArchISelDAGToDAG.cpp, 8673, 2882, 5791
5115, /home/yrong/devel/llvm/benchmark/llvm-project/llvm/lib/Target/LoongArch/LoongArchISelLowering.cpp, 9473, 3510, 5963
5116, /home/yrong/devel/llvm/benchmark/llvm-project/llvm/lib/Target/LoongArch/LoongArchInstrInfo.cpp, 8664, 2856, 5808
5117, /home/yrong/devel/llvm/benchmark/llvm-project/llvm/lib/Target/LoongArch/LoongArchMCInstLower.cpp, 9203, 3266, 5937
5118, /home/yrong/devel/llvm/benchmark/llvm-project/llvm/lib/Target/LoongArch/LoongArchRegisterInfo.cpp, 8590, 2789, 5801
5119, /home/yrong/devel/llvm/benchmark/llvm-project/llvm/lib/Target/LoongArch/LoongArchSubtarget.cpp, 8515, 2763, 5752
5120, /home/yrong/devel/llvm/benchmark/llvm-project/llvm/lib/Target/LoongArch/LoongArchTargetMachine.cpp, 11393, 4607, 6786
5121, /home/yrong/devel/llvm/benchmark/llvm-project/llvm/lib/Target/LoongArch/LoongArchTargetTransformInfo.cpp, 10836, 4155, 6681
5122, /home/yrong/devel/llvm/benchmark/llvm-project/llvm/lib/Target/LoongArch/MCTargetDesc/LoongArchAsmBackend.cpp, 4721, 1028, 3693
5123, /home/yrong/devel/llvm/benchmark/llvm-project/llvm/lib/Target/LoongArch/MCTargetDesc/LoongArchBaseInfo.cpp, 2737, 255, 2482
5124, /home/yrong/devel/llvm/benchmark/llvm-project/llvm/lib/Target/LoongArch/MCTargetDesc/LoongArchELFObjectWriter.cpp, 4529, 899, 3630
5125, /home/yrong/devel/llvm/benchmark/llvm-project/llvm/lib/Target/LoongArch/MCTargetDesc/LoongArchELFStreamer.cpp, 5641, 1532, 4109
5126, /home/yrong/devel/llvm/benchmark/llvm-project/llvm/lib/Target/LoongArch/MCTargetDesc/LoongArchInstPrinter.cpp, 3536, 467, 3069
5127, /home/yrong/devel/llvm/benchmark/llvm-project/llvm/lib/Target/LoongArch/MCTargetDesc/LoongArchMCAsmInfo.cpp, 4114, 782, 3332
5128, /home/yrong/devel/llvm/benchmark/llvm-project/llvm/lib/Target/LoongArch/MCTargetDesc/LoongArchMCCodeEmitter.cpp, 4587, 917, 3670
5129, /home/yrong/devel/llvm/benchmark/llvm-project/llvm/lib/Target/LoongArch/MCTargetDesc/LoongArchMCExpr.cpp, 4669, 1010, 3659
5130, /home/yrong/devel/llvm/benchmark/llvm-project/llvm/lib/Target/LoongArch/MCTargetDesc/LoongArchMCTargetDesc.cpp, 6234, 1645, 4589
5131, /home/yrong/devel/llvm/benchmark/llvm-project/llvm/lib/Target/LoongArch/MCTargetDesc/LoongArchMatInt.cpp, 2530, 131, 2399
5132, /home/yrong/devel/llvm/benchmark/llvm-project/llvm/lib/Target/LoongArch/MCTargetDesc/LoongArchTargetStreamer.cpp, 5394, 1395, 3999
5133, /home/yrong/devel/llvm/benchmark/llvm-project/llvm/lib/Target/LoongArch/TargetInfo/LoongArchTargetInfo.cpp, 3078, 401, 2677
5134, /home/yrong/devel/llvm/benchmark/llvm-project/llvm/lib/Target/MSP430/AsmParser/MSP430AsmParser.cpp, 7048, 2227, 4821
5135, /home/yrong/devel/llvm/benchmark/llvm-project/llvm/lib/Target/MSP430/Disassembler/MSP430Disassembler.cpp, 5953, 1656, 4297
5136, /home/yrong/devel/llvm/benchmark/llvm-project/llvm/lib/Target/MSP430/MCTargetDesc/MSP430AsmBackend.cpp, 4673, 992, 3681
5137, /home/yrong/devel/llvm/benchmark/llvm-project/llvm/lib/Target/MSP430/MCTargetDesc/MSP430ELFObjectWriter.cpp, 3225, 332, 2893
5138, /home/yrong/devel/llvm/benchmark/llvm-project/llvm/lib/Target/MSP430/MCTargetDesc/MSP430ELFStreamer.cpp, 4786, 1108, 3678
5139, /home/yrong/devel/llvm/benchmark/llvm-project/llvm/lib/Target/MSP430/MCTargetDesc/MSP430InstPrinter.cpp, 4787, 1081, 3706
5140, /home/yrong/devel/llvm/benchmark/llvm-project/llvm/lib/Target/MSP430/MCTargetDesc/MSP430MCAsmInfo.cpp, 2560, 167, 2393
5141, /home/yrong/devel/llvm/benchmark/llvm-project/llvm/lib/Target/MSP430/MCTargetDesc/MSP430MCCodeEmitter.cpp, 5711, 1526, 4185
5142, /home/yrong/devel/llvm/benchmark/llvm-project/llvm/lib/Target/MSP430/MCTargetDesc/MSP430MCTargetDesc.cpp, 4359, 767, 3592
5143, /home/yrong/devel/llvm/benchmark/llvm-project/llvm/lib/Target/MSP430/MSP430AsmPrinter.cpp, 9422, 3467, 5955
5144, /home/yrong/devel/llvm/benchmark/llvm-project/llvm/lib/Target/MSP430/MSP430BranchSelector.cpp, 8537, 2763, 5774
5145, /home/yrong/devel/llvm/benchmark/llvm-project/llvm/lib/Target/MSP430/MSP430FrameLowering.cpp, 9086, 3146, 5940
5146, /home/yrong/devel/llvm/benchmark/llvm-project/llvm/lib/Target/MSP430/MSP430ISelDAGToDAG.cpp, 8673, 2857, 5816
5147, /home/yrong/devel/llvm/benchmark/llvm-project/llvm/lib/Target/MSP430/MSP430ISelLowering.cpp, 8843, 2979, 5864
5148, /home/yrong/devel/llvm/benchmark/llvm-project/llvm/lib/Target/MSP430/MSP430InstrInfo.cpp, 8685, 2890, 5795
5149, /home/yrong/devel/llvm/benchmark/llvm-project/llvm/lib/Target/MSP430/MSP430MCInstLower.cpp, 7141, 2195, 4946
5150, /home/yrong/devel/llvm/benchmark/llvm-project/llvm/lib/Target/MSP430/MSP430MachineFunctionInfo.cpp, 5278, 1002, 4276
5151, /home/yrong/devel/llvm/benchmark/llvm-project/llvm/lib/Target/MSP430/MSP430RegisterInfo.cpp, 8546, 2761, 5785
5152, /home/yrong/devel/llvm/benchmark/llvm-project/llvm/lib/Target/MSP430/MSP430Subtarget.cpp, 8643, 2869, 5774
5153, /home/yrong/devel/llvm/benchmark/llvm-project/llvm/lib/Target/MSP430/MSP430TargetMachine.cpp, 8646, 2880, 5766
5154, /home/yrong/devel/llvm/benchmark/llvm-project/llvm/lib/Target/MSP430/TargetInfo/MSP430TargetInfo.cpp, 3078, 401, 2677
5155, /home/yrong/devel/llvm/benchmark/llvm-project/llvm/lib/Target/Mips/AsmParser/MipsAsmParser.cpp, 6375, 2041, 4334
5156, /home/yrong/devel/llvm/benchmark/llvm-project/llvm/lib/Target/Mips/Disassembler/MipsDisassembler.cpp, 6961, 1656, 5305
5157, /home/yrong/devel/llvm/benchmark/llvm-project/llvm/lib/Target/Mips/MCTargetDesc/MipsABIFlagsSection.cpp, 4098, 761, 3337
5158, /home/yrong/devel/llvm/benchmark/llvm-project/llvm/lib/Target/Mips/MCTargetDesc/MipsABIInfo.cpp, 5005, 1179, 3826
5159, /home/yrong/devel/llvm/benchmark/llvm-project/llvm/lib/Target/Mips/MCTargetDesc/MipsAsmBackend.cpp, 4849, 1133, 3716
5160, /home/yrong/devel/llvm/benchmark/llvm-project/llvm/lib/Target/Mips/MCTargetDesc/MipsELFObjectWriter.cpp, 4574, 934, 3640
5161, /home/yrong/devel/llvm/benchmark/llvm-project/llvm/lib/Target/Mips/MCTargetDesc/MipsELFStreamer.cpp, 4954, 1225, 3729
5162, /home/yrong/devel/llvm/benchmark/llvm-project/llvm/lib/Target/Mips/MCTargetDesc/MipsInstPrinter.cpp, 4937, 1145, 3792
5163, /home/yrong/devel/llvm/benchmark/llvm-project/llvm/lib/Target/Mips/MCTargetDesc/MipsMCAsmInfo.cpp, 3004, 316, 2688
5164, /home/yrong/devel/llvm/benchmark/llvm-project/llvm/lib/Target/Mips/MCTargetDesc/MipsMCCodeEmitter.cpp, 4730, 973, 3757
5165, /home/yrong/devel/llvm/benchmark/llvm-project/llvm/lib/Target/Mips/MCTargetDesc/MipsMCExpr.cpp, 4770, 1085, 3685
5166, /home/yrong/devel/llvm/benchmark/llvm-project/llvm/lib/Target/Mips/MCTargetDesc/MipsMCTargetDesc.cpp, 5499, 1350, 4149
5167, /home/yrong/devel/llvm/benchmark/llvm-project/llvm/lib/Target/Mips/MCTargetDesc/MipsNaClELFStreamer.cpp, 5931, 1759, 4172
5168, /home/yrong/devel/llvm/benchmark/llvm-project/llvm/lib/Target/Mips/MCTargetDesc/MipsOptionRecord.cpp, 4904, 1192, 3712
5169, /home/yrong/devel/llvm/benchmark/llvm-project/llvm/lib/Target/Mips/MCTargetDesc/MipsTargetStreamer.cpp, 5168, 1281, 3887
5170, /home/yrong/devel/llvm/benchmark/llvm-project/llvm/lib/Target/Mips/MicroMipsSizeReduction.cpp, 9688, 3369, 6319
5171, /home/yrong/devel/llvm/benchmark/llvm-project/llvm/lib/Target/Mips/Mips16FrameLowering.cpp, 10205, 3719, 6486
5172, /home/yrong/devel/llvm/benchmark/llvm-project/llvm/lib/Target/Mips/Mips16HardFloat.cpp, 9737, 3421, 6316
5173, /home/yrong/devel/llvm/benchmark/llvm-project/llvm/lib/Target/Mips/Mips16HardFloatInfo.cpp, 1, 0, 1
5174, /home/yrong/devel/llvm/benchmark/llvm-project/llvm/lib/Target/Mips/Mips16ISelDAGToDAG.cpp, 9840, 3483, 6357
5175, /home/yrong/devel/llvm/benchmark/llvm-project/llvm/lib/Target/Mips/Mips16ISelLowering.cpp, 9775, 3458, 6317
5176, /home/yrong/devel/llvm/benchmark/llvm-project/llvm/lib/Target/Mips/Mips16InstrInfo.cpp, 7590, 2325, 5265
5177, /home/yrong/devel/llvm/benchmark/llvm-project/llvm/lib/Target/Mips/Mips16RegisterInfo.cpp, 10275, 3808, 6467
5178, /home/yrong/devel/llvm/benchmark/llvm-project/llvm/lib/Target/Mips/MipsAnalyzeImmediate.cpp, 4741, 1070, 3671
5179, /home/yrong/devel/llvm/benchmark/llvm-project/llvm/lib/Target/Mips/MipsAsmPrinter.cpp, 10952, 4232, 6720
5180, /home/yrong/devel/llvm/benchmark/llvm-project/llvm/lib/Target/Mips/MipsBranchExpansion.cpp, 10515, 4022, 6493
5181, /home/yrong/devel/llvm/benchmark/llvm-project/llvm/lib/Target/Mips/MipsCCState.cpp, 9647, 3341, 6306
5182, /home/yrong/devel/llvm/benchmark/llvm-project/llvm/lib/Target/Mips/MipsCallLowering.cpp, 10195, 3826, 6369
5183, /home/yrong/devel/llvm/benchmark/llvm-project/llvm/lib/Target/Mips/MipsConstantIslandPass.cpp, 9936, 3565, 6371
5184, /home/yrong/devel/llvm/benchmark/llvm-project/llvm/lib/Target/Mips/MipsDelaySlotFiller.cpp, 10518, 3968, 6550
5185, /home/yrong/devel/llvm/benchmark/llvm-project/llvm/lib/Target/Mips/MipsExpandPseudo.cpp, 9814, 3468, 6346
5186, /home/yrong/devel/llvm/benchmark/llvm-project/llvm/lib/Target/Mips/MipsFastISel.cpp, 11560, 4822, 6738
5187, /home/yrong/devel/llvm/benchmark/llvm-project/llvm/lib/Target/Mips/MipsFrameLowering.cpp, 10215, 3729, 6486
5188, /home/yrong/devel/llvm/benchmark/llvm-project/llvm/lib/Target/Mips/MipsISelDAGToDAG.cpp, 10297, 3564, 6733
5189, /home/yrong/devel/llvm/benchmark/llvm-project/llvm/lib/Target/Mips/MipsISelLowering.cpp, 11139, 4531, 6608
5190, /home/yrong/devel/llvm/benchmark/llvm-project/llvm/lib/Target/Mips/MipsInstrInfo.cpp, 10290, 3851, 6439
5191, /home/yrong/devel/llvm/benchmark/llvm-project/llvm/lib/Target/Mips/MipsInstructionSelector.cpp, 10645, 4076, 6569
5192, /home/yrong/devel/llvm/benchmark/llvm-project/llvm/lib/Target/Mips/MipsLegalizerInfo.cpp, 10358, 4001, 6357
5193, /home/yrong/devel/llvm/benchmark/llvm-project/llvm/lib/Target/Mips/MipsMCInstLower.cpp, 10223, 3797, 6426
5194, /home/yrong/devel/llvm/benchmark/llvm-project/llvm/lib/Target/Mips/MipsMachineFunction.cpp, 9745, 3410, 6335
5195, /home/yrong/devel/llvm/benchmark/llvm-project/llvm/lib/Target/Mips/MipsModuleISelDAGToDAG.cpp, 10173, 3454, 6719
5196, /home/yrong/devel/llvm/benchmark/llvm-project/llvm/lib/Target/Mips/MipsMulMulBugPass.cpp, 9659, 3349, 6310
5197, /home/yrong/devel/llvm/benchmark/llvm-project/llvm/lib/Target/Mips/MipsOptimizePICCall.cpp, 10308, 3498, 6810
5198, /home/yrong/devel/llvm/benchmark/llvm-project/llvm/lib/Target/Mips/MipsOs16.cpp, 5712, 1470, 4242
5199, /home/yrong/devel/llvm/benchmark/llvm-project/llvm/lib/Target/Mips/MipsPostLegalizerCombiner.cpp, 11089, 4091, 6998
5200, /home/yrong/devel/llvm/benchmark/llvm-project/llvm/lib/Target/Mips/MipsPreLegalizerCombiner.cpp, 10147, 3809, 6338
5201, /home/yrong/devel/llvm/benchmark/llvm-project/llvm/lib/Target/Mips/MipsRegisterBankInfo.cpp, 10611, 4126, 6485
5202, /home/yrong/devel/llvm/benchmark/llvm-project/llvm/lib/Target/Mips/MipsRegisterInfo.cpp, 9724, 3373, 6351
5203, /home/yrong/devel/llvm/benchmark/llvm-project/llvm/lib/Target/Mips/MipsSEFrameLowering.cpp, 10333, 3828, 6505
5204, /home/yrong/devel/llvm/benchmark/llvm-project/llvm/lib/Target/Mips/MipsSEISelDAGToDAG.cpp, 10410, 3649, 6761
5205, /home/yrong/devel/llvm/benchmark/llvm-project/llvm/lib/Target/Mips/MipsSEISelLowering.cpp, 10039, 3688, 6351
5206, /home/yrong/devel/llvm/benchmark/llvm-project/llvm/lib/Target/Mips/MipsSEInstrInfo.cpp, 9896, 3563, 6333
5207, /home/yrong/devel/llvm/benchmark/llvm-project/llvm/lib/Target/Mips/MipsSERegisterInfo.cpp, 10290, 3823, 6467
5208, /home/yrong/devel/llvm/benchmark/llvm-project/llvm/lib/Target/Mips/MipsSubtarget.cpp, 9940, 3563, 6377
5209, /home/yrong/devel/llvm/benchmark/llvm-project/llvm/lib/Target/Mips/MipsTargetMachine.cpp, 13243, 5821, 7422
5210, /home/yrong/devel/llvm/benchmark/llvm-project/llvm/lib/Target/Mips/MipsTargetObjectFile.cpp, 10229, 3771, 6458
5211, /home/yrong/devel/llvm/benchmark/llvm-project/llvm/lib/Target/Mips/MipsTargetTransformInfo.cpp, 11919, 4712, 7207
5212, /home/yrong/devel/llvm/benchmark/llvm-project/llvm/lib/Target/Mips/TargetInfo/MipsTargetInfo.cpp, 3078, 401, 2677
5213, /home/yrong/devel/llvm/benchmark/llvm-project/llvm/lib/Target/NVPTX/MCTargetDesc/NVPTXInstPrinter.cpp, 4814, 1025, 3789
5214, /home/yrong/devel/llvm/benchmark/llvm-project/llvm/lib/Target/NVPTX/MCTargetDesc/NVPTXMCAsmInfo.cpp, 2667, 219, 2448
5215, /home/yrong/devel/llvm/benchmark/llvm-project/llvm/lib/Target/NVPTX/MCTargetDesc/NVPTXMCTargetDesc.cpp, 5103, 1089, 4014
5216, /home/yrong/devel/llvm/benchmark/llvm-project/llvm/lib/Target/NVPTX/MCTargetDesc/NVPTXTargetStreamer.cpp, 4627, 1009, 3618
5217, /home/yrong/devel/llvm/benchmark/llvm-project/llvm/lib/Target/NVPTX/NVPTXAliasAnalysis.cpp, 5839, 1492, 4347
5218, /home/yrong/devel/llvm/benchmark/llvm-project/llvm/lib/Target/NVPTX/NVPTXAllocaHoisting.cpp, 7416, 1794, 5622
5219, /home/yrong/devel/llvm/benchmark/llvm-project/llvm/lib/Target/NVPTX/NVPTXAsmPrinter.cpp, 11507, 4407, 7100
5220, /home/yrong/devel/llvm/benchmark/llvm-project/llvm/lib/Target/NVPTX/NVPTXAssignValidGlobalNames.cpp, 4665, 963, 3702
5221, /home/yrong/devel/llvm/benchmark/llvm-project/llvm/lib/Target/NVPTX/NVPTXAtomicLower.cpp, 7784, 2100, 5684
5222, /home/yrong/devel/llvm/benchmark/llvm-project/llvm/lib/Target/NVPTX/NVPTXCtorDtorLowering.cpp, 6097, 1689, 4408
5223, /home/yrong/devel/llvm/benchmark/llvm-project/llvm/lib/Target/NVPTX/NVPTXFrameLowering.cpp, 8997, 2777, 6220
5224, /home/yrong/devel/llvm/benchmark/llvm-project/llvm/lib/Target/NVPTX/NVPTXGenericToNVVM.cpp, 7100, 2306, 4794
5225, /home/yrong/devel/llvm/benchmark/llvm-project/llvm/lib/Target/NVPTX/NVPTXISelDAGToDAG.cpp, 9994, 3616, 6378
5226, /home/yrong/devel/llvm/benchmark/llvm-project/llvm/lib/Target/NVPTX/NVPTXISelLowering.cpp, 10322, 3637, 6685
5227, /home/yrong/devel/llvm/benchmark/llvm-project/llvm/lib/Target/NVPTX/NVPTXImageOptimizer.cpp, 6342, 1747, 4595
5228, /home/yrong/devel/llvm/benchmark/llvm-project/llvm/lib/Target/NVPTX/NVPTXInstrInfo.cpp, 8986, 2779, 6207
5229, /home/yrong/devel/llvm/benchmark/llvm-project/llvm/lib/Target/NVPTX/NVPTXLowerAggrCopies.cpp, 8661, 2643, 6018
5230, /home/yrong/devel/llvm/benchmark/llvm-project/llvm/lib/Target/NVPTX/NVPTXLowerAlloca.cpp, 6353, 1756, 4597
5231, /home/yrong/devel/llvm/benchmark/llvm-project/llvm/lib/Target/NVPTX/NVPTXLowerArgs.cpp, 10012, 3282, 6730
5232, /home/yrong/devel/llvm/benchmark/llvm-project/llvm/lib/Target/NVPTX/NVPTXLowerUnreachable.cpp, 5293, 1248, 4045
5233, /home/yrong/devel/llvm/benchmark/llvm-project/llvm/lib/Target/NVPTX/NVPTXMCExpr.cpp, 4779, 1030, 3749
5234, /home/yrong/devel/llvm/benchmark/llvm-project/llvm/lib/Target/NVPTX/NVPTXPeephole.cpp, 8820, 2637, 6183
5235, /home/yrong/devel/llvm/benchmark/llvm-project/llvm/lib/Target/NVPTX/NVPTXPrologEpilogPass.cpp, 7184, 2091, 5093
5236, /home/yrong/devel/llvm/benchmark/llvm-project/llvm/lib/Target/NVPTX/NVPTXProxyRegErasure.cpp, 7371, 2164, 5207
5237, /home/yrong/devel/llvm/benchmark/llvm-project/llvm/lib/Target/NVPTX/NVPTXRegisterInfo.cpp, 8995, 2771, 6224
5238, /home/yrong/devel/llvm/benchmark/llvm-project/llvm/lib/Target/NVPTX/NVPTXReplaceImageHandles.cpp, 9025, 2789, 6236
5239, /home/yrong/devel/llvm/benchmark/llvm-project/llvm/lib/Target/NVPTX/NVPTXSubtarget.cpp, 8982, 2777, 6205
5240, /home/yrong/devel/llvm/benchmark/llvm-project/llvm/lib/Target/NVPTX/NVPTXTargetMachine.cpp, 14606, 6076, 8530
5241, /home/yrong/devel/llvm/benchmark/llvm-project/llvm/lib/Target/NVPTX/NVPTXTargetTransformInfo.cpp, 11383, 4230, 7153
5242, /home/yrong/devel/llvm/benchmark/llvm-project/llvm/lib/Target/NVPTX/NVPTXUtilities.cpp, 9738, 3358, 6380
5243, /home/yrong/devel/llvm/benchmark/llvm-project/llvm/lib/Target/NVPTX/NVVMIntrRange.cpp, 5634, 1351, 4283
5244, /home/yrong/devel/llvm/benchmark/llvm-project/llvm/lib/Target/NVPTX/NVVMReflect.cpp, 6109, 1361, 4748
5245, /home/yrong/devel/llvm/benchmark/llvm-project/llvm/lib/Target/NVPTX/TargetInfo/NVPTXTargetInfo.cpp, 3078, 401, 2677
5246, /home/yrong/devel/llvm/benchmark/llvm-project/llvm/lib/Target/PowerPC/AsmParser/PPCAsmParser.cpp, 5248, 1418, 3830
5247, /home/yrong/devel/llvm/benchmark/llvm-project/llvm/lib/Target/PowerPC/Disassembler/PPCDisassembler.cpp, 4724, 538, 4186
5248, /home/yrong/devel/llvm/benchmark/llvm-project/llvm/lib/Target/PowerPC/GISel/PPCCallLowering.cpp, 9652, 3691, 5961
5249, /home/yrong/devel/llvm/benchmark/llvm-project/llvm/lib/Target/PowerPC/GISel/PPCInstructionSelector.cpp, 10152, 3935, 6217
5250, /home/yrong/devel/llvm/benchmark/llvm-project/llvm/lib/Target/PowerPC/GISel/PPCLegalizerInfo.cpp, 6514, 1735, 4779
5251, /home/yrong/devel/llvm/benchmark/llvm-project/llvm/lib/Target/PowerPC/GISel/PPCRegisterBankInfo.cpp, 7018, 1868, 5150
5252, /home/yrong/devel/llvm/benchmark/llvm-project/llvm/lib/Target/PowerPC/MCTargetDesc/PPCAsmBackend.cpp, 4207, 957, 3250
5253, /home/yrong/devel/llvm/benchmark/llvm-project/llvm/lib/Target/PowerPC/MCTargetDesc/PPCELFObjectWriter.cpp, 3331, 405, 2926
5254, /home/yrong/devel/llvm/benchmark/llvm-project/llvm/lib/Target/PowerPC/MCTargetDesc/PPCELFStreamer.cpp, 7822, 2577, 5245
5255, /home/yrong/devel/llvm/benchmark/llvm-project/llvm/lib/Target/PowerPC/MCTargetDesc/PPCInstPrinter.cpp, 7017, 1965, 5052
5256, /home/yrong/devel/llvm/benchmark/llvm-project/llvm/lib/Target/PowerPC/MCTargetDesc/PPCMCAsmInfo.cpp, 2666, 218, 2448
5257, /home/yrong/devel/llvm/benchmark/llvm-project/llvm/lib/Target/PowerPC/MCTargetDesc/PPCMCCodeEmitter.cpp, 7539, 2309, 5230
5258, /home/yrong/devel/llvm/benchmark/llvm-project/llvm/lib/Target/PowerPC/MCTargetDesc/PPCMCExpr.cpp, 4762, 1100, 3662
5259, /home/yrong/devel/llvm/benchmark/llvm-project/llvm/lib/Target/PowerPC/MCTargetDesc/PPCMCTargetDesc.cpp, 5679, 1469, 4210
5260, /home/yrong/devel/llvm/benchmark/llvm-project/llvm/lib/Target/PowerPC/MCTargetDesc/PPCPredicates.cpp, 0, 0, 0
5261, /home/yrong/devel/llvm/benchmark/llvm-project/llvm/lib/Target/PowerPC/MCTargetDesc/PPCXCOFFObjectWriter.cpp, 3207, 411, 2796
5262, /home/yrong/devel/llvm/benchmark/llvm-project/llvm/lib/Target/PowerPC/MCTargetDesc/PPCXCOFFStreamer.cpp, 4917, 1227, 3690
5263, /home/yrong/devel/llvm/benchmark/llvm-project/llvm/lib/Target/PowerPC/PPCAsmPrinter.cpp, 11181, 4498, 6683
5264, /home/yrong/devel/llvm/benchmark/llvm-project/llvm/lib/Target/PowerPC/PPCBoolRetToInt.cpp, 10643, 3860, 6783
5265, /home/yrong/devel/llvm/benchmark/llvm-project/llvm/lib/Target/PowerPC/PPCBranchCoalescing.cpp, 7880, 2078, 5802
5266, /home/yrong/devel/llvm/benchmark/llvm-project/llvm/lib/Target/PowerPC/PPCBranchSelector.cpp, 9250, 3319, 5931
5267, /home/yrong/devel/llvm/benchmark/llvm-project/llvm/lib/Target/PowerPC/PPCCCState.cpp, 9194, 3280, 5914
5268, /home/yrong/devel/llvm/benchmark/llvm-project/llvm/lib/Target/PowerPC/PPCCTRLoops.cpp, 9571, 3348, 6223
5269, /home/yrong/devel/llvm/benchmark/llvm-project/llvm/lib/Target/PowerPC/PPCCTRLoopsVerify.cpp, 0, 0, 0
5270, /home/yrong/devel/llvm/benchmark/llvm-project/llvm/lib/Target/PowerPC/PPCCallingConv.cpp, 9385, 3464, 5921
5271, /home/yrong/devel/llvm/benchmark/llvm-project/llvm/lib/Target/PowerPC/PPCEarlyReturn.cpp, 9427, 3457, 5970
5272, /home/yrong/devel/llvm/benchmark/llvm-project/llvm/lib/Target/PowerPC/PPCExpandAtomicPseudoInsts.cpp, 9322, 3378, 5944
5273, /home/yrong/devel/llvm/benchmark/llvm-project/llvm/lib/Target/PowerPC/PPCExpandISEL.cpp, 9368, 3362, 6006
5274, /home/yrong/devel/llvm/benchmark/llvm-project/llvm/lib/Target/PowerPC/PPCFastISel.cpp, 10222, 4039, 6183
5275, /home/yrong/devel/llvm/benchmark/llvm-project/llvm/lib/Target/PowerPC/PPCFrameLowering.cpp, 10263, 4041, 6222
5276, /home/yrong/devel/llvm/benchmark/llvm-project/llvm/lib/Target/PowerPC/PPCGenScalarMASSEntries.cpp, 9343, 3423, 5920
5277, /home/yrong/devel/llvm/benchmark/llvm-project/llvm/lib/Target/PowerPC/PPCHazardRecognizers.cpp, 9223, 3291, 5932
5278, /home/yrong/devel/llvm/benchmark/llvm-project/llvm/lib/Target/PowerPC/PPCISelDAGToDAG.cpp, 10422, 4096, 6326
5279, /home/yrong/devel/llvm/benchmark/llvm-project/llvm/lib/Target/PowerPC/PPCISelLowering.cpp, 12647, 5792, 6855
5280, /home/yrong/devel/llvm/benchmark/llvm-project/llvm/lib/Target/PowerPC/PPCInstrInfo.cpp, 10810, 4252, 6558
5281, /home/yrong/devel/llvm/benchmark/llvm-project/llvm/lib/Target/PowerPC/PPCLoopInstrFormPrep.cpp, 12806, 5164, 7642
5282, /home/yrong/devel/llvm/benchmark/llvm-project/llvm/lib/Target/PowerPC/PPCLowerMASSVEntries.cpp, 9306, 3387, 5919
5283, /home/yrong/devel/llvm/benchmark/llvm-project/llvm/lib/Target/PowerPC/PPCMCInstLower.cpp, 9921, 3812, 6109
5284, /home/yrong/devel/llvm/benchmark/llvm-project/llvm/lib/Target/PowerPC/PPCMIPeephole.cpp, 10412, 3622, 6790
5285, /home/yrong/devel/llvm/benchmark/llvm-project/llvm/lib/Target/PowerPC/PPCMachineFunctionInfo.cpp, 6537, 1718, 4819
5286, /home/yrong/devel/llvm/benchmark/llvm-project/llvm/lib/Target/PowerPC/PPCMachineScheduler.cpp, 8743, 2659, 6084
5287, /home/yrong/devel/llvm/benchmark/llvm-project/llvm/lib/Target/PowerPC/PPCMacroFusion.cpp, 9388, 3444, 5944
5288, /home/yrong/devel/llvm/benchmark/llvm-project/llvm/lib/Target/PowerPC/PPCPreEmitPeephole.cpp, 9934, 3766, 6168
5289, /home/yrong/devel/llvm/benchmark/llvm-project/llvm/lib/Target/PowerPC/PPCReduceCRLogicals.cpp, 10146, 3461, 6685
5290, /home/yrong/devel/llvm/benchmark/llvm-project/llvm/lib/Target/PowerPC/PPCRegisterInfo.cpp, 10128, 3959, 6169
5291, /home/yrong/devel/llvm/benchmark/llvm-project/llvm/lib/Target/PowerPC/PPCSubtarget.cpp, 10178, 3740, 6438
5292, /home/yrong/devel/llvm/benchmark/llvm-project/llvm/lib/Target/PowerPC/PPCTLSDynamicCall.cpp, 9743, 3483, 6260
5293, /home/yrong/devel/llvm/benchmark/llvm-project/llvm/lib/Target/PowerPC/PPCTOCRegDeps.cpp, 9411, 3446, 5965
5294, /home/yrong/devel/llvm/benchmark/llvm-project/llvm/lib/Target/PowerPC/PPCTargetMachine.cpp, 13564, 6044, 7520
5295, /home/yrong/devel/llvm/benchmark/llvm-project/llvm/lib/Target/PowerPC/PPCTargetObjectFile.cpp, 5572, 1465, 4107
5296, /home/yrong/devel/llvm/benchmark/llvm-project/llvm/lib/Target/PowerPC/PPCTargetTransformInfo.cpp, 13232, 5615, 7617
5297, /home/yrong/devel/llvm/benchmark/llvm-project/llvm/lib/Target/PowerPC/PPCVSXCopy.cpp, 9415, 3455, 5960
5298, /home/yrong/devel/llvm/benchmark/llvm-project/llvm/lib/Target/PowerPC/PPCVSXFMAMutate.cpp, 10804, 3734, 7070
5299, /home/yrong/devel/llvm/benchmark/llvm-project/llvm/lib/Target/PowerPC/PPCVSXSwapRemoval.cpp, 9353, 3381, 5972
5300, /home/yrong/devel/llvm/benchmark/llvm-project/llvm/lib/Target/PowerPC/TargetInfo/PowerPCTargetInfo.cpp, 3078, 401, 2677
5301, /home/yrong/devel/llvm/benchmark/llvm-project/llvm/lib/Target/RISCV/AsmParser/RISCVAsmParser.cpp, 7085, 2503, 4582
5302, /home/yrong/devel/llvm/benchmark/llvm-project/llvm/lib/Target/RISCV/Disassembler/RISCVDisassembler.cpp, 5634, 1177, 4457
5303, /home/yrong/devel/llvm/benchmark/llvm-project/llvm/lib/Target/RISCV/GISel/RISCVCallLowering.cpp, 9812, 3754, 6058
5304, /home/yrong/devel/llvm/benchmark/llvm-project/llvm/lib/Target/RISCV/GISel/RISCVInstructionSelector.cpp, 9738, 3511, 6227
5305, /home/yrong/devel/llvm/benchmark/llvm-project/llvm/lib/Target/RISCV/GISel/RISCVLegalizerInfo.cpp, 9407, 3370, 6037
5306, /home/yrong/devel/llvm/benchmark/llvm-project/llvm/lib/Target/RISCV/GISel/RISCVRegisterBankInfo.cpp, 6245, 1494, 4751
5307, /home/yrong/devel/llvm/benchmark/llvm-project/llvm/lib/Target/RISCV/MCA/RISCVCustomBehaviour.cpp, 8486, 2864, 5622
5308, /home/yrong/devel/llvm/benchmark/llvm-project/llvm/lib/Target/RISCV/MCTargetDesc/RISCVAsmBackend.cpp, 5071, 1167, 3904
5309, /home/yrong/devel/llvm/benchmark/llvm-project/llvm/lib/Target/RISCV/MCTargetDesc/RISCVBaseInfo.cpp, 3860, 715, 3145
5310, /home/yrong/devel/llvm/benchmark/llvm-project/llvm/lib/Target/RISCV/MCTargetDesc/RISCVELFObjectWriter.cpp, 4538, 912, 3626
5311, /home/yrong/devel/llvm/benchmark/llvm-project/llvm/lib/Target/RISCV/MCTargetDesc/RISCVELFStreamer.cpp, 5991, 1776, 4215
5312, /home/yrong/devel/llvm/benchmark/llvm-project/llvm/lib/Target/RISCV/MCTargetDesc/RISCVInstPrinter.cpp, 4133, 688, 3445
5313, /home/yrong/devel/llvm/benchmark/llvm-project/llvm/lib/Target/RISCV/MCTargetDesc/RISCVMCAsmInfo.cpp, 4117, 782, 3335
5314, /home/yrong/devel/llvm/benchmark/llvm-project/llvm/lib/Target/RISCV/MCTargetDesc/RISCVMCCodeEmitter.cpp, 4780, 1018, 3762
5315, /home/yrong/devel/llvm/benchmark/llvm-project/llvm/lib/Target/RISCV/MCTargetDesc/RISCVMCExpr.cpp, 4931, 1183, 3748
5316, /home/yrong/devel/llvm/benchmark/llvm-project/llvm/lib/Target/RISCV/MCTargetDesc/RISCVMCObjectFileInfo.cpp, 4461, 865, 3596
5317, /home/yrong/devel/llvm/benchmark/llvm-project/llvm/lib/Target/RISCV/MCTargetDesc/RISCVMCTargetDesc.cpp, 6525, 1883, 4642
5318, /home/yrong/devel/llvm/benchmark/llvm-project/llvm/lib/Target/RISCV/MCTargetDesc/RISCVMatInt.cpp, 2686, 220, 2466
5319, /home/yrong/devel/llvm/benchmark/llvm-project/llvm/lib/Target/RISCV/MCTargetDesc/RISCVTargetStreamer.cpp, 5582, 1472, 4110
5320, /home/yrong/devel/llvm/benchmark/llvm-project/llvm/lib/Target/RISCV/RISCVAsmPrinter.cpp, 11223, 4647, 6576
5321, /home/yrong/devel/llvm/benchmark/llvm-project/llvm/lib/Target/RISCV/RISCVCodeGenPrepare.cpp, 10121, 3899, 6222
5322, /home/yrong/devel/llvm/benchmark/llvm-project/llvm/lib/Target/RISCV/RISCVExpandAtomicPseudoInsts.cpp, 9565, 3488, 6077
5323, /home/yrong/devel/llvm/benchmark/llvm-project/llvm/lib/Target/RISCV/RISCVExpandPseudoInsts.cpp, 10022, 3798, 6224
5324, /home/yrong/devel/llvm/benchmark/llvm-project/llvm/lib/Target/RISCV/RISCVFrameLowering.cpp, 10448, 4047, 6401
5325, /home/yrong/devel/llvm/benchmark/llvm-project/llvm/lib/Target/RISCV/RISCVGatherScatterLowering.cpp, 12370, 4952, 7418
5326, /home/yrong/devel/llvm/benchmark/llvm-project/llvm/lib/Target/RISCV/RISCVISelDAGToDAG.cpp, 10570, 4145, 6425
5327, /home/yrong/devel/llvm/benchmark/llvm-project/llvm/lib/Target/RISCV/RISCVISelLowering.cpp, 14637, 7351, 7286
5328, /home/yrong/devel/llvm/benchmark/llvm-project/llvm/lib/Target/RISCV/RISCVInsertReadWriteCSR.cpp, 9424, 3386, 6038
5329, /home/yrong/devel/llvm/benchmark/llvm-project/llvm/lib/Target/RISCV/RISCVInsertVSETVLI.cpp, 10394, 3641, 6753
5330, /home/yrong/devel/llvm/benchmark/llvm-project/llvm/lib/Target/RISCV/RISCVInstrInfo.cpp, 11886, 5046, 6840
5331, /home/yrong/devel/llvm/benchmark/llvm-project/llvm/lib/Target/RISCV/RISCVMachineFunctionInfo.cpp, 10145, 3813, 6332
5332, /home/yrong/devel/llvm/benchmark/llvm-project/llvm/lib/Target/RISCV/RISCVMacroFusion.cpp, 10119, 3661, 6458
5333, /home/yrong/devel/llvm/benchmark/llvm-project/llvm/lib/Target/RISCV/RISCVMakeCompressible.cpp, 9547, 3493, 6054
5334, /home/yrong/devel/llvm/benchmark/llvm-project/llvm/lib/Target/RISCV/RISCVMergeBaseOffset.cpp, 9565, 3510, 6055
5335, /home/yrong/devel/llvm/benchmark/llvm-project/llvm/lib/Target/RISCV/RISCVMoveMerger.cpp, 10150, 3829, 6321
5336, /home/yrong/devel/llvm/benchmark/llvm-project/llvm/lib/Target/RISCV/RISCVOptWInstrs.cpp, 10266, 3911, 6355
5337, /home/yrong/devel/llvm/benchmark/llvm-project/llvm/lib/Target/RISCV/RISCVPushPopOptimizer.cpp, 10149, 3827, 6322
5338, /home/yrong/devel/llvm/benchmark/llvm-project/llvm/lib/Target/RISCV/RISCVRVVInitUndef.cpp, 9784, 3425, 6359
5339, /home/yrong/devel/llvm/benchmark/llvm-project/llvm/lib/Target/RISCV/RISCVRedundantCopyElimination.cpp, 7627, 2359, 5268
5340, /home/yrong/devel/llvm/benchmark/llvm-project/llvm/lib/Target/RISCV/RISCVRegisterInfo.cpp, 10735, 4292, 6443
5341, /home/yrong/devel/llvm/benchmark/llvm-project/llvm/lib/Target/RISCV/RISCVSubtarget.cpp, 10335, 3850, 6485
5342, /home/yrong/devel/llvm/benchmark/llvm-project/llvm/lib/Target/RISCV/RISCVTargetMachine.cpp, 14143, 6294, 7849
5343, /home/yrong/devel/llvm/benchmark/llvm-project/llvm/lib/Target/RISCV/RISCVTargetObjectFile.cpp, 9945, 3761, 6184
5344, /home/yrong/devel/llvm/benchmark/llvm-project/llvm/lib/Target/RISCV/RISCVTargetTransformInfo.cpp, 12394, 5140, 7254
5345, /home/yrong/devel/llvm/benchmark/llvm-project/llvm/lib/Target/RISCV/TargetInfo/RISCVTargetInfo.cpp, 3078, 401, 2677
5346, /home/yrong/devel/llvm/benchmark/llvm-project/llvm/lib/Target/Sparc/AsmParser/SparcAsmParser.cpp, 5260, 1462, 3798
5347, /home/yrong/devel/llvm/benchmark/llvm-project/llvm/lib/Target/Sparc/DelaySlotFiller.cpp, 8598, 2814, 5784
5348, /home/yrong/devel/llvm/benchmark/llvm-project/llvm/lib/Target/Sparc/Disassembler/SparcDisassembler.cpp, 5105, 1037, 4068
5349, /home/yrong/devel/llvm/benchmark/llvm-project/llvm/lib/Target/Sparc/LeonPasses.cpp, 8489, 2741, 5748
5350, /home/yrong/devel/llvm/benchmark/llvm-project/llvm/lib/Target/Sparc/MCTargetDesc/SparcAsmBackend.cpp, 3380, 457, 2923
5351, /home/yrong/devel/llvm/benchmark/llvm-project/llvm/lib/Target/Sparc/MCTargetDesc/SparcELFObjectWriter.cpp, 3226, 333, 2893
5352, /home/yrong/devel/llvm/benchmark/llvm-project/llvm/lib/Target/Sparc/MCTargetDesc/SparcInstPrinter.cpp, 4899, 1138, 3761
5353, /home/yrong/devel/llvm/benchmark/llvm-project/llvm/lib/Target/Sparc/MCTargetDesc/SparcMCAsmInfo.cpp, 4118, 782, 3336
5354, /home/yrong/devel/llvm/benchmark/llvm-project/llvm/lib/Target/Sparc/MCTargetDesc/SparcMCCodeEmitter.cpp, 4636, 939, 3697
5355, /home/yrong/devel/llvm/benchmark/llvm-project/llvm/lib/Target/Sparc/MCTargetDesc/SparcMCExpr.cpp, 4794, 1107, 3687
5356, /home/yrong/devel/llvm/benchmark/llvm-project/llvm/lib/Target/Sparc/MCTargetDesc/SparcMCTargetDesc.cpp, 5182, 1133, 4049
5357, /home/yrong/devel/llvm/benchmark/llvm-project/llvm/lib/Target/Sparc/MCTargetDesc/SparcTargetStreamer.cpp, 4377, 834, 3543
5358, /home/yrong/devel/llvm/benchmark/llvm-project/llvm/lib/Target/Sparc/SparcAsmPrinter.cpp, 9456, 3495, 5961
5359, /home/yrong/devel/llvm/benchmark/llvm-project/llvm/lib/Target/Sparc/SparcFrameLowering.cpp, 9097, 3158, 5939
5360, /home/yrong/devel/llvm/benchmark/llvm-project/llvm/lib/Target/Sparc/SparcISelDAGToDAG.cpp, 8631, 2867, 5764
5361, /home/yrong/devel/llvm/benchmark/llvm-project/llvm/lib/Target/Sparc/SparcISelLowering.cpp, 9256, 3319, 5937
5362, /home/yrong/devel/llvm/benchmark/llvm-project/llvm/lib/Target/Sparc/SparcInstrInfo.cpp, 8732, 2936, 5796
5363, /home/yrong/devel/llvm/benchmark/llvm-project/llvm/lib/Target/Sparc/SparcMCInstLower.cpp, 7139, 2175, 4964
5364, /home/yrong/devel/llvm/benchmark/llvm-project/llvm/lib/Target/Sparc/SparcMachineFunctionInfo.cpp, 5278, 1002, 4276
5365, /home/yrong/devel/llvm/benchmark/llvm-project/llvm/lib/Target/Sparc/SparcRegisterInfo.cpp, 8563, 2775, 5788
5366, /home/yrong/devel/llvm/benchmark/llvm-project/llvm/lib/Target/Sparc/SparcSubtarget.cpp, 8600, 2838, 5762
5367, /home/yrong/devel/llvm/benchmark/llvm-project/llvm/lib/Target/Sparc/SparcTargetMachine.cpp, 8691, 2932, 5759
5368, /home/yrong/devel/llvm/benchmark/llvm-project/llvm/lib/Target/Sparc/SparcTargetObjectFile.cpp, 8696, 2857, 5839
5369, /home/yrong/devel/llvm/benchmark/llvm-project/llvm/lib/Target/Sparc/TargetInfo/SparcTargetInfo.cpp, 3078, 401, 2677
5370, /home/yrong/devel/llvm/benchmark/llvm-project/llvm/lib/Target/SystemZ/AsmParser/SystemZAsmParser.cpp, 5259, 1473, 3786
5371, /home/yrong/devel/llvm/benchmark/llvm-project/llvm/lib/Target/SystemZ/Disassembler/SystemZDisassembler.cpp, 5156, 462, 4694
5372, /home/yrong/devel/llvm/benchmark/llvm-project/llvm/lib/Target/SystemZ/MCTargetDesc/SystemZInstPrinter.cpp, 3009, 257, 2752
5373, /home/yrong/devel/llvm/benchmark/llvm-project/llvm/lib/Target/SystemZ/MCTargetDesc/SystemZMCAsmBackend.cpp, 4709, 1021, 3688
5374, /home/yrong/devel/llvm/benchmark/llvm-project/llvm/lib/Target/SystemZ/MCTargetDesc/SystemZMCAsmInfo.cpp, 4470, 859, 3611
5375, /home/yrong/devel/llvm/benchmark/llvm-project/llvm/lib/Target/SystemZ/MCTargetDesc/SystemZMCCodeEmitter.cpp, 4576, 930, 3646
5376, /home/yrong/devel/llvm/benchmark/llvm-project/llvm/lib/Target/SystemZ/MCTargetDesc/SystemZMCExpr.cpp, 4599, 986, 3613
5377, /home/yrong/devel/llvm/benchmark/llvm-project/llvm/lib/Target/SystemZ/MCTargetDesc/SystemZMCObjectWriter.cpp, 4539, 905, 3634
5378, /home/yrong/devel/llvm/benchmark/llvm-project/llvm/lib/Target/SystemZ/MCTargetDesc/SystemZMCTargetDesc.cpp, 5388, 1265, 4123
5379, /home/yrong/devel/llvm/benchmark/llvm-project/llvm/lib/Target/SystemZ/SystemZAsmPrinter.cpp, 10115, 3991, 6124
5380, /home/yrong/devel/llvm/benchmark/llvm-project/llvm/lib/Target/SystemZ/SystemZCallingConv.cpp, 8468, 2689, 5779
5381, /home/yrong/devel/llvm/benchmark/llvm-project/llvm/lib/Target/SystemZ/SystemZConstantPoolValue.cpp, 3097, 268, 2829
5382, /home/yrong/devel/llvm/benchmark/llvm-project/llvm/lib/Target/SystemZ/SystemZCopyPhysRegs.cpp, 9538, 2997, 6541
5383, /home/yrong/devel/llvm/benchmark/llvm-project/llvm/lib/Target/SystemZ/SystemZElimCompare.cpp, 8776, 2932, 5844
5384, /home/yrong/devel/llvm/benchmark/llvm-project/llvm/lib/Target/SystemZ/SystemZFrameLowering.cpp, 9407, 3385, 6022
5385, /home/yrong/devel/llvm/benchmark/llvm-project/llvm/lib/Target/SystemZ/SystemZHazardRecognizer.cpp, 9155, 2945, 6210
5386, /home/yrong/devel/llvm/benchmark/llvm-project/llvm/lib/Target/SystemZ/SystemZISelDAGToDAG.cpp, 9091, 3213, 5878
5387, /home/yrong/devel/llvm/benchmark/llvm-project/llvm/lib/Target/SystemZ/SystemZISelLowering.cpp, 10566, 4457, 6109
5388, /home/yrong/devel/llvm/benchmark/llvm-project/llvm/lib/Target/SystemZ/SystemZInstrInfo.cpp, 9338, 3132, 6206
5389, /home/yrong/devel/llvm/benchmark/llvm-project/llvm/lib/Target/SystemZ/SystemZLDCleanup.cpp, 9544, 3000, 6544
5390, /home/yrong/devel/llvm/benchmark/llvm-project/llvm/lib/Target/SystemZ/SystemZLongBranch.cpp, 8714, 2904, 5810
5391, /home/yrong/devel/llvm/benchmark/llvm-project/llvm/lib/Target/SystemZ/SystemZMCInstLower.cpp, 9287, 3354, 5933
5392, /home/yrong/devel/llvm/benchmark/llvm-project/llvm/lib/Target/SystemZ/SystemZMachineFunctionInfo.cpp, 5278, 1002, 4276
5393, /home/yrong/devel/llvm/benchmark/llvm-project/llvm/lib/Target/SystemZ/SystemZMachineScheduler.cpp, 9528, 3045, 6483
5394, /home/yrong/devel/llvm/benchmark/llvm-project/llvm/lib/Target/SystemZ/SystemZPostRewrite.cpp, 8480, 2685, 5795
5395, /home/yrong/devel/llvm/benchmark/llvm-project/llvm/lib/Target/SystemZ/SystemZRegisterInfo.cpp, 9489, 3273, 6216
5396, /home/yrong/devel/llvm/benchmark/llvm-project/llvm/lib/Target/SystemZ/SystemZSelectionDAGInfo.cpp, 8705, 2900, 5805
5397, /home/yrong/devel/llvm/benchmark/llvm-project/llvm/lib/Target/SystemZ/SystemZShortenInst.cpp, 8754, 2922, 5832
5398, /home/yrong/devel/llvm/benchmark/llvm-project/llvm/lib/Target/SystemZ/SystemZSubtarget.cpp, 8617, 2832, 5785
5399, /home/yrong/devel/llvm/benchmark/llvm-project/llvm/lib/Target/SystemZ/SystemZTDC.cpp, 9927, 3612, 6315
5400, /home/yrong/devel/llvm/benchmark/llvm-project/llvm/lib/Target/SystemZ/SystemZTargetMachine.cpp, 12029, 4845, 7184
5401, /home/yrong/devel/llvm/benchmark/llvm-project/llvm/lib/Target/SystemZ/SystemZTargetTransformInfo.cpp, 11216, 4443, 6773
5402, /home/yrong/devel/llvm/benchmark/llvm-project/llvm/lib/Target/SystemZ/TargetInfo/SystemZTargetInfo.cpp, 3078, 401, 2677
5403, /home/yrong/devel/llvm/benchmark/llvm-project/llvm/lib/Target/Target.cpp, 5042, 1258, 3784
5404, /home/yrong/devel/llvm/benchmark/llvm-project/llvm/lib/Target/TargetIntrinsicInfo.cpp, 3453, 423, 3030
5405, /home/yrong/devel/llvm/benchmark/llvm-project/llvm/lib/Target/TargetLoweringObjectFile.cpp, 5845, 1660, 4185
5406, /home/yrong/devel/llvm/benchmark/llvm-project/llvm/lib/Target/TargetMachine.cpp, 6316, 1882, 4434
5407, /home/yrong/devel/llvm/benchmark/llvm-project/llvm/lib/Target/TargetMachineC.cpp, 6003, 1655, 4348
5408, /home/yrong/devel/llvm/benchmark/llvm-project/llvm/lib/Target/VE/AsmParser/VEAsmParser.cpp, 7501, 2617, 4884
5409, /home/yrong/devel/llvm/benchmark/llvm-project/llvm/lib/Target/VE/Disassembler/VEDisassembler.cpp, 7891, 2164, 5727
5410, /home/yrong/devel/llvm/benchmark/llvm-project/llvm/lib/Target/VE/LVLGen.cpp, 8519, 2765, 5754
5411, /home/yrong/devel/llvm/benchmark/llvm-project/llvm/lib/Target/VE/MCTargetDesc/VEAsmBackend.cpp, 3349, 439, 2910
5412, /home/yrong/devel/llvm/benchmark/llvm-project/llvm/lib/Target/VE/MCTargetDesc/VEELFObjectWriter.cpp, 4534, 907, 3627
5413, /home/yrong/devel/llvm/benchmark/llvm-project/llvm/lib/Target/VE/MCTargetDesc/VEInstPrinter.cpp, 6323, 1699, 4624
5414, /home/yrong/devel/llvm/benchmark/llvm-project/llvm/lib/Target/VE/MCTargetDesc/VEMCAsmInfo.cpp, 4115, 781, 3334
5415, /home/yrong/devel/llvm/benchmark/llvm-project/llvm/lib/Target/VE/MCTargetDesc/VEMCCodeEmitter.cpp, 6865, 2067, 4798
5416, /home/yrong/devel/llvm/benchmark/llvm-project/llvm/lib/Target/VE/MCTargetDesc/VEMCExpr.cpp, 4792, 1107, 3685
5417, /home/yrong/devel/llvm/benchmark/llvm-project/llvm/lib/Target/VE/MCTargetDesc/VEMCTargetDesc.cpp, 5086, 1037, 4049
5418, /home/yrong/devel/llvm/benchmark/llvm-project/llvm/lib/Target/VE/MCTargetDesc/VETargetStreamer.cpp, 4377, 834, 3543
5419, /home/yrong/devel/llvm/benchmark/llvm-project/llvm/lib/Target/VE/TargetInfo/VETargetInfo.cpp, 3078, 401, 2677
5420, /home/yrong/devel/llvm/benchmark/llvm-project/llvm/lib/Target/VE/VEAsmPrinter.cpp, 9485, 3526, 5959
5421, /home/yrong/devel/llvm/benchmark/llvm-project/llvm/lib/Target/VE/VECustomDAG.cpp, 8306, 2631, 5675
5422, /home/yrong/devel/llvm/benchmark/llvm-project/llvm/lib/Target/VE/VEFrameLowering.cpp, 9124, 3185, 5939
5423, /home/yrong/devel/llvm/benchmark/llvm-project/llvm/lib/Target/VE/VEISelDAGToDAG.cpp, 8682, 2910, 5772
5424, /home/yrong/devel/llvm/benchmark/llvm-project/llvm/lib/Target/VE/VEISelLowering.cpp, 10053, 3944, 6109
5425, /home/yrong/devel/llvm/benchmark/llvm-project/llvm/lib/Target/VE/VEInstrInfo.cpp, 8818, 3014, 5804
5426, /home/yrong/devel/llvm/benchmark/llvm-project/llvm/lib/Target/VE/VEMCInstLower.cpp, 8022, 2593, 5429
5427, /home/yrong/devel/llvm/benchmark/llvm-project/llvm/lib/Target/VE/VEMachineFunctionInfo.cpp, 5278, 1002, 4276
5428, /home/yrong/devel/llvm/benchmark/llvm-project/llvm/lib/Target/VE/VERegisterInfo.cpp, 8595, 2801, 5794
5429, /home/yrong/devel/llvm/benchmark/llvm-project/llvm/lib/Target/VE/VESubtarget.cpp, 8630, 2868, 5762
5430, /home/yrong/devel/llvm/benchmark/llvm-project/llvm/lib/Target/VE/VETargetMachine.cpp, 11292, 4555, 6737
5431, /home/yrong/devel/llvm/benchmark/llvm-project/llvm/lib/Target/VE/VVPISelLowering.cpp, 8227, 2574, 5653
5432, /home/yrong/devel/llvm/benchmark/llvm-project/llvm/lib/Target/WebAssembly/AsmParser/WebAssemblyAsmParser.cpp, 9600, 3614, 5986
5433, /home/yrong/devel/llvm/benchmark/llvm-project/llvm/lib/Target/WebAssembly/AsmParser/WebAssemblyAsmTypeCheck.cpp, 9388, 3430, 5958
5434, /home/yrong/devel/llvm/benchmark/llvm-project/llvm/lib/Target/WebAssembly/Disassembler/WebAssemblyDisassembler.cpp, 9125, 3224, 5901
5435, /home/yrong/devel/llvm/benchmark/llvm-project/llvm/lib/Target/WebAssembly/MCTargetDesc/WebAssemblyAsmBackend.cpp, 8965, 3076, 5889
5436, /home/yrong/devel/llvm/benchmark/llvm-project/llvm/lib/Target/WebAssembly/MCTargetDesc/WebAssemblyInstPrinter.cpp, 9840, 3628, 6212
5437, /home/yrong/devel/llvm/benchmark/llvm-project/llvm/lib/Target/WebAssembly/MCTargetDesc/WebAssemblyMCAsmInfo.cpp, 8851, 2976, 5875
5438, /home/yrong/devel/llvm/benchmark/llvm-project/llvm/lib/Target/WebAssembly/MCTargetDesc/WebAssemblyMCCodeEmitter.cpp, 8871, 2977, 5894
5439, /home/yrong/devel/llvm/benchmark/llvm-project/llvm/lib/Target/WebAssembly/MCTargetDesc/WebAssemblyMCTargetDesc.cpp, 9602, 3251, 6351
5440, /home/yrong/devel/llvm/benchmark/llvm-project/llvm/lib/Target/WebAssembly/MCTargetDesc/WebAssemblyMCTypeUtilities.cpp, 8876, 3005, 5871
5441, /home/yrong/devel/llvm/benchmark/llvm-project/llvm/lib/Target/WebAssembly/MCTargetDesc/WebAssemblyTargetStreamer.cpp, 9045, 3152, 5893
5442, /home/yrong/devel/llvm/benchmark/llvm-project/llvm/lib/Target/WebAssembly/MCTargetDesc/WebAssemblyWasmObjectWriter.cpp, 8963, 3073, 5890
5443, /home/yrong/devel/llvm/benchmark/llvm-project/llvm/lib/Target/WebAssembly/TargetInfo/WebAssemblyTargetInfo.cpp, 3078, 401, 2677
5444, /home/yrong/devel/llvm/benchmark/llvm-project/llvm/lib/Target/WebAssembly/Utils/WebAssemblyTypeUtilities.cpp, 5021, 941, 4080
5445, /home/yrong/devel/llvm/benchmark/llvm-project/llvm/lib/Target/WebAssembly/Utils/WebAssemblyUtilities.cpp, 10060, 3575, 6485
5446, /home/yrong/devel/llvm/benchmark/llvm-project/llvm/lib/Target/WebAssembly/WebAssemblyAddMissingPrototypes.cpp, 6771, 1741, 5030
5447, /home/yrong/devel/llvm/benchmark/llvm-project/llvm/lib/Target/WebAssembly/WebAssemblyArgumentMove.cpp, 9737, 3544, 6193
5448, /home/yrong/devel/llvm/benchmark/llvm-project/llvm/lib/Target/WebAssembly/WebAssemblyAsmPrinter.cpp, 11072, 4613, 6459
5449, /home/yrong/devel/llvm/benchmark/llvm-project/llvm/lib/Target/WebAssembly/WebAssemblyCFGSort.cpp, 10160, 3301, 6859
5450, /home/yrong/devel/llvm/benchmark/llvm-project/llvm/lib/Target/WebAssembly/WebAssemblyCFGStackify.cpp, 11446, 4121, 7325
5451, /home/yrong/devel/llvm/benchmark/llvm-project/llvm/lib/Target/WebAssembly/WebAssemblyDebugFixup.cpp, 10507, 3615, 6892
5452, /home/yrong/devel/llvm/benchmark/llvm-project/llvm/lib/Target/WebAssembly/WebAssemblyDebugValueManager.cpp, 10233, 3923, 6310
5453, /home/yrong/devel/llvm/benchmark/llvm-project/llvm/lib/Target/WebAssembly/WebAssemblyExceptionInfo.cpp, 10307, 3507, 6800
5454, /home/yrong/devel/llvm/benchmark/llvm-project/llvm/lib/Target/WebAssembly/WebAssemblyExplicitLocals.cpp, 9792, 3584, 6208
5455, /home/yrong/devel/llvm/benchmark/llvm-project/llvm/lib/Target/WebAssembly/WebAssemblyFastISel.cpp, 11086, 4567, 6519
5456, /home/yrong/devel/llvm/benchmark/llvm-project/llvm/lib/Target/WebAssembly/WebAssemblyFixBrTableDefaults.cpp, 8878, 2994, 5884
5457, /home/yrong/devel/llvm/benchmark/llvm-project/llvm/lib/Target/WebAssembly/WebAssemblyFixFunctionBitcasts.cpp, 5086, 1266, 3820
5458, /home/yrong/devel/llvm/benchmark/llvm-project/llvm/lib/Target/WebAssembly/WebAssemblyFixIrreducibleControlFlow.cpp, 9073, 3094, 5979
5459, /home/yrong/devel/llvm/benchmark/llvm-project/llvm/lib/Target/WebAssembly/WebAssemblyFrameLowering.cpp, 9970, 3710, 6260
5460, /home/yrong/devel/llvm/benchmark/llvm-project/llvm/lib/Target/WebAssembly/WebAssemblyISelDAGToDAG.cpp, 9336, 3326, 6010
5461, /home/yrong/devel/llvm/benchmark/llvm-project/llvm/lib/Target/WebAssembly/WebAssemblyISelLowering.cpp, 10566, 4175, 6391
5462, /home/yrong/devel/llvm/benchmark/llvm-project/llvm/lib/Target/WebAssembly/WebAssemblyInstrInfo.cpp, 9798, 3569, 6229
5463, /home/yrong/devel/llvm/benchmark/llvm-project/llvm/lib/Target/WebAssembly/WebAssemblyLateEHPrepare.cpp, 9131, 3183, 5948
5464, /home/yrong/devel/llvm/benchmark/llvm-project/llvm/lib/Target/WebAssembly/WebAssemblyLowerBrUnless.cpp, 9727, 3534, 6193
5465, /home/yrong/devel/llvm/benchmark/llvm-project/llvm/lib/Target/WebAssembly/WebAssemblyLowerEmscriptenEHSjLj.cpp, 11350, 4356, 6994
5466, /home/yrong/devel/llvm/benchmark/llvm-project/llvm/lib/Target/WebAssembly/WebAssemblyLowerRefTypesIntPtrConv.cpp, 8469, 2719, 5750
5467, /home/yrong/devel/llvm/benchmark/llvm-project/llvm/lib/Target/WebAssembly/WebAssemblyMCInstLower.cpp, 10263, 3994, 6269
5468, /home/yrong/devel/llvm/benchmark/llvm-project/llvm/lib/Target/WebAssembly/WebAssemblyMCLowerPrePass.cpp, 10532, 3613, 6919
5469, /home/yrong/devel/llvm/benchmark/llvm-project/llvm/lib/Target/WebAssembly/WebAssemblyMachineFunctionInfo.cpp, 10028, 3747, 6281
5470, /home/yrong/devel/llvm/benchmark/llvm-project/llvm/lib/Target/WebAssembly/WebAssemblyMemIntrinsicResults.cpp, 11238, 3933, 7305
5471, /home/yrong/devel/llvm/benchmark/llvm-project/llvm/lib/Target/WebAssembly/WebAssemblyNullifyDebugValueLists.cpp, 8343, 2616, 5727
5472, /home/yrong/devel/llvm/benchmark/llvm-project/llvm/lib/Target/WebAssembly/WebAssemblyOptimizeLiveIntervals.cpp, 10246, 3706, 6540
5473, /home/yrong/devel/llvm/benchmark/llvm-project/llvm/lib/Target/WebAssembly/WebAssemblyOptimizeReturned.cpp, 6909, 1820, 5089
5474, /home/yrong/devel/llvm/benchmark/llvm-project/llvm/lib/Target/WebAssembly/WebAssemblyPeephole.cpp, 9895, 3677, 6218
5475, /home/yrong/devel/llvm/benchmark/llvm-project/llvm/lib/Target/WebAssembly/WebAssemblyRegColoring.cpp, 10361, 3768, 6593
5476, /home/yrong/devel/llvm/benchmark/llvm-project/llvm/lib/Target/WebAssembly/WebAssemblyRegNumbering.cpp, 10474, 3587, 6887
5477, /home/yrong/devel/llvm/benchmark/llvm-project/llvm/lib/Target/WebAssembly/WebAssemblyRegStackify.cpp, 11367, 4008, 7359
5478, /home/yrong/devel/llvm/benchmark/llvm-project/llvm/lib/Target/WebAssembly/WebAssemblyRegisterInfo.cpp, 9768, 3540, 6228
5479, /home/yrong/devel/llvm/benchmark/llvm-project/llvm/lib/Target/WebAssembly/WebAssemblyReplacePhysRegs.cpp, 9727, 3533, 6194
5480, /home/yrong/devel/llvm/benchmark/llvm-project/llvm/lib/Target/WebAssembly/WebAssemblyRuntimeLibcallSignatures.cpp, 10162, 4289, 5873
5481, /home/yrong/devel/llvm/benchmark/llvm-project/llvm/lib/Target/WebAssembly/WebAssemblySelectionDAGInfo.cpp, 8486, 2747, 5739
5482, /home/yrong/devel/llvm/benchmark/llvm-project/llvm/lib/Target/WebAssembly/WebAssemblySetP2AlignOperands.cpp, 9739, 3543, 6196
5483, /home/yrong/devel/llvm/benchmark/llvm-project/llvm/lib/Target/WebAssembly/WebAssemblySortRegion.cpp, 6113, 1366, 4747
5484, /home/yrong/devel/llvm/benchmark/llvm-project/llvm/lib/Target/WebAssembly/WebAssemblySubtarget.cpp, 8956, 3081, 5875
5485, /home/yrong/devel/llvm/benchmark/llvm-project/llvm/lib/Target/WebAssembly/WebAssemblyTargetMachine.cpp, 12633, 5471, 7162
5486, /home/yrong/devel/llvm/benchmark/llvm-project/llvm/lib/Target/WebAssembly/WebAssemblyTargetObjectFile.cpp, 8504, 2768, 5736
5487, /home/yrong/devel/llvm/benchmark/llvm-project/llvm/lib/Target/WebAssembly/WebAssemblyTargetTransformInfo.cpp, 10840, 4161, 6679
5488, /home/yrong/devel/llvm/benchmark/llvm-project/llvm/lib/Target/X86/AsmParser/X86AsmParser.cpp, 6137, 2116, 4021
5489, /home/yrong/devel/llvm/benchmark/llvm-project/llvm/lib/Target/X86/Disassembler/X86Disassembler.cpp, 4910, 1287, 3623
5490, /home/yrong/devel/llvm/benchmark/llvm-project/llvm/lib/Target/X86/MCA/X86CustomBehaviour.cpp, 7821, 2424, 5397
5491, /home/yrong/devel/llvm/benchmark/llvm-project/llvm/lib/Target/X86/MCTargetDesc/X86ATTInstPrinter.cpp, 3024, 294, 2730
5492, /home/yrong/devel/llvm/benchmark/llvm-project/llvm/lib/Target/X86/MCTargetDesc/X86AsmBackend.cpp, 5472, 1520, 3952
5493, /home/yrong/devel/llvm/benchmark/llvm-project/llvm/lib/Target/X86/MCTargetDesc/X86ELFObjectWriter.cpp, 4555, 905, 3650
5494, /home/yrong/devel/llvm/benchmark/llvm-project/llvm/lib/Target/X86/MCTargetDesc/X86EncodingOptimization.cpp, 2820, 182, 2638
5495, /home/yrong/devel/llvm/benchmark/llvm-project/llvm/lib/Target/X86/MCTargetDesc/X86InstComments.cpp, 2665, 233, 2432
5496, /home/yrong/devel/llvm/benchmark/llvm-project/llvm/lib/Target/X86/MCTargetDesc/X86InstPrinterCommon.cpp, 3001, 283, 2718
5497, /home/yrong/devel/llvm/benchmark/llvm-project/llvm/lib/Target/X86/MCTargetDesc/X86IntelInstPrinter.cpp, 3004, 279, 2725
5498, /home/yrong/devel/llvm/benchmark/llvm-project/llvm/lib/Target/X86/MCTargetDesc/X86MCAsmInfo.cpp, 4383, 879, 3504
5499, /home/yrong/devel/llvm/benchmark/llvm-project/llvm/lib/Target/X86/MCTargetDesc/X86MCCodeEmitter.cpp, 4606, 921, 3685
5500, /home/yrong/devel/llvm/benchmark/llvm-project/llvm/lib/Target/X86/MCTargetDesc/X86MCTargetDesc.cpp, 5534, 1478, 4056
5501, /home/yrong/devel/llvm/benchmark/llvm-project/llvm/lib/Target/X86/MCTargetDesc/X86MachObjectWriter.cpp, 4765, 1087, 3678
5502, /home/yrong/devel/llvm/benchmark/llvm-project/llvm/lib/Target/X86/MCTargetDesc/X86MnemonicTables.cpp, 2508, 133, 2375
5503, /home/yrong/devel/llvm/benchmark/llvm-project/llvm/lib/Target/X86/MCTargetDesc/X86ShuffleDecode.cpp, 2609, 166, 2443
5504, /home/yrong/devel/llvm/benchmark/llvm-project/llvm/lib/Target/X86/MCTargetDesc/X86WinCOFFObjectWriter.cpp, 4496, 896, 3600
5505, /home/yrong/devel/llvm/benchmark/llvm-project/llvm/lib/Target/X86/MCTargetDesc/X86WinCOFFStreamer.cpp, 4512, 927, 3585
5506, /home/yrong/devel/llvm/benchmark/llvm-project/llvm/lib/Target/X86/MCTargetDesc/X86WinCOFFTargetStreamer.cpp, 4816, 1129, 3687
5507, /home/yrong/devel/llvm/benchmark/llvm-project/llvm/lib/Target/X86/TargetInfo/X86TargetInfo.cpp, 3078, 401, 2677
5508, /home/yrong/devel/llvm/benchmark/llvm-project/llvm/lib/Target/X86/X86ArgumentStackSlotRebase.cpp, 8591, 2785, 5806
5509, /home/yrong/devel/llvm/benchmark/llvm-project/llvm/lib/Target/X86/X86AsmPrinter.cpp, 9669, 3651, 6018
5510, /home/yrong/devel/llvm/benchmark/llvm-project/llvm/lib/Target/X86/X86AvoidStoreForwardingBlocks.cpp, 9216, 3347, 5869
5511, /home/yrong/devel/llvm/benchmark/llvm-project/llvm/lib/Target/X86/X86AvoidTrailingCall.cpp, 8426, 2704, 5722
5512, /home/yrong/devel/llvm/benchmark/llvm-project/llvm/lib/Target/X86/X86CallFrameOptimization.cpp, 8817, 2932, 5885
5513, /home/yrong/devel/llvm/benchmark/llvm-project/llvm/lib/Target/X86/X86CallLowering.cpp, 8993, 3157, 5836
5514, /home/yrong/devel/llvm/benchmark/llvm-project/llvm/lib/Target/X86/X86CallingConv.cpp, 9793, 4052, 5741
5515, /home/yrong/devel/llvm/benchmark/llvm-project/llvm/lib/Target/X86/X86CmovConversion.cpp, 7639, 2187, 5452
5516, /home/yrong/devel/llvm/benchmark/llvm-project/llvm/lib/Target/X86/X86DiscriminateMemOps.cpp, 10928, 4159, 6769
5517, /home/yrong/devel/llvm/benchmark/llvm-project/llvm/lib/Target/X86/X86DomainReassignment.cpp, 8881, 2967, 5914
5518, /home/yrong/devel/llvm/benchmark/llvm-project/llvm/lib/Target/X86/X86DynAllocaExpander.cpp, 8743, 2877, 5866
5519, /home/yrong/devel/llvm/benchmark/llvm-project/llvm/lib/Target/X86/X86EvexToVex.cpp, 8423, 2700, 5723
5520, /home/yrong/devel/llvm/benchmark/llvm-project/llvm/lib/Target/X86/X86ExpandPseudo.cpp, 8891, 3010, 5881
5521, /home/yrong/devel/llvm/benchmark/llvm-project/llvm/lib/Target/X86/X86FastISel.cpp, 12068, 5911, 6157
5522, /home/yrong/devel/llvm/benchmark/llvm-project/llvm/lib/Target/X86/X86FastPreTileConfig.cpp, 8795, 2914, 5881
5523, /home/yrong/devel/llvm/benchmark/llvm-project/llvm/lib/Target/X86/X86FastTileConfig.cpp, 8603, 2794, 5809
5524, /home/yrong/devel/llvm/benchmark/llvm-project/llvm/lib/Target/X86/X86FixupBWInsts.cpp, 9690, 3011, 6679
5525, /home/yrong/devel/llvm/benchmark/llvm-project/llvm/lib/Target/X86/X86FixupInstTuning.cpp, 8451, 2727, 5724
5526, /home/yrong/devel/llvm/benchmark/llvm-project/llvm/lib/Target/X86/X86FixupLEAs.cpp, 9676, 3031, 6645
5527, /home/yrong/devel/llvm/benchmark/llvm-project/llvm/lib/Target/X86/X86FixupSetCC.cpp, 8434, 2706, 5728
5528, /home/yrong/devel/llvm/benchmark/llvm-project/llvm/lib/Target/X86/X86FixupVectorConstants.cpp, 8494, 2747, 5747
5529, /home/yrong/devel/llvm/benchmark/llvm-project/llvm/lib/Target/X86/X86FlagsCopyLowering.cpp, 9992, 3283, 6709
5530, /home/yrong/devel/llvm/benchmark/llvm-project/llvm/lib/Target/X86/X86FloatingPoint.cpp, 7912, 2498, 5414
5531, /home/yrong/devel/llvm/benchmark/llvm-project/llvm/lib/Target/X86/X86FrameLowering.cpp, 9923, 3794, 6129
5532, /home/yrong/devel/llvm/benchmark/llvm-project/llvm/lib/Target/X86/X86ISelDAGToDAG.cpp, 10003, 3946, 6057
5533, /home/yrong/devel/llvm/benchmark/llvm-project/llvm/lib/Target/X86/X86ISelLowering.cpp, 19421, 11131, 8290
5534, /home/yrong/devel/llvm/benchmark/llvm-project/llvm/lib/Target/X86/X86ISelLoweringCall.cpp, 10141, 4000, 6141
5535, /home/yrong/devel/llvm/benchmark/llvm-project/llvm/lib/Target/X86/X86IndirectBranchTracking.cpp, 9103, 3204, 5899
5536, /home/yrong/devel/llvm/benchmark/llvm-project/llvm/lib/Target/X86/X86IndirectThunks.cpp, 9507, 3507, 6000
5537, /home/yrong/devel/llvm/benchmark/llvm-project/llvm/lib/Target/X86/X86InsertPrefetch.cpp, 11500, 4390, 7110
5538, /home/yrong/devel/llvm/benchmark/llvm-project/llvm/lib/Target/X86/X86InsertWait.cpp, 8413, 2693, 5720
5539, /home/yrong/devel/llvm/benchmark/llvm-project/llvm/lib/Target/X86/X86InstCombineIntrinsic.cpp, 11893, 5025, 6868
5540, /home/yrong/devel/llvm/benchmark/llvm-project/llvm/lib/Target/X86/X86InstrFMA3Info.cpp, 7000, 1966, 5034
5541, /home/yrong/devel/llvm/benchmark/llvm-project/llvm/lib/Target/X86/X86InstrFoldTables.cpp, 7026, 1990, 5036
5542, /home/yrong/devel/llvm/benchmark/llvm-project/llvm/lib/Target/X86/X86InstrInfo.cpp, 11897, 4517, 7380
5543, /home/yrong/devel/llvm/benchmark/llvm-project/llvm/lib/Target/X86/X86InstructionSelector.cpp, 9418, 3287, 6131
5544, /home/yrong/devel/llvm/benchmark/llvm-project/llvm/lib/Target/X86/X86InterleavedAccess.cpp, 10002, 3606, 6396
5545, /home/yrong/devel/llvm/benchmark/llvm-project/llvm/lib/Target/X86/X86LegalizerInfo.cpp, 9644, 3701, 5943
5546, /home/yrong/devel/llvm/benchmark/llvm-project/llvm/lib/Target/X86/X86LoadValueInjectionLoadHardening.cpp, 10741, 3752, 6989
5547, /home/yrong/devel/llvm/benchmark/llvm-project/llvm/lib/Target/X86/X86LoadValueInjectionRetHardening.cpp, 8594, 2733, 5861
5548, /home/yrong/devel/llvm/benchmark/llvm-project/llvm/lib/Target/X86/X86LowerAMXIntrinsics.cpp, 9562, 3515, 6047
5549, /home/yrong/devel/llvm/benchmark/llvm-project/llvm/lib/Target/X86/X86LowerAMXType.cpp, 8740, 2944, 5796
5550, /home/yrong/devel/llvm/benchmark/llvm-project/llvm/lib/Target/X86/X86LowerTileCopy.cpp, 8501, 2735, 5766
5551, /home/yrong/devel/llvm/benchmark/llvm-project/llvm/lib/Target/X86/X86MCInstLower.cpp, 11206, 4292, 6914
5552, /home/yrong/devel/llvm/benchmark/llvm-project/llvm/lib/Target/X86/X86MachineFunctionInfo.cpp, 6335, 1514, 4821
5553, /home/yrong/devel/llvm/benchmark/llvm-project/llvm/lib/Target/X86/X86MacroFusion.cpp, 8443, 2721, 5722
5554, /home/yrong/devel/llvm/benchmark/llvm-project/llvm/lib/Target/X86/X86OptimizeLEAs.cpp, 10198, 3405, 6793
5555, /home/yrong/devel/llvm/benchmark/llvm-project/llvm/lib/Target/X86/X86PadShortFunction.cpp, 9641, 2964, 6677
5556, /home/yrong/devel/llvm/benchmark/llvm-project/llvm/lib/Target/X86/X86PartialReduction.cpp, 9630, 3633, 5997
5557, /home/yrong/devel/llvm/benchmark/llvm-project/llvm/lib/Target/X86/X86PreAMXConfig.cpp, 7454, 2503, 4951
5558, /home/yrong/devel/llvm/benchmark/llvm-project/llvm/lib/Target/X86/X86PreTileConfig.cpp, 9641, 3322, 6319
5559, /home/yrong/devel/llvm/benchmark/llvm-project/llvm/lib/Target/X86/X86RegisterBankInfo.cpp, 7151, 2080, 5071
5560, /home/yrong/devel/llvm/benchmark/llvm-project/llvm/lib/Target/X86/X86RegisterInfo.cpp, 9350, 3145, 6205
5561, /home/yrong/devel/llvm/benchmark/llvm-project/llvm/lib/Target/X86/X86ReturnThunks.cpp, 8931, 3062, 5869
5562, /home/yrong/devel/llvm/benchmark/llvm-project/llvm/lib/Target/X86/X86SelectionDAGInfo.cpp, 8520, 2746, 5774
5563, /home/yrong/devel/llvm/benchmark/llvm-project/llvm/lib/Target/X86/X86ShuffleDecodeConstantPool.cpp, 2965, 336, 2629
5564, /home/yrong/devel/llvm/benchmark/llvm-project/llvm/lib/Target/X86/X86SpeculativeExecutionSideEffectSuppression.cpp, 8605, 2852, 5753
5565, /home/yrong/devel/llvm/benchmark/llvm-project/llvm/lib/Target/X86/X86SpeculativeLoadHardening.cpp, 9638, 3534, 6104
5566, /home/yrong/devel/llvm/benchmark/llvm-project/llvm/lib/Target/X86/X86Subtarget.cpp, 9865, 3864, 6001
5567, /home/yrong/devel/llvm/benchmark/llvm-project/llvm/lib/Target/X86/X86TargetMachine.cpp, 13506, 5947, 7559
5568, /home/yrong/devel/llvm/benchmark/llvm-project/llvm/lib/Target/X86/X86TargetObjectFile.cpp, 4796, 1093, 3703
5569, /home/yrong/devel/llvm/benchmark/llvm-project/llvm/lib/Target/X86/X86TargetTransformInfo.cpp, 11617, 4831, 6786
5570, /home/yrong/devel/llvm/benchmark/llvm-project/llvm/lib/Target/X86/X86TileConfig.cpp, 9119, 2961, 6158
5571, /home/yrong/devel/llvm/benchmark/llvm-project/llvm/lib/Target/X86/X86VZeroUpper.cpp, 8463, 2727, 5736
5572, /home/yrong/devel/llvm/benchmark/llvm-project/llvm/lib/Target/X86/X86WinEHState.cpp, 7331, 2225, 5106
5573, /home/yrong/devel/llvm/benchmark/llvm-project/llvm/lib/Target/XCore/Disassembler/XCoreDisassembler.cpp, 6937, 2032, 4905
5574, /home/yrong/devel/llvm/benchmark/llvm-project/llvm/lib/Target/XCore/MCTargetDesc/XCoreInstPrinter.cpp, 2992, 252, 2740
5575, /home/yrong/devel/llvm/benchmark/llvm-project/llvm/lib/Target/XCore/MCTargetDesc/XCoreMCAsmInfo.cpp, 2560, 167, 2393
5576, /home/yrong/devel/llvm/benchmark/llvm-project/llvm/lib/Target/XCore/MCTargetDesc/XCoreMCTargetDesc.cpp, 5020, 1006, 4014
5577, /home/yrong/devel/llvm/benchmark/llvm-project/llvm/lib/Target/XCore/TargetInfo/XCoreTargetInfo.cpp, 3078, 401, 2677
5578, /home/yrong/devel/llvm/benchmark/llvm-project/llvm/lib/Target/XCore/XCoreAsmPrinter.cpp, 10182, 4028, 6154
5579, /home/yrong/devel/llvm/benchmark/llvm-project/llvm/lib/Target/XCore/XCoreFrameLowering.cpp, 9135, 3177, 5958
5580, /home/yrong/devel/llvm/benchmark/llvm-project/llvm/lib/Target/XCore/XCoreFrameToArgsOffsetElim.cpp, 8531, 2745, 5786
5581, /home/yrong/devel/llvm/benchmark/llvm-project/llvm/lib/Target/XCore/XCoreISelDAGToDAG.cpp, 8771, 2942, 5829
5582, /home/yrong/devel/llvm/benchmark/llvm-project/llvm/lib/Target/XCore/XCoreISelLowering.cpp, 8993, 3108, 5885
5583, /home/yrong/devel/llvm/benchmark/llvm-project/llvm/lib/Target/XCore/XCoreInstrInfo.cpp, 8262, 2804, 5458
5584, /home/yrong/devel/llvm/benchmark/llvm-project/llvm/lib/Target/XCore/XCoreLowerThreadLocal.cpp, 7048, 1943, 5105
5585, /home/yrong/devel/llvm/benchmark/llvm-project/llvm/lib/Target/XCore/XCoreMCInstLower.cpp, 6426, 1736, 4690
5586, /home/yrong/devel/llvm/benchmark/llvm-project/llvm/lib/Target/XCore/XCoreMachineFunctionInfo.cpp, 7010, 1949, 5061
5587, /home/yrong/devel/llvm/benchmark/llvm-project/llvm/lib/Target/XCore/XCoreRegisterInfo.cpp, 9071, 3134, 5937
5588, /home/yrong/devel/llvm/benchmark/llvm-project/llvm/lib/Target/XCore/XCoreSelectionDAGInfo.cpp, 8613, 2850, 5763
5589, /home/yrong/devel/llvm/benchmark/llvm-project/llvm/lib/Target/XCore/XCoreSubtarget.cpp, 8585, 2838, 5747
5590, /home/yrong/devel/llvm/benchmark/llvm-project/llvm/lib/Target/XCore/XCoreTargetMachine.cpp, 11306, 4536, 6770
5591, /home/yrong/devel/llvm/benchmark/llvm-project/llvm/lib/Target/XCore/XCoreTargetObjectFile.cpp, 9004, 3117, 5887
5592, /home/yrong/devel/llvm/benchmark/llvm-project/llvm/lib/TargetParser/AArch64TargetParser.cpp, 2710, 262, 2448
5593, /home/yrong/devel/llvm/benchmark/llvm-project/llvm/lib/TargetParser/ARMTargetParser.cpp, 2735, 274, 2461
5594, /home/yrong/devel/llvm/benchmark/llvm-project/llvm/lib/TargetParser/ARMTargetParserCommon.cpp, 2462, 178, 2284
5595, /home/yrong/devel/llvm/benchmark/llvm-project/llvm/lib/TargetParser/CSKYTargetParser.cpp, 2610, 255, 2355
5596, /home/yrong/devel/llvm/benchmark/llvm-project/llvm/lib/TargetParser/Host.cpp, 3000, 422, 2578
5597, /home/yrong/devel/llvm/benchmark/llvm-project/llvm/lib/TargetParser/LoongArchTargetParser.cpp, 2564, 217, 2347
5598, /home/yrong/devel/llvm/benchmark/llvm-project/llvm/lib/TargetParser/RISCVTargetParser.cpp, 2613, 253, 2360
5599, /home/yrong/devel/llvm/benchmark/llvm-project/llvm/lib/TargetParser/SubtargetFeature.cpp, 2910, 336, 2574
5600, /home/yrong/devel/llvm/benchmark/llvm-project/llvm/lib/TargetParser/TargetParser.cpp, 2735, 235, 2500
5601, /home/yrong/devel/llvm/benchmark/llvm-project/llvm/lib/TargetParser/Triple.cpp, 3096, 514, 2582
5602, /home/yrong/devel/llvm/benchmark/llvm-project/llvm/lib/TargetParser/X86TargetParser.cpp, 3069, 562, 2507
5603, /home/yrong/devel/llvm/benchmark/llvm-project/llvm/lib/TextAPI/Architecture.cpp, 3002, 466, 2536
5604, /home/yrong/devel/llvm/benchmark/llvm-project/llvm/lib/TextAPI/ArchitectureSet.cpp, 2478, 197, 2281
5605, /home/yrong/devel/llvm/benchmark/llvm-project/llvm/lib/TextAPI/InterfaceFile.cpp, 4735, 854, 3881
5606, /home/yrong/devel/llvm/benchmark/llvm-project/llvm/lib/TextAPI/PackedVersion.cpp, 2799, 277, 2522
5607, /home/yrong/devel/llvm/benchmark/llvm-project/llvm/lib/TextAPI/Platform.cpp, 3240, 456, 2784
5608, /home/yrong/devel/llvm/benchmark/llvm-project/llvm/lib/TextAPI/Symbol.cpp, 3252, 433, 2819
5609, /home/yrong/devel/llvm/benchmark/llvm-project/llvm/lib/TextAPI/SymbolSet.cpp, 3643, 544, 3099
5610, /home/yrong/devel/llvm/benchmark/llvm-project/llvm/lib/TextAPI/Target.cpp, 3334, 534, 2800
5611, /home/yrong/devel/llvm/benchmark/llvm-project/llvm/lib/TextAPI/TextAPIError.cpp, 2801, 317, 2484
5612, /home/yrong/devel/llvm/benchmark/llvm-project/llvm/lib/TextAPI/TextStub.cpp, 4951, 1377, 3574
5613, /home/yrong/devel/llvm/benchmark/llvm-project/llvm/lib/TextAPI/TextStubCommon.cpp, 4387, 916, 3471
5614, /home/yrong/devel/llvm/benchmark/llvm-project/llvm/lib/TextAPI/TextStubV5.cpp, 5693, 1721, 3972
5615, /home/yrong/devel/llvm/benchmark/llvm-project/llvm/lib/ToolDrivers/llvm-dlltool/DlltoolDriver.cpp, 3870, 760, 3110
5616, /home/yrong/devel/llvm/benchmark/llvm-project/llvm/lib/ToolDrivers/llvm-lib/LibDriver.cpp, 5001, 1208, 3793
5617, /home/yrong/devel/llvm/benchmark/llvm-project/llvm/lib/Transforms/AggressiveInstCombine/AggressiveInstCombine.cpp, 8649, 2957, 5692
5618, /home/yrong/devel/llvm/benchmark/llvm-project/llvm/lib/Transforms/AggressiveInstCombine/TruncInstCombine.cpp, 7009, 1821, 5188
5619, /home/yrong/devel/llvm/benchmark/llvm-project/llvm/lib/Transforms/CFGuard/CFGuard.cpp, 5439, 1544, 3895
5620, /home/yrong/devel/llvm/benchmark/llvm-project/llvm/lib/Transforms/Coroutines/CoroCleanup.cpp, 6452, 2037, 4415
5621, /home/yrong/devel/llvm/benchmark/llvm-project/llvm/lib/Transforms/Coroutines/CoroConditionalWrapper.cpp, 6404, 2012, 4392
5622, /home/yrong/devel/llvm/benchmark/llvm-project/llvm/lib/Transforms/Coroutines/CoroEarly.cpp, 6521, 2059, 4462
5623, /home/yrong/devel/llvm/benchmark/llvm-project/llvm/lib/Transforms/Coroutines/CoroElide.cpp, 8115, 2676, 5439
5624, /home/yrong/devel/llvm/benchmark/llvm-project/llvm/lib/Transforms/Coroutines/CoroFrame.cpp, 9278, 3114, 6164
5625, /home/yrong/devel/llvm/benchmark/llvm-project/llvm/lib/Transforms/Coroutines/CoroSplit.cpp, 9809, 3398, 6411
5626, /home/yrong/devel/llvm/benchmark/llvm-project/llvm/lib/Transforms/Coroutines/Coroutines.cpp, 7759, 2289, 5470
5627, /home/yrong/devel/llvm/benchmark/llvm-project/llvm/lib/Transforms/Hello/Hello.cpp, 3971, 679, 3292
5628, /home/yrong/devel/llvm/benchmark/llvm-project/llvm/lib/Transforms/IPO/AlwaysInliner.cpp, 7220, 2272, 4948
5629, /home/yrong/devel/llvm/benchmark/llvm-project/llvm/lib/Transforms/IPO/Annotation2Metadata.cpp, 4931, 1121, 3810
5630, /home/yrong/devel/llvm/benchmark/llvm-project/llvm/lib/Transforms/IPO/ArgumentPromotion.cpp, 8395, 2666, 5729
5631, /home/yrong/devel/llvm/benchmark/llvm-project/llvm/lib/Transforms/IPO/Attributor.cpp, 12700, 5097, 7603
5632, /home/yrong/devel/llvm/benchmark/llvm-project/llvm/lib/Transforms/IPO/AttributorAttributes.cpp, 14137, 6063, 8074
5633, /home/yrong/devel/llvm/benchmark/llvm-project/llvm/lib/Transforms/IPO/BarrierNoopPass.cpp, 3303, 450, 2853
5634, /home/yrong/devel/llvm/benchmark/llvm-project/llvm/lib/Transforms/IPO/BlockExtractor.cpp, 6426, 1466, 4960
5635, /home/yrong/devel/llvm/benchmark/llvm-project/llvm/lib/Transforms/IPO/CalledValuePropagation.cpp, 5817, 1384, 4433
5636, /home/yrong/devel/llvm/benchmark/llvm-project/llvm/lib/Transforms/IPO/ConstantMerge.cpp, 4626, 953, 3673
5637, /home/yrong/devel/llvm/benchmark/llvm-project/llvm/lib/Transforms/IPO/CrossDSOCFI.cpp, 5673, 1562, 4111
5638, /home/yrong/devel/llvm/benchmark/llvm-project/llvm/lib/Transforms/IPO/DeadArgumentElimination.cpp, 8207, 2561, 5646
5639, /home/yrong/devel/llvm/benchmark/llvm-project/llvm/lib/Transforms/IPO/ElimAvailExtern.cpp, 5855, 1628, 4227
5640, /home/yrong/devel/llvm/benchmark/llvm-project/llvm/lib/Transforms/IPO/EmbedBitcodePass.cpp, 6961, 2305, 4656
5641, /home/yrong/devel/llvm/benchmark/llvm-project/llvm/lib/Transforms/IPO/ExtractGV.cpp, 4500, 882, 3618
5642, /home/yrong/devel/llvm/benchmark/llvm-project/llvm/lib/Transforms/IPO/ForceFunctionAttrs.cpp, 4692, 940, 3752
5643, /home/yrong/devel/llvm/benchmark/llvm-project/llvm/lib/Transforms/IPO/FunctionAttrs.cpp, 9660, 3579, 6081
5644, /home/yrong/devel/llvm/benchmark/llvm-project/llvm/lib/Transforms/IPO/FunctionImport.cpp, 8690, 3142, 5548
5645, /home/yrong/devel/llvm/benchmark/llvm-project/llvm/lib/Transforms/IPO/FunctionSpecialization.cpp, 8963, 2786, 6177
5646, /home/yrong/devel/llvm/benchmark/llvm-project/llvm/lib/Transforms/IPO/GlobalDCE.cpp, 6527, 1953, 4574
5647, /home/yrong/devel/llvm/benchmark/llvm-project/llvm/lib/Transforms/IPO/GlobalOpt.cpp, 8772, 2915, 5857
5648, /home/yrong/devel/llvm/benchmark/llvm-project/llvm/lib/Transforms/IPO/GlobalSplit.cpp, 4724, 981, 3743
5649, /home/yrong/devel/llvm/benchmark/llvm-project/llvm/lib/Transforms/IPO/HotColdSplitting.cpp, 7392, 2008, 5384
5650, /home/yrong/devel/llvm/benchmark/llvm-project/llvm/lib/Transforms/IPO/IPO.cpp, 5529, 1521, 4008
5651, /home/yrong/devel/llvm/benchmark/llvm-project/llvm/lib/Transforms/IPO/IROutliner.cpp, 9148, 3021, 6127
5652, /home/yrong/devel/llvm/benchmark/llvm-project/llvm/lib/Transforms/IPO/InferFunctionAttrs.cpp, 6048, 1386, 4662
5653, /home/yrong/devel/llvm/benchmark/llvm-project/llvm/lib/Transforms/IPO/Inliner.cpp, 9447, 3291, 6156
5654, /home/yrong/devel/llvm/benchmark/llvm-project/llvm/lib/Transforms/IPO/Internalize.cpp, 5694, 1425, 4269
5655, /home/yrong/devel/llvm/benchmark/llvm-project/llvm/lib/Transforms/IPO/LoopExtractor.cpp, 6699, 1511, 5188
5656, /home/yrong/devel/llvm/benchmark/llvm-project/llvm/lib/Transforms/IPO/LowerTypeTests.cpp, 10579, 4209, 6370
5657, /home/yrong/devel/llvm/benchmark/llvm-project/llvm/lib/Transforms/IPO/MemProfContextDisambiguation.cpp, 11388, 4394, 6994
5658, /home/yrong/devel/llvm/benchmark/llvm-project/llvm/lib/Transforms/IPO/MergeFunctions.cpp, 7151, 2377, 4774
5659, /home/yrong/devel/llvm/benchmark/llvm-project/llvm/lib/Transforms/IPO/ModuleInliner.cpp, 8118, 2851, 5267
5660, /home/yrong/devel/llvm/benchmark/llvm-project/llvm/lib/Transforms/IPO/OpenMPOpt.cpp, 12827, 5258, 7569
5661, /home/yrong/devel/llvm/benchmark/llvm-project/llvm/lib/Transforms/IPO/PartialInlining.cpp, 9460, 3192, 6268
5662, /home/yrong/devel/llvm/benchmark/llvm-project/llvm/lib/Transforms/IPO/SCCP.cpp, 8944, 2784, 6160
5663, /home/yrong/devel/llvm/benchmark/llvm-project/llvm/lib/Transforms/IPO/SampleContextTracker.cpp, 6757, 1746, 5011
5664, /home/yrong/devel/llvm/benchmark/llvm-project/llvm/lib/Transforms/IPO/SampleProfile.cpp, 14494, 5922, 8572
5665, /home/yrong/devel/llvm/benchmark/llvm-project/llvm/lib/Transforms/IPO/SampleProfileProbe.cpp, 9090, 3150, 5940
5666, /home/yrong/devel/llvm/benchmark/llvm-project/llvm/lib/Transforms/IPO/StripDeadPrototypes.cpp, 4436, 850, 3586
5667, /home/yrong/devel/llvm/benchmark/llvm-project/llvm/lib/Transforms/IPO/StripSymbols.cpp, 7412, 2042, 5370
5668, /home/yrong/devel/llvm/benchmark/llvm-project/llvm/lib/Transforms/IPO/SyntheticCountsPropagation.cpp, 6060, 1546, 4514
5669, /home/yrong/devel/llvm/benchmark/llvm-project/llvm/lib/Transforms/IPO/ThinLTOBitcodeWriter.cpp, 9291, 3667, 5624
5670, /home/yrong/devel/llvm/benchmark/llvm-project/llvm/lib/Transforms/IPO/WholeProgramDevirt.cpp, 10619, 4395, 6224
5671, /home/yrong/devel/llvm/benchmark/llvm-project/llvm/lib/Transforms/InstCombine/InstCombineAddSub.cpp, 8946, 3315, 5631
5672, /home/yrong/devel/llvm/benchmark/llvm-project/llvm/lib/Transforms/InstCombine/InstCombineAndOrXor.cpp, 9516, 3863, 5653
5673, /home/yrong/devel/llvm/benchmark/llvm-project/llvm/lib/Transforms/InstCombine/InstCombineAtomicRMW.cpp, 7887, 2329, 5558
5674, /home/yrong/devel/llvm/benchmark/llvm-project/llvm/lib/Transforms/InstCombine/InstCombineCalls.cpp, 10540, 4175, 6365
5675, /home/yrong/devel/llvm/benchmark/llvm-project/llvm/lib/Transforms/InstCombine/InstCombineCasts.cpp, 8461, 2756, 5705
5676, /home/yrong/devel/llvm/benchmark/llvm-project/llvm/lib/Transforms/InstCombine/InstCombineCompares.cpp, 10551, 4359, 6192
5677, /home/yrong/devel/llvm/benchmark/llvm-project/llvm/lib/Transforms/InstCombine/InstCombineLoadStoreAlloca.cpp, 8493, 2712, 5781
5678, /home/yrong/devel/llvm/benchmark/llvm-project/llvm/lib/Transforms/InstCombine/InstCombineMulDivRem.cpp, 8811, 3183, 5628
5679, /home/yrong/devel/llvm/benchmark/llvm-project/llvm/lib/Transforms/InstCombine/InstCombineNegator.cpp, 8289, 2593, 5696
5680, /home/yrong/devel/llvm/benchmark/llvm-project/llvm/lib/Transforms/InstCombine/InstCombinePHI.cpp, 8427, 2654, 5773
5681, /home/yrong/devel/llvm/benchmark/llvm-project/llvm/lib/Transforms/InstCombine/InstCombineSelect.cpp, 10000, 3927, 6073
5682, /home/yrong/devel/llvm/benchmark/llvm-project/llvm/lib/Transforms/InstCombine/InstCombineShifts.cpp, 8350, 2735, 5615
5683, /home/yrong/devel/llvm/benchmark/llvm-project/llvm/lib/Transforms/InstCombine/InstCombineSimplifyDemanded.cpp, 8179, 2544, 5635
5684, /home/yrong/devel/llvm/benchmark/llvm-project/llvm/lib/Transforms/InstCombine/InstCombineVectorOps.cpp, 9529, 3445, 6084
5685, /home/yrong/devel/llvm/benchmark/llvm-project/llvm/lib/Transforms/InstCombine/InstructionCombining.cpp, 11276, 4532, 6744
5686, /home/yrong/devel/llvm/benchmark/llvm-project/llvm/lib/Transforms/Instrumentation/AddressSanitizer.cpp, 10912, 4094, 6818
5687, /home/yrong/devel/llvm/benchmark/llvm-project/llvm/lib/Transforms/Instrumentation/BlockCoverageInference.cpp, 6023, 1412, 4611
5688, /home/yrong/devel/llvm/benchmark/llvm-project/llvm/lib/Transforms/Instrumentation/BoundsChecking.cpp, 7087, 2433, 4654
5689, /home/yrong/devel/llvm/benchmark/llvm-project/llvm/lib/Transforms/Instrumentation/CGProfile.cpp, 8043, 2587, 5456
5690, /home/yrong/devel/llvm/benchmark/llvm-project/llvm/lib/Transforms/Instrumentation/ControlHeightReduction.cpp, 10685, 3645, 7040
5691, /home/yrong/devel/llvm/benchmark/llvm-project/llvm/lib/Transforms/Instrumentation/DataFlowSanitizer.cpp, 9532, 3546, 5986
5692, /home/yrong/devel/llvm/benchmark/llvm-project/llvm/lib/Transforms/Instrumentation/GCOVProfiling.cpp, 8858, 3070, 5788
5693, /home/yrong/devel/llvm/benchmark/llvm-project/llvm/lib/Transforms/Instrumentation/HWAddressSanitizer.cpp, 9589, 3623, 5966
5694, /home/yrong/devel/llvm/benchmark/llvm-project/llvm/lib/Transforms/Instrumentation/IndirectCallPromotion.cpp, 8079, 2586, 5493
5695, /home/yrong/devel/llvm/benchmark/llvm-project/llvm/lib/Transforms/Instrumentation/InstrOrderFile.cpp, 8674, 2394, 6280
5696, /home/yrong/devel/llvm/benchmark/llvm-project/llvm/lib/Transforms/Instrumentation/InstrProfiling.cpp, 10225, 3317, 6908
5697, /home/yrong/devel/llvm/benchmark/llvm-project/llvm/lib/Transforms/Instrumentation/Instrumentation.cpp, 5874, 1844, 4030
5698, /home/yrong/devel/llvm/benchmark/llvm-project/llvm/lib/Transforms/Instrumentation/KCFI.cpp, 6920, 1921, 4999
5699, /home/yrong/devel/llvm/benchmark/llvm-project/llvm/lib/Transforms/Instrumentation/MemProfiler.cpp, 11276, 4244, 7032
5700, /home/yrong/devel/llvm/benchmark/llvm-project/llvm/lib/Transforms/Instrumentation/MemorySanitizer.cpp, 9411, 3357, 6054
5701, /home/yrong/devel/llvm/benchmark/llvm-project/llvm/lib/Transforms/Instrumentation/PGOInstrumentation.cpp, 11855, 4488, 7367
5702, /home/yrong/devel/llvm/benchmark/llvm-project/llvm/lib/Transforms/Instrumentation/PGOMemOPSizeOpt.cpp, 9062, 2786, 6276
5703, /home/yrong/devel/llvm/benchmark/llvm-project/llvm/lib/Transforms/Instrumentation/PoisonChecking.cpp, 6047, 1581, 4466
5704, /home/yrong/devel/llvm/benchmark/llvm-project/llvm/lib/Transforms/Instrumentation/SanitizerBinaryMetadata.cpp, 8726, 2727, 5999
5705, /home/yrong/devel/llvm/benchmark/llvm-project/llvm/lib/Transforms/Instrumentation/SanitizerCoverage.cpp, 8340, 2940, 5400
5706, /home/yrong/devel/llvm/benchmark/llvm-project/llvm/lib/Transforms/Instrumentation/ThreadSanitizer.cpp, 9267, 2773, 6494
5707, /home/yrong/devel/llvm/benchmark/llvm-project/llvm/lib/Transforms/Instrumentation/ValueProfileCollector.cpp, 7601, 2233, 5368
5708, /home/yrong/devel/llvm/benchmark/llvm-project/llvm/lib/Transforms/ObjCARC/DependencyAnalysis.cpp, 6982, 1696, 5286
5709, /home/yrong/devel/llvm/benchmark/llvm-project/llvm/lib/Transforms/ObjCARC/ObjCARC.cpp, 7206, 1854, 5352
5710, /home/yrong/devel/llvm/benchmark/llvm-project/llvm/lib/Transforms/ObjCARC/ObjCARCAPElim.cpp, 5480, 1262, 4218
5711, /home/yrong/devel/llvm/benchmark/llvm-project/llvm/lib/Transforms/ObjCARC/ObjCARCContract.cpp, 7164, 1787, 5377
5712, /home/yrong/devel/llvm/benchmark/llvm-project/llvm/lib/Transforms/ObjCARC/ObjCARCExpand.cpp, 5492, 1268, 4224
5713, /home/yrong/devel/llvm/benchmark/llvm-project/llvm/lib/Transforms/ObjCARC/ObjCARCOpts.cpp, 7636, 2086, 5550
5714, /home/yrong/devel/llvm/benchmark/llvm-project/llvm/lib/Transforms/ObjCARC/ProvenanceAnalysis.cpp, 5968, 1551, 4417
5715, /home/yrong/devel/llvm/benchmark/llvm-project/llvm/lib/Transforms/ObjCARC/ProvenanceAnalysisEvaluator.cpp, 4985, 1166, 3819
5716, /home/yrong/devel/llvm/benchmark/llvm-project/llvm/lib/Transforms/ObjCARC/PtrState.cpp, 6771, 1531, 5240
5717, /home/yrong/devel/llvm/benchmark/llvm-project/llvm/lib/Transforms/Scalar/ADCE.cpp, 9781, 3114, 6667
5718, /home/yrong/devel/llvm/benchmark/llvm-project/llvm/lib/Transforms/Scalar/AlignmentFromAssumptions.cpp, 8020, 2306, 5714
5719, /home/yrong/devel/llvm/benchmark/llvm-project/llvm/lib/Transforms/Scalar/AnnotationRemarks.cpp, 5335, 1435, 3900
5720, /home/yrong/devel/llvm/benchmark/llvm-project/llvm/lib/Transforms/Scalar/BDCE.cpp, 6968, 1889, 5079
5721, /home/yrong/devel/llvm/benchmark/llvm-project/llvm/lib/Transforms/Scalar/CallSiteSplitting.cpp, 8653, 2704, 5949
5722, /home/yrong/devel/llvm/benchmark/llvm-project/llvm/lib/Transforms/Scalar/ConstantHoisting.cpp, 7880, 2395, 5485
5723, /home/yrong/devel/llvm/benchmark/llvm-project/llvm/lib/Transforms/Scalar/ConstraintElimination.cpp, 9593, 3360, 6233
5724, /home/yrong/devel/llvm/benchmark/llvm-project/llvm/lib/Transforms/Scalar/CorrelatedValuePropagation.cpp, 8063, 2533, 5530
5725, /home/yrong/devel/llvm/benchmark/llvm-project/llvm/lib/Transforms/Scalar/DCE.cpp, 7527, 2109, 5418
5726, /home/yrong/devel/llvm/benchmark/llvm-project/llvm/lib/Transforms/Scalar/DFAJumpThreading.cpp, 9004, 2851, 6153
5727, /home/yrong/devel/llvm/benchmark/llvm-project/llvm/lib/Transforms/Scalar/DeadStoreElimination.cpp, 9627, 3468, 6159
5728, /home/yrong/devel/llvm/benchmark/llvm-project/llvm/lib/Transforms/Scalar/DivRemPairs.cpp, 7923, 2295, 5628
5729, /home/yrong/devel/llvm/benchmark/llvm-project/llvm/lib/Transforms/Scalar/EarlyCSE.cpp, 8978, 2959, 6019
5730, /home/yrong/devel/llvm/benchmark/llvm-project/llvm/lib/Transforms/Scalar/FlattenCFGPass.cpp, 5897, 1256, 4641
5731, /home/yrong/devel/llvm/benchmark/llvm-project/llvm/lib/Transforms/Scalar/Float2Int.cpp, 7504, 2073, 5431
5732, /home/yrong/devel/llvm/benchmark/llvm-project/llvm/lib/Transforms/Scalar/GVN.cpp, 9986, 3650, 6336
5733, /home/yrong/devel/llvm/benchmark/llvm-project/llvm/lib/Transforms/Scalar/GVNHoist.cpp, 8662, 2773, 5889
5734, /home/yrong/devel/llvm/benchmark/llvm-project/llvm/lib/Transforms/Scalar/GVNSink.cpp, 7683, 2035, 5648
5735, /home/yrong/devel/llvm/benchmark/llvm-project/llvm/lib/Transforms/Scalar/GuardWidening.cpp, 9265, 3145, 6120
5736, /home/yrong/devel/llvm/benchmark/llvm-project/llvm/lib/Transforms/Scalar/IVUsersPrinter.cpp, 5197, 1083, 4114
5737, /home/yrong/devel/llvm/benchmark/llvm-project/llvm/lib/Transforms/Scalar/IndVarSimplify.cpp, 9940, 3649, 6291
5738, /home/yrong/devel/llvm/benchmark/llvm-project/llvm/lib/Transforms/Scalar/InductiveRangeCheckElimination.cpp, 10217, 3637, 6580
5739, /home/yrong/devel/llvm/benchmark/llvm-project/llvm/lib/Transforms/Scalar/InferAddressSpaces.cpp, 8400, 2630, 5770
5740, /home/yrong/devel/llvm/benchmark/llvm-project/llvm/lib/Transforms/Scalar/InstSimplifyPass.cpp, 7334, 2134, 5200
5741, /home/yrong/devel/llvm/benchmark/llvm-project/llvm/lib/Transforms/Scalar/JumpThreading.cpp, 9995, 3495, 6500
5742, /home/yrong/devel/llvm/benchmark/llvm-project/llvm/lib/Transforms/Scalar/LICM.cpp, 10864, 4129, 6735
5743, /home/yrong/devel/llvm/benchmark/llvm-project/llvm/lib/Transforms/Scalar/LoopAccessAnalysisPrinter.cpp, 7580, 2346, 5234
5744, /home/yrong/devel/llvm/benchmark/llvm-project/llvm/lib/Transforms/Scalar/LoopBoundSplit.cpp, 10026, 3464, 6562
5745, /home/yrong/devel/llvm/benchmark/llvm-project/llvm/lib/Transforms/Scalar/LoopDataPrefetch.cpp, 8854, 2886, 5968
5746, /home/yrong/devel/llvm/benchmark/llvm-project/llvm/lib/Transforms/Scalar/LoopDeletion.cpp, 9248, 3117, 6131
5747, /home/yrong/devel/llvm/benchmark/llvm-project/llvm/lib/Transforms/Scalar/LoopDistribute.cpp, 9995, 3525, 6470
5748, /home/yrong/devel/llvm/benchmark/llvm-project/llvm/lib/Transforms/Scalar/LoopFlatten.cpp, 9834, 3534, 6300
5749, /home/yrong/devel/llvm/benchmark/llvm-project/llvm/lib/Transforms/Scalar/LoopFuse.cpp, 8145, 2270, 5875
5750, /home/yrong/devel/llvm/benchmark/llvm-project/llvm/lib/Transforms/Scalar/LoopIdiomRecognize.cpp, 10230, 3861, 6369
5751, /home/yrong/devel/llvm/benchmark/llvm-project/llvm/lib/Transforms/Scalar/LoopInstSimplify.cpp, 9193, 3138, 6055
5752, /home/yrong/devel/llvm/benchmark/llvm-project/llvm/lib/Transforms/Scalar/LoopInterchange.cpp, 9142, 3054, 6088
5753, /home/yrong/devel/llvm/benchmark/llvm-project/llvm/lib/Transforms/Scalar/LoopLoadElimination.cpp, 9970, 3659, 6311
5754, /home/yrong/devel/llvm/benchmark/llvm-project/llvm/lib/Transforms/Scalar/LoopPassManager.cpp, 9448, 3298, 6150
5755, /home/yrong/devel/llvm/benchmark/llvm-project/llvm/lib/Transforms/Scalar/LoopPredication.cpp, 9733, 3502, 6231
5756, /home/yrong/devel/llvm/benchmark/llvm-project/llvm/lib/Transforms/Scalar/LoopRerollPass.cpp, 10078, 3652, 6426
5757, /home/yrong/devel/llvm/benchmark/llvm-project/llvm/lib/Transforms/Scalar/LoopRotation.cpp, 9209, 3094, 6115
5758, /home/yrong/devel/llvm/benchmark/llvm-project/llvm/lib/Transforms/Scalar/LoopSimplifyCFG.cpp, 9645, 3392, 6253
5759, /home/yrong/devel/llvm/benchmark/llvm-project/llvm/lib/Transforms/Scalar/LoopSink.cpp, 8912, 2838, 6074
5760, /home/yrong/devel/llvm/benchmark/llvm-project/llvm/lib/Transforms/Scalar/LoopStrengthReduce.cpp, 11211, 4387, 6824
5761, /home/yrong/devel/llvm/benchmark/llvm-project/llvm/lib/Transforms/Scalar/LoopUnrollAndJamPass.cpp, 8799, 2826, 5973
5762, /home/yrong/devel/llvm/benchmark/llvm-project/llvm/lib/Transforms/Scalar/LoopUnrollPass.cpp, 9427, 3237, 6190
5763, /home/yrong/devel/llvm/benchmark/llvm-project/llvm/lib/Transforms/Scalar/LoopVersioningLICM.cpp, 8648, 2789, 5859
5764, /home/yrong/devel/llvm/benchmark/llvm-project/llvm/lib/Transforms/Scalar/LowerAtomicPass.cpp, 5836, 1668, 4168
5765, /home/yrong/devel/llvm/benchmark/llvm-project/llvm/lib/Transforms/Scalar/LowerConstantIntrinsics.cpp, 8164, 2623, 5541
5766, /home/yrong/devel/llvm/benchmark/llvm-project/llvm/lib/Transforms/Scalar/LowerExpectIntrinsic.cpp, 5991, 1424, 4567
5767, /home/yrong/devel/llvm/benchmark/llvm-project/llvm/lib/Transforms/Scalar/LowerGuardIntrinsic.cpp, 5287, 1241, 4046
5768, /home/yrong/devel/llvm/benchmark/llvm-project/llvm/lib/Transforms/Scalar/LowerMatrixIntrinsics.cpp, 10650, 3989, 6661
5769, /home/yrong/devel/llvm/benchmark/llvm-project/llvm/lib/Transforms/Scalar/LowerWidenableCondition.cpp, 6275, 1829, 4446
5770, /home/yrong/devel/llvm/benchmark/llvm-project/llvm/lib/Transforms/Scalar/MakeGuardsExplicit.cpp, 5287, 1241, 4046
5771, /home/yrong/devel/llvm/benchmark/llvm-project/llvm/lib/Transforms/Scalar/MemCpyOptimizer.cpp, 8542, 2884, 5658
5772, /home/yrong/devel/llvm/benchmark/llvm-project/llvm/lib/Transforms/Scalar/MergeICmps.cpp, 7699, 2333, 5366
5773, /home/yrong/devel/llvm/benchmark/llvm-project/llvm/lib/Transforms/Scalar/MergedLoadStoreMotion.cpp, 6784, 1849, 4935
5774, /home/yrong/devel/llvm/benchmark/llvm-project/llvm/lib/Transforms/Scalar/NaryReassociate.cpp, 8817, 2947, 5870
5775, /home/yrong/devel/llvm/benchmark/llvm-project/llvm/lib/Transforms/Scalar/NewGVN.cpp, 10561, 3872, 6689
5776, /home/yrong/devel/llvm/benchmark/llvm-project/llvm/lib/Transforms/Scalar/PartiallyInlineLibCalls.cpp, 7294, 2037, 5257
5777, /home/yrong/devel/llvm/benchmark/llvm-project/llvm/lib/Transforms/Scalar/PlaceSafepoints.cpp, 8841, 2718, 6123
5778, /home/yrong/devel/llvm/benchmark/llvm-project/llvm/lib/Transforms/Scalar/Reassociate.cpp, 8825, 2979, 5846
5779, /home/yrong/devel/llvm/benchmark/llvm-project/llvm/lib/Transforms/Scalar/Reg2Mem.cpp, 6703, 1438, 5265
5780, /home/yrong/devel/llvm/benchmark/llvm-project/llvm/lib/Transforms/Scalar/RewriteStatepointsForGC.cpp, 9261, 3097, 6164
5781, /home/yrong/devel/llvm/benchmark/llvm-project/llvm/lib/Transforms/Scalar/SCCP.cpp, 7083, 1789, 5294
5782, /home/yrong/devel/llvm/benchmark/llvm-project/llvm/lib/Transforms/Scalar/SROA.cpp, 9656, 3389, 6267
5783, /home/yrong/devel/llvm/benchmark/llvm-project/llvm/lib/Transforms/Scalar/Scalar.cpp, 0, 0, 0
5784, /home/yrong/devel/llvm/benchmark/llvm-project/llvm/lib/Transforms/Scalar/ScalarizeMaskedMemIntrin.cpp, 7709, 2388, 5321
5785, /home/yrong/devel/llvm/benchmark/llvm-project/llvm/lib/Transforms/Scalar/Scalarizer.cpp, 8982, 3086, 5896
5786, /home/yrong/devel/llvm/benchmark/llvm-project/llvm/lib/Transforms/Scalar/SeparateConstOffsetFromGEP.cpp, 8456, 2683, 5773
5787, /home/yrong/devel/llvm/benchmark/llvm-project/llvm/lib/Transforms/Scalar/SimpleLoopUnswitch.cpp, 12183, 4774, 7409
5788, /home/yrong/devel/llvm/benchmark/llvm-project/llvm/lib/Transforms/Scalar/SimplifyCFGPass.cpp, 7640, 2310, 5330
5789, /home/yrong/devel/llvm/benchmark/llvm-project/llvm/lib/Transforms/Scalar/Sink.cpp, 6700, 1530, 5170
5790, /home/yrong/devel/llvm/benchmark/llvm-project/llvm/lib/Transforms/Scalar/SpeculativeExecution.cpp, 6857, 2066, 4791
5791, /home/yrong/devel/llvm/benchmark/llvm-project/llvm/lib/Transforms/Scalar/StraightLineStrengthReduce.cpp, 8197, 2534, 5663
5792, /home/yrong/devel/llvm/benchmark/llvm-project/llvm/lib/Transforms/Scalar/StructurizeCFG.cpp, 8521, 2599, 5922
5793, /home/yrong/devel/llvm/benchmark/llvm-project/llvm/lib/Transforms/Scalar/TLSVariableHoist.cpp, 7415, 1953, 5462
5794, /home/yrong/devel/llvm/benchmark/llvm-project/llvm/lib/Transforms/Scalar/TailRecursionElimination.cpp, 8405, 2714, 5691
5795, /home/yrong/devel/llvm/benchmark/llvm-project/llvm/lib/Transforms/Scalar/WarnMissedTransforms.cpp, 7617, 2420, 5197
5796, /home/yrong/devel/llvm/benchmark/llvm-project/llvm/lib/Transforms/Utils/AMDGPUEmitPrintf.cpp, 5728, 1458, 4270
5797, /home/yrong/devel/llvm/benchmark/llvm-project/llvm/lib/Transforms/Utils/ASanStackFrameLayout.cpp, 4266, 812, 3454
5798, /home/yrong/devel/llvm/benchmark/llvm-project/llvm/lib/Transforms/Utils/AddDiscriminators.cpp, 7549, 2203, 5346
5799, /home/yrong/devel/llvm/benchmark/llvm-project/llvm/lib/Transforms/Utils/AssumeBundleBuilder.cpp, 7876, 2261, 5615
5800, /home/yrong/devel/llvm/benchmark/llvm-project/llvm/lib/Transforms/Utils/BasicBlockUtils.cpp, 9086, 3031, 6055
5801, /home/yrong/devel/llvm/benchmark/llvm-project/llvm/lib/Transforms/Utils/BreakCriticalEdges.cpp, 8360, 2366, 5994
5802, /home/yrong/devel/llvm/benchmark/llvm-project/llvm/lib/Transforms/Utils/BuildLibCalls.cpp, 6909, 2352, 4557
5803, /home/yrong/devel/llvm/benchmark/llvm-project/llvm/lib/Transforms/Utils/BypassSlowDivision.cpp, 7058, 1775, 5283
5804, /home/yrong/devel/llvm/benchmark/llvm-project/llvm/lib/Transforms/Utils/CallGraphUpdater.cpp, 5827, 1559, 4268
5805, /home/yrong/devel/llvm/benchmark/llvm-project/llvm/lib/Transforms/Utils/CallPromotionUtils.cpp, 7170, 1795, 5375
5806, /home/yrong/devel/llvm/benchmark/llvm-project/llvm/lib/Transforms/Utils/CanonicalizeAliases.cpp, 4558, 922, 3636
5807, /home/yrong/devel/llvm/benchmark/llvm-project/llvm/lib/Transforms/Utils/CanonicalizeFreezeInLoops.cpp, 7763, 2152, 5611
5808, /home/yrong/devel/llvm/benchmark/llvm-project/llvm/lib/Transforms/Utils/CloneFunction.cpp, 9046, 2799, 6247
5809, /home/yrong/devel/llvm/benchmark/llvm-project/llvm/lib/Transforms/Utils/CloneModule.cpp, 5826, 1460, 4366
5810, /home/yrong/devel/llvm/benchmark/llvm-project/llvm/lib/Transforms/Utils/CodeExtractor.cpp, 9083, 2805, 6278
5811, /home/yrong/devel/llvm/benchmark/llvm-project/llvm/lib/Transforms/Utils/CodeLayout.cpp, 4259, 794, 3465
5812, /home/yrong/devel/llvm/benchmark/llvm-project/llvm/lib/Transforms/Utils/CodeMoverUtils.cpp, 6573, 1506, 5067
5813, /home/yrong/devel/llvm/benchmark/llvm-project/llvm/lib/Transforms/Utils/CountVisits.cpp, 4446, 855, 3591
5814, /home/yrong/devel/llvm/benchmark/llvm-project/llvm/lib/Transforms/Utils/CtorUtils.cpp, 4112, 751, 3361
5815, /home/yrong/devel/llvm/benchmark/llvm-project/llvm/lib/Transforms/Utils/Debugify.cpp, 8275, 2571, 5704
5816, /home/yrong/devel/llvm/benchmark/llvm-project/llvm/lib/Transforms/Utils/DemoteRegToStack.cpp, 6339, 1386, 4953
5817, /home/yrong/devel/llvm/benchmark/llvm-project/llvm/lib/Transforms/Utils/EntryExitInstrumenter.cpp, 7086, 1995, 5091
5818, /home/yrong/devel/llvm/benchmark/llvm-project/llvm/lib/Transforms/Utils/EscapeEnumerator.cpp, 6776, 1746, 5030
5819, /home/yrong/devel/llvm/benchmark/llvm-project/llvm/lib/Transforms/Utils/Evaluator.cpp, 6037, 1667, 4370
5820, /home/yrong/devel/llvm/benchmark/llvm-project/llvm/lib/Transforms/Utils/FixIrreducible.cpp, 6982, 1615, 5367
5821, /home/yrong/devel/llvm/benchmark/llvm-project/llvm/lib/Transforms/Utils/FlattenCFG.cpp, 7210, 1883, 5327
5822, /home/yrong/devel/llvm/benchmark/llvm-project/llvm/lib/Transforms/Utils/FunctionComparator.cpp, 5033, 1199, 3834
5823, /home/yrong/devel/llvm/benchmark/llvm-project/llvm/lib/Transforms/Utils/FunctionImportUtils.cpp, 5463, 1548, 3915
5824, /home/yrong/devel/llvm/benchmark/llvm-project/llvm/lib/Transforms/Utils/GlobalStatus.cpp, 5389, 1460, 3929
5825, /home/yrong/devel/llvm/benchmark/llvm-project/llvm/lib/Transforms/Utils/GuardUtils.cpp, 7468, 2235, 5233
5826, /home/yrong/devel/llvm/benchmark/llvm-project/llvm/lib/Transforms/Utils/HelloWorld.cpp, 4412, 845, 3567
5827, /home/yrong/devel/llvm/benchmark/llvm-project/llvm/lib/Transforms/Utils/InjectTLIMappings.cpp, 7168, 2336, 4832
5828, /home/yrong/devel/llvm/benchmark/llvm-project/llvm/lib/Transforms/Utils/InlineFunction.cpp, 11561, 4723, 6838
5829, /home/yrong/devel/llvm/benchmark/llvm-project/llvm/lib/Transforms/Utils/InstructionNamer.cpp, 4416, 849, 3567
5830, /home/yrong/devel/llvm/benchmark/llvm-project/llvm/lib/Transforms/Utils/IntegerDivision.cpp, 4918, 1244, 3674
5831, /home/yrong/devel/llvm/benchmark/llvm-project/llvm/lib/Transforms/Utils/LCSSA.cpp, 9174, 3027, 6147
5832, /home/yrong/devel/llvm/benchmark/llvm-project/llvm/lib/Transforms/Utils/LibCallsShrinkWrap.cpp, 8019, 2492, 5527
5833, /home/yrong/devel/llvm/benchmark/llvm-project/llvm/lib/Transforms/Utils/Local.cpp, 10583, 4084, 6499
5834, /home/yrong/devel/llvm/benchmark/llvm-project/llvm/lib/Transforms/Utils/LoopPeel.cpp, 9802, 3271, 6531
5835, /home/yrong/devel/llvm/benchmark/llvm-project/llvm/lib/Transforms/Utils/LoopRotationUtils.cpp, 9349, 3014, 6335
5836, /home/yrong/devel/llvm/benchmark/llvm-project/llvm/lib/Transforms/Utils/LoopSimplify.cpp, 9432, 3194, 6238
5837, /home/yrong/devel/llvm/benchmark/llvm-project/llvm/lib/Transforms/Utils/LoopUnroll.cpp, 9804, 3248, 6556
5838, /home/yrong/devel/llvm/benchmark/llvm-project/llvm/lib/Transforms/Utils/LoopUnrollAndJam.cpp, 9767, 3245, 6522
5839, /home/yrong/devel/llvm/benchmark/llvm-project/llvm/lib/Transforms/Utils/LoopUnrollRuntime.cpp, 10137, 3517, 6620
5840, /home/yrong/devel/llvm/benchmark/llvm-project/llvm/lib/Transforms/Utils/LoopUtils.cpp, 10226, 3757, 6469
5841, /home/yrong/devel/llvm/benchmark/llvm-project/llvm/lib/Transforms/Utils/LoopVersioning.cpp, 10306, 3714, 6592
5842, /home/yrong/devel/llvm/benchmark/llvm-project/llvm/lib/Transforms/Utils/LowerAtomic.cpp, 4875, 1239, 3636
5843, /home/yrong/devel/llvm/benchmark/llvm-project/llvm/lib/Transforms/Utils/LowerGlobalDtors.cpp, 5724, 1404, 4320
5844, /home/yrong/devel/llvm/benchmark/llvm-project/llvm/lib/Transforms/Utils/LowerIFunc.cpp, 4650, 950, 3700
5845, /home/yrong/devel/llvm/benchmark/llvm-project/llvm/lib/Transforms/Utils/LowerInvoke.cpp, 5285, 1234, 4051
5846, /home/yrong/devel/llvm/benchmark/llvm-project/llvm/lib/Transforms/Utils/LowerMemIntrinsics.cpp, 7816, 2423, 5393
5847, /home/yrong/devel/llvm/benchmark/llvm-project/llvm/lib/Transforms/Utils/LowerSwitch.cpp, 6750, 1614, 5136
5848, /home/yrong/devel/llvm/benchmark/llvm-project/llvm/lib/Transforms/Utils/MatrixUtils.cpp, 6963, 1742, 5221
5849, /home/yrong/devel/llvm/benchmark/llvm-project/llvm/lib/Transforms/Utils/Mem2Reg.cpp, 6137, 1365, 4772
5850, /home/yrong/devel/llvm/benchmark/llvm-project/llvm/lib/Transforms/Utils/MemoryOpRemark.cpp, 6849, 2145, 4704
5851, /home/yrong/devel/llvm/benchmark/llvm-project/llvm/lib/Transforms/Utils/MemoryTaggingSupport.cpp, 8364, 2665, 5699
5852, /home/yrong/devel/llvm/benchmark/llvm-project/llvm/lib/Transforms/Utils/MetaRenamer.cpp, 5367, 1364, 4003
5853, /home/yrong/devel/llvm/benchmark/llvm-project/llvm/lib/Transforms/Utils/MisExpect.cpp, 5941, 1522, 4419
5854, /home/yrong/devel/llvm/benchmark/llvm-project/llvm/lib/Transforms/Utils/ModuleUtils.cpp, 7174, 2342, 4832
5855, /home/yrong/devel/llvm/benchmark/llvm-project/llvm/lib/Transforms/Utils/MoveAutoInit.cpp, 8923, 3072, 5851
5856, /home/yrong/devel/llvm/benchmark/llvm-project/llvm/lib/Transforms/Utils/NameAnonGlobals.cpp, 4446, 865, 3581
5857, /home/yrong/devel/llvm/benchmark/llvm-project/llvm/lib/Transforms/Utils/PredicateInfo.cpp, 8311, 2627, 5684
5858, /home/yrong/devel/llvm/benchmark/llvm-project/llvm/lib/Transforms/Utils/PromoteMemoryToRegister.cpp, 8133, 2422, 5711
5859, /home/yrong/devel/llvm/benchmark/llvm-project/llvm/lib/Transforms/Utils/RelLookupTableConverter.cpp, 5982, 1705, 4277
5860, /home/yrong/devel/llvm/benchmark/llvm-project/llvm/lib/Transforms/Utils/SCCPSolver.cpp, 8186, 2430, 5756
5861, /home/yrong/devel/llvm/benchmark/llvm-project/llvm/lib/Transforms/Utils/SSAUpdater.cpp, 6580, 1854, 4726
5862, /home/yrong/devel/llvm/benchmark/llvm-project/llvm/lib/Transforms/Utils/SSAUpdaterBulk.cpp, 6839, 1799, 5040
5863, /home/yrong/devel/llvm/benchmark/llvm-project/llvm/lib/Transforms/Utils/SampleProfileInference.cpp, 4226, 628, 3598
5864, /home/yrong/devel/llvm/benchmark/llvm-project/llvm/lib/Transforms/Utils/SampleProfileLoaderBaseUtil.cpp, 7011, 1823, 5188
5865, /home/yrong/devel/llvm/benchmark/llvm-project/llvm/lib/Transforms/Utils/SanitizerStats.cpp, 4890, 1253, 3637
5866, /home/yrong/devel/llvm/benchmark/llvm-project/llvm/lib/Transforms/Utils/ScalarEvolutionExpander.cpp, 9650, 3404, 6246
5867, /home/yrong/devel/llvm/benchmark/llvm-project/llvm/lib/Transforms/Utils/SimplifyCFG.cpp, 10398, 3921, 6477
5868, /home/yrong/devel/llvm/benchmark/llvm-project/llvm/lib/Transforms/Utils/SimplifyIndVar.cpp, 8901, 2885, 6016
5869, /home/yrong/devel/llvm/benchmark/llvm-project/llvm/lib/Transforms/Utils/SimplifyLibCalls.cpp, 8909, 2942, 5967
5870, /home/yrong/devel/llvm/benchmark/llvm-project/llvm/lib/Transforms/Utils/SizeOpts.cpp, 5583, 1367, 4216
5871, /home/yrong/devel/llvm/benchmark/llvm-project/llvm/lib/Transforms/Utils/SplitModule.cpp, 6454, 1599, 4855
5872, /home/yrong/devel/llvm/benchmark/llvm-project/llvm/lib/Transforms/Utils/StripGCRelocates.cpp, 6200, 1775, 4425
5873, /home/yrong/devel/llvm/benchmark/llvm-project/llvm/lib/Transforms/Utils/StripNonLineTableDebugInfo.cpp, 6146, 1666, 4480
5874, /home/yrong/devel/llvm/benchmark/llvm-project/llvm/lib/Transforms/Utils/SymbolRewriter.cpp, 5592, 1420, 4172
5875, /home/yrong/devel/llvm/benchmark/llvm-project/llvm/lib/Transforms/Utils/UnifyFunctionExitNodes.cpp, 5285, 1246, 4039
5876, /home/yrong/devel/llvm/benchmark/llvm-project/llvm/lib/Transforms/Utils/UnifyLoopExits.cpp, 6946, 1569, 5377
5877, /home/yrong/devel/llvm/benchmark/llvm-project/llvm/lib/Transforms/Utils/Utils.cpp, 3295, 443, 2852
5878, /home/yrong/devel/llvm/benchmark/llvm-project/llvm/lib/Transforms/Utils/VNCoercion.cpp, 6078, 1835, 4243
5879, /home/yrong/devel/llvm/benchmark/llvm-project/llvm/lib/Transforms/Utils/ValueMapper.cpp, 5954, 1735, 4219
5880, /home/yrong/devel/llvm/benchmark/llvm-project/llvm/lib/Transforms/Vectorize/LoadStoreVectorizer.cpp, 8951, 2973, 5978
5881, /home/yrong/devel/llvm/benchmark/llvm-project/llvm/lib/Transforms/Vectorize/LoopVectorizationLegality.cpp, 8747, 3142, 5605
5882, /home/yrong/devel/llvm/benchmark/llvm-project/llvm/lib/Transforms/Vectorize/LoopVectorize.cpp, 14052, 6007, 8045
5883, /home/yrong/devel/llvm/benchmark/llvm-project/llvm/lib/Transforms/Vectorize/SLPVectorizer.cpp, 14884, 6622, 8262
5884, /home/yrong/devel/llvm/benchmark/llvm-project/llvm/lib/Transforms/Vectorize/VPlan.cpp, 11117, 4112, 7005
5885, /home/yrong/devel/llvm/benchmark/llvm-project/llvm/lib/Transforms/Vectorize/VPlanHCFGBuilder.cpp, 9837, 3317, 6520
5886, /home/yrong/devel/llvm/benchmark/llvm-project/llvm/lib/Transforms/Vectorize/VPlanRecipes.cpp, 9892, 3414, 6478
5887, /home/yrong/devel/llvm/benchmark/llvm-project/llvm/lib/Transforms/Vectorize/VPlanSLP.cpp, 8549, 2824, 5725
5888, /home/yrong/devel/llvm/benchmark/llvm-project/llvm/lib/Transforms/Vectorize/VPlanTransforms.cpp, 10529, 3889, 6640
5889, /home/yrong/devel/llvm/benchmark/llvm-project/llvm/lib/Transforms/Vectorize/VPlanVerifier.cpp, 9763, 3327, 6436
5890, /home/yrong/devel/llvm/benchmark/llvm-project/llvm/lib/Transforms/Vectorize/VectorCombine.cpp, 9650, 3521, 6129
5891, /home/yrong/devel/llvm/benchmark/llvm-project/llvm/lib/Transforms/Vectorize/Vectorize.cpp, 2986, 237, 2749
5892, /home/yrong/devel/llvm/benchmark/llvm-project/llvm/lib/WindowsDriver/MSVCPaths.cpp, 3976, 868, 3108
5893, /home/yrong/devel/llvm/benchmark/llvm-project/llvm/lib/WindowsManifest/WindowsManifestMerger.cpp, 3087, 523, 2564
5894, /home/yrong/devel/llvm/benchmark/llvm-project/llvm/lib/XRay/BlockIndexer.cpp, 3185, 451, 2734
5895, /home/yrong/devel/llvm/benchmark/llvm-project/llvm/lib/XRay/BlockPrinter.cpp, 2829, 323, 2506
5896, /home/yrong/devel/llvm/benchmark/llvm-project/llvm/lib/XRay/BlockVerifier.cpp, 2966, 369, 2597
5897, /home/yrong/devel/llvm/benchmark/llvm-project/llvm/lib/XRay/FDRRecordProducer.cpp, 3159, 621, 2538
5898, /home/yrong/devel/llvm/benchmark/llvm-project/llvm/lib/XRay/FDRRecords.cpp, 2826, 323, 2503
5899, /home/yrong/devel/llvm/benchmark/llvm-project/llvm/lib/XRay/FDRTraceExpander.cpp, 2858, 356, 2502
5900, /home/yrong/devel/llvm/benchmark/llvm-project/llvm/lib/XRay/FDRTraceWriter.cpp, 2964, 386, 2578
5901, /home/yrong/devel/llvm/benchmark/llvm-project/llvm/lib/XRay/FileHeaderReader.cpp, 2847, 348, 2499
5902, /home/yrong/devel/llvm/benchmark/llvm-project/llvm/lib/XRay/InstrumentationMap.cpp, 5952, 1689, 4263
5903, /home/yrong/devel/llvm/benchmark/llvm-project/llvm/lib/XRay/LogBuilderConsumer.cpp, 2869, 361, 2508
5904, /home/yrong/devel/llvm/benchmark/llvm-project/llvm/lib/XRay/Profile.cpp, 4227, 823, 3404
5905, /home/yrong/devel/llvm/benchmark/llvm-project/llvm/lib/XRay/RecordInitializer.cpp, 2921, 396, 2525
5906, /home/yrong/devel/llvm/benchmark/llvm-project/llvm/lib/XRay/RecordPrinter.cpp, 3114, 555, 2559
5907, /home/yrong/devel/llvm/benchmark/llvm-project/llvm/lib/XRay/Trace.cpp, 4827, 1008, 3819
5908, /home/yrong/devel/llvm/benchmark/llvm-project/llvm/tools/bugpoint-passes/TestPasses.cpp, 5887, 1745, 4142
5909, /home/yrong/devel/llvm/benchmark/llvm-project/llvm/tools/bugpoint/BugDriver.cpp, 5696, 1388, 4308
5910, /home/yrong/devel/llvm/benchmark/llvm-project/llvm/tools/bugpoint/CrashDebugger.cpp, 10094, 3347, 6747
5911, /home/yrong/devel/llvm/benchmark/llvm-project/llvm/tools/bugpoint/ExecutionDriver.cpp, 5316, 1101, 4215
5912, /home/yrong/devel/llvm/benchmark/llvm-project/llvm/tools/bugpoint/ExtractFunction.cpp, 6860, 1835, 5025
5913, /home/yrong/devel/llvm/benchmark/llvm-project/llvm/tools/bugpoint/FindBugs.cpp, 5032, 773, 4259
5914, /home/yrong/devel/llvm/benchmark/llvm-project/llvm/tools/bugpoint/Miscompilation.cpp, 8286, 2306, 5980
5915, /home/yrong/devel/llvm/benchmark/llvm-project/llvm/tools/bugpoint/OptimizerDriver.cpp, 6517, 2086, 4431
5916, /home/yrong/devel/llvm/benchmark/llvm-project/llvm/tools/bugpoint/ToolRunner.cpp, 4981, 938, 4043
5917, /home/yrong/devel/llvm/benchmark/llvm-project/llvm/tools/bugpoint/bugpoint.cpp, 11251, 4413, 6838
5918, /home/yrong/devel/llvm/benchmark/llvm-project/llvm/tools/dsymutil/BinaryHolder.cpp, 4720, 1208, 3512
5919, /home/yrong/devel/llvm/benchmark/llvm-project/llvm/tools/dsymutil/CFBundle.cpp, 1206, 105, 1101
5920, /home/yrong/devel/llvm/benchmark/llvm-project/llvm/tools/dsymutil/DebugMap.cpp, 5406, 1485, 3921
5921, /home/yrong/devel/llvm/benchmark/llvm-project/llvm/tools/dsymutil/DwarfLinkerForBinary.cpp, 11080, 4969, 6111
5922, /home/yrong/devel/llvm/benchmark/llvm-project/llvm/tools/dsymutil/MachODebugMapParser.cpp, 5659, 1638, 4021
5923, /home/yrong/devel/llvm/benchmark/llvm-project/llvm/tools/dsymutil/MachOUtils.cpp, 10068, 4170, 5898
5924, /home/yrong/devel/llvm/benchmark/llvm-project/llvm/tools/dsymutil/Reproducer.cpp, 3951, 822, 3129
5925, /home/yrong/devel/llvm/benchmark/llvm-project/llvm/tools/dsymutil/SymbolMap.cpp, 4955, 1179, 3776
5926, /home/yrong/devel/llvm/benchmark/llvm-project/llvm/tools/dsymutil/dsymutil.cpp, 10787, 4628, 6159
5927, /home/yrong/devel/llvm/benchmark/llvm-project/llvm/tools/llc/llc.cpp, 9469, 3496, 5973
5928, /home/yrong/devel/llvm/benchmark/llvm-project/llvm/tools/lli/ChildTarget/ChildTarget.cpp, 4838, 1021, 3817
5929, /home/yrong/devel/llvm/benchmark/llvm-project/llvm/tools/lli/ExecutionUtils.cpp, 6626, 2206, 4420
5930, /home/yrong/devel/llvm/benchmark/llvm-project/llvm/tools/lli/lli.cpp, 12834, 6329, 6505
5931, /home/yrong/devel/llvm/benchmark/llvm-project/llvm/tools/llvm-ar/llvm-ar.cpp, 4748, 1157, 3591
5932, /home/yrong/devel/llvm/benchmark/llvm-project/llvm/tools/llvm-as/llvm-as.cpp, 6709, 2086, 4623
5933, /home/yrong/devel/llvm/benchmark/llvm-project/llvm/tools/llvm-bcanalyzer/llvm-bcanalyzer.cpp, 4069, 692, 3377
5934, /home/yrong/devel/llvm/benchmark/llvm-project/llvm/tools/llvm-c-test/attributes.c, 0, 0, 0
5935, /home/yrong/devel/llvm/benchmark/llvm-project/llvm/tools/llvm-c-test/calc.c, 0, 0, 0
5936, /home/yrong/devel/llvm/benchmark/llvm-project/llvm/tools/llvm-c-test/debuginfo.c, 0, 0, 0
5937, /home/yrong/devel/llvm/benchmark/llvm-project/llvm/tools/llvm-c-test/diagnostic.c, 0, 0, 0
5938, /home/yrong/devel/llvm/benchmark/llvm-project/llvm/tools/llvm-c-test/disassemble.c, 0, 0, 0
5939, /home/yrong/devel/llvm/benchmark/llvm-project/llvm/tools/llvm-c-test/echo.cpp, 2739, 188, 2551
5940, /home/yrong/devel/llvm/benchmark/llvm-project/llvm/tools/llvm-c-test/helpers.c, 0, 0, 0
5941, /home/yrong/devel/llvm/benchmark/llvm-project/llvm/tools/llvm-c-test/include-all.c, 0, 0, 0
5942, /home/yrong/devel/llvm/benchmark/llvm-project/llvm/tools/llvm-c-test/main.c, 0, 0, 0
5943, /home/yrong/devel/llvm/benchmark/llvm-project/llvm/tools/llvm-c-test/metadata.c, 0, 0, 0
5944, /home/yrong/devel/llvm/benchmark/llvm-project/llvm/tools/llvm-c-test/module.c, 0, 0, 0
5945, /home/yrong/devel/llvm/benchmark/llvm-project/llvm/tools/llvm-c-test/object.c, 0, 0, 0
5946, /home/yrong/devel/llvm/benchmark/llvm-project/llvm/tools/llvm-c-test/targets.c, 0, 0, 0
5947, /home/yrong/devel/llvm/benchmark/llvm-project/llvm/tools/llvm-cat/llvm-cat.cpp, 6269, 1948, 4321
5948, /home/yrong/devel/llvm/benchmark/llvm-project/llvm/tools/llvm-cfi-verify/lib/FileAnalysis.cpp, 7672, 2996, 4676
5949, /home/yrong/devel/llvm/benchmark/llvm-project/llvm/tools/llvm-cfi-verify/lib/GraphBuilder.cpp, 6877, 2299, 4578
5950, /home/yrong/devel/llvm/benchmark/llvm-project/llvm/tools/llvm-cfi-verify/llvm-cfi-verify.cpp, 7662, 2716, 4946
5951, /home/yrong/devel/llvm/benchmark/llvm-project/llvm/tools/llvm-config/llvm-config.cpp, 3986, 808, 3178
5952, /home/yrong/devel/llvm/benchmark/llvm-project/llvm/tools/llvm-cov/CodeCoverage.cpp, 8801, 3196, 5605
5953, /home/yrong/devel/llvm/benchmark/llvm-project/llvm/tools/llvm-cov/CoverageExporterJson.cpp, 6528, 1466, 5062
5954, /home/yrong/devel/llvm/benchmark/llvm-project/llvm/tools/llvm-cov/CoverageExporterLcov.cpp, 5231, 952, 4279
5955, /home/yrong/devel/llvm/benchmark/llvm-project/llvm/tools/llvm-cov/CoverageFilters.cpp, 5215, 959, 4256
5956, /home/yrong/devel/llvm/benchmark/llvm-project/llvm/tools/llvm-cov/CoverageReport.cpp, 6285, 1523, 4762
5957, /home/yrong/devel/llvm/benchmark/llvm-project/llvm/tools/llvm-cov/CoverageSummaryInfo.cpp, 5146, 893, 4253
5958, /home/yrong/devel/llvm/benchmark/llvm-project/llvm/tools/llvm-cov/SourceCoverageView.cpp, 6093, 1335, 4758
5959, /home/yrong/devel/llvm/benchmark/llvm-project/llvm/tools/llvm-cov/SourceCoverageViewHTML.cpp, 5626, 1241, 4385
5960, /home/yrong/devel/llvm/benchmark/llvm-project/llvm/tools/llvm-cov/SourceCoverageViewText.cpp, 5407, 1047, 4360
5961, /home/yrong/devel/llvm/benchmark/llvm-project/llvm/tools/llvm-cov/TestingSupport.cpp, 5680, 1049, 4631
5962, /home/yrong/devel/llvm/benchmark/llvm-project/llvm/tools/llvm-cov/gcov.cpp, 4482, 868, 3614
5963, /home/yrong/devel/llvm/benchmark/llvm-project/llvm/tools/llvm-cov/llvm-cov.cpp, 3975, 613, 3362
5964, /home/yrong/devel/llvm/benchmark/llvm-project/llvm/tools/llvm-cvtres/llvm-cvtres.cpp, 5427, 1320, 4107
5965, /home/yrong/devel/llvm/benchmark/llvm-project/llvm/tools/llvm-cxxdump/Error.cpp, 544, 74, 470
5966, /home/yrong/devel/llvm/benchmark/llvm-project/llvm/tools/llvm-cxxdump/llvm-cxxdump.cpp, 5235, 1358, 3877
5967, /home/yrong/devel/llvm/benchmark/llvm-project/llvm/tools/llvm-cxxfilt/llvm-cxxfilt.cpp, 4072, 529, 3543
5968, /home/yrong/devel/llvm/benchmark/llvm-project/llvm/tools/llvm-cxxmap/llvm-cxxmap.cpp, 4125, 707, 3418
5969, /home/yrong/devel/llvm/benchmark/llvm-project/llvm/tools/llvm-debuginfo-analyzer/Options.cpp, 7557, 2807, 4750
5970, /home/yrong/devel/llvm/benchmark/llvm-project/llvm/tools/llvm-debuginfo-analyzer/llvm-debuginfo-analyzer.cpp, 8299, 2789, 5510
5971, /home/yrong/devel/llvm/benchmark/llvm-project/llvm/tools/llvm-debuginfod-find/llvm-debuginfod-find.cpp, 4251, 707, 3544
5972, /home/yrong/devel/llvm/benchmark/llvm-project/llvm/tools/llvm-debuginfod/llvm-debuginfod.cpp, 4708, 894, 3814
5973, /home/yrong/devel/llvm/benchmark/llvm-project/llvm/tools/llvm-diff/lib/DiffConsumer.cpp, 4169, 750, 3419
5974, /home/yrong/devel/llvm/benchmark/llvm-project/llvm/tools/llvm-diff/lib/DiffLog.cpp, 2874, 245, 2629
5975, /home/yrong/devel/llvm/benchmark/llvm-project/llvm/tools/llvm-diff/lib/DifferenceEngine.cpp, 4966, 1158, 3808
5976, /home/yrong/devel/llvm/benchmark/llvm-project/llvm/tools/llvm-diff/llvm-diff.cpp, 4417, 947, 3470
5977, /home/yrong/devel/llvm/benchmark/llvm-project/llvm/tools/llvm-dis/llvm-dis.cpp, 7934, 2818, 5116
5978, /home/yrong/devel/llvm/benchmark/llvm-project/llvm/tools/llvm-dlang-demangle-fuzzer/DummyDemanglerFuzzer.cpp, 1, 1, 0
5979, /home/yrong/devel/llvm/benchmark/llvm-project/llvm/tools/llvm-dlang-demangle-fuzzer/llvm-dlang-demangle-fuzzer.cpp, 522, 51, 471
5980, /home/yrong/devel/llvm/benchmark/llvm-project/llvm/tools/llvm-dwarfdump/SectionSizes.cpp, 4376, 1102, 3274
5981, /home/yrong/devel/llvm/benchmark/llvm-project/llvm/tools/llvm-dwarfdump/Statistics.cpp, 5182, 1498, 3684
5982, /home/yrong/devel/llvm/benchmark/llvm-project/llvm/tools/llvm-dwarfdump/llvm-dwarfdump.cpp, 6539, 2312, 4227
5983, /home/yrong/devel/llvm/benchmark/llvm-project/llvm/tools/llvm-dwarfutil/DebugInfoLinker.cpp, 10488, 4305, 6183
5984, /home/yrong/devel/llvm/benchmark/llvm-project/llvm/tools/llvm-dwarfutil/llvm-dwarfutil.cpp, 9730, 4745, 4985
5985, /home/yrong/devel/llvm/benchmark/llvm-project/llvm/tools/llvm-dwp/llvm-dwp.cpp, 6733, 2286, 4447
5986, /home/yrong/devel/llvm/benchmark/llvm-project/llvm/tools/llvm-exegesis/lib/AArch64/Target.cpp, 8982, 2788, 6194
5987, /home/yrong/devel/llvm/benchmark/llvm-project/llvm/tools/llvm-exegesis/lib/Analysis.cpp, 7656, 2292, 5364
5988, /home/yrong/devel/llvm/benchmark/llvm-project/llvm/tools/llvm-exegesis/lib/Assembler.cpp, 11020, 4166, 6854
5989, /home/yrong/devel/llvm/benchmark/llvm-project/llvm/tools/llvm-exegesis/lib/BenchmarkResult.cpp, 9272, 2827, 6445
5990, /home/yrong/devel/llvm/benchmark/llvm-project/llvm/tools/llvm-exegesis/lib/BenchmarkRunner.cpp, 9582, 2974, 6608
5991, /home/yrong/devel/llvm/benchmark/llvm-project/llvm/tools/llvm-exegesis/lib/Clustering.cpp, 8223, 2451, 5772
5992, /home/yrong/devel/llvm/benchmark/llvm-project/llvm/tools/llvm-exegesis/lib/CodeTemplate.cpp, 4031, 409, 3622
5993, /home/yrong/devel/llvm/benchmark/llvm-project/llvm/tools/llvm-exegesis/lib/DisassemblerHelper.cpp, 6973, 1904, 5069
5994, /home/yrong/devel/llvm/benchmark/llvm-project/llvm/tools/llvm-exegesis/lib/Error.cpp, 2801, 317, 2484
5995, /home/yrong/devel/llvm/benchmark/llvm-project/llvm/tools/llvm-exegesis/lib/LatencyBenchmarkRunner.cpp, 8873, 2674, 6199
5996, /home/yrong/devel/llvm/benchmark/llvm-project/llvm/tools/llvm-exegesis/lib/LlvmState.cpp, 9108, 2893, 6215
5997, /home/yrong/devel/llvm/benchmark/llvm-project/llvm/tools/llvm-exegesis/lib/MCInstrDescView.cpp, 4369, 521, 3848
5998, /home/yrong/devel/llvm/benchmark/llvm-project/llvm/tools/llvm-exegesis/lib/Mips/Target.cpp, 9061, 2844, 6217
5999, /home/yrong/devel/llvm/benchmark/llvm-project/llvm/tools/llvm-exegesis/lib/ParallelSnippetGenerator.cpp, 8946, 2742, 6204
6000, /home/yrong/devel/llvm/benchmark/llvm-project/llvm/tools/llvm-exegesis/lib/PerfHelper.cpp, 2838, 343, 2495
6001, /home/yrong/devel/llvm/benchmark/llvm-project/llvm/tools/llvm-exegesis/lib/PowerPC/Target.cpp, 8883, 2680, 6203
6002, /home/yrong/devel/llvm/benchmark/llvm-project/llvm/tools/llvm-exegesis/lib/RegisterAliasing.cpp, 3049, 351, 2698
6003, /home/yrong/devel/llvm/benchmark/llvm-project/llvm/tools/llvm-exegesis/lib/RegisterValue.cpp, 2746, 259, 2487
6004, /home/yrong/devel/llvm/benchmark/llvm-project/llvm/tools/llvm-exegesis/lib/SchedClassResolution.cpp, 7510, 2146, 5364
6005, /home/yrong/devel/llvm/benchmark/llvm-project/llvm/tools/llvm-exegesis/lib/SerialSnippetGenerator.cpp, 8927, 2706, 6221
6006, /home/yrong/devel/llvm/benchmark/llvm-project/llvm/tools/llvm-exegesis/lib/SnippetFile.cpp, 9133, 3004, 6129
6007, /home/yrong/devel/llvm/benchmark/llvm-project/llvm/tools/llvm-exegesis/lib/SnippetGenerator.cpp, 9498, 2927, 6571
6008, /home/yrong/devel/llvm/benchmark/llvm-project/llvm/tools/llvm-exegesis/lib/SnippetRepetitor.cpp, 9702, 3242, 6460
6009, /home/yrong/devel/llvm/benchmark/llvm-project/llvm/tools/llvm-exegesis/lib/SubprocessMemory.cpp, 6681, 1563, 5118
6010, /home/yrong/devel/llvm/benchmark/llvm-project/llvm/tools/llvm-exegesis/lib/Target.cpp, 8991, 2794, 6197
6011, /home/yrong/devel/llvm/benchmark/llvm-project/llvm/tools/llvm-exegesis/lib/UopsBenchmarkRunner.cpp, 8854, 2661, 6193
6012, /home/yrong/devel/llvm/benchmark/llvm-project/llvm/tools/llvm-exegesis/lib/X86/Target.cpp, 9670, 3303, 6367
6013, /home/yrong/devel/llvm/benchmark/llvm-project/llvm/tools/llvm-exegesis/lib/X86/X86Counter.cpp, 2801, 317, 2484
6014, /home/yrong/devel/llvm/benchmark/llvm-project/llvm/tools/llvm-exegesis/llvm-exegesis.cpp, 10441, 3707, 6734
6015, /home/yrong/devel/llvm/benchmark/llvm-project/llvm/tools/llvm-extract/llvm-extract.cpp, 10499, 4123, 6376
6016, /home/yrong/devel/llvm/benchmark/llvm-project/llvm/tools/llvm-gsymutil/llvm-gsymutil.cpp, 7523, 2478, 5045
6017, /home/yrong/devel/llvm/benchmark/llvm-project/llvm/tools/llvm-ifs/ErrorCollector.cpp, 2840, 351, 2489
6018, /home/yrong/devel/llvm/benchmark/llvm-project/llvm/tools/llvm-ifs/llvm-ifs.cpp, 5104, 1292, 3812
6019, /home/yrong/devel/llvm/benchmark/llvm-project/llvm/tools/llvm-isel-fuzzer/DummyISelFuzzer.cpp, 1, 1, 0
6020, /home/yrong/devel/llvm/benchmark/llvm-project/llvm/tools/llvm-isel-fuzzer/llvm-isel-fuzzer.cpp, 7532, 2885, 4647
6021, /home/yrong/devel/llvm/benchmark/llvm-project/llvm/tools/llvm-itanium-demangle-fuzzer/DummyDemanglerFuzzer.cpp, 1, 1, 0
6022, /home/yrong/devel/llvm/benchmark/llvm-project/llvm/tools/llvm-itanium-demangle-fuzzer/llvm-itanium-demangle-fuzzer.cpp, 522, 51, 471
6023, /home/yrong/devel/llvm/benchmark/llvm-project/llvm/tools/llvm-jitlink/llvm-jitlink-coff.cpp, 7740, 2875, 4865
6024, /home/yrong/devel/llvm/benchmark/llvm-project/llvm/tools/llvm-jitlink/llvm-jitlink-elf.cpp, 7743, 2878, 4865
6025, /home/yrong/devel/llvm/benchmark/llvm-project/llvm/tools/llvm-jitlink/llvm-jitlink-executor/llvm-jitlink-executor.cpp, 4889, 1067, 3822
6026, /home/yrong/devel/llvm/benchmark/llvm-project/llvm/tools/llvm-jitlink/llvm-jitlink-macho.cpp, 7740, 2875, 4865
6027, /home/yrong/devel/llvm/benchmark/llvm-project/llvm/tools/llvm-jitlink/llvm-jitlink-statistics.cpp, 7874, 2882, 4992
6028, /home/yrong/devel/llvm/benchmark/llvm-project/llvm/tools/llvm-jitlink/llvm-jitlink.cpp, 12147, 5994, 6153
6029, /home/yrong/devel/llvm/benchmark/llvm-project/llvm/tools/llvm-libtool-darwin/llvm-libtool-darwin.cpp, 6213, 1823, 4390
6030, /home/yrong/devel/llvm/benchmark/llvm-project/llvm/tools/llvm-link/llvm-link.cpp, 7299, 2515, 4784
6031, /home/yrong/devel/llvm/benchmark/llvm-project/llvm/tools/llvm-lipo/llvm-lipo.cpp, 5909, 1697, 4212
6032, /home/yrong/devel/llvm/benchmark/llvm-project/llvm/tools/llvm-lto/llvm-lto.cpp, 12017, 5415, 6602
6033, /home/yrong/devel/llvm/benchmark/llvm-project/llvm/tools/llvm-lto2/llvm-lto2.cpp, 11631, 5048, 6583
6034, /home/yrong/devel/llvm/benchmark/llvm-project/llvm/tools/llvm-mc/Disassembler.cpp, 5074, 1379, 3695
6035, /home/yrong/devel/llvm/benchmark/llvm-project/llvm/tools/llvm-mc/llvm-mc.cpp, 6231, 1927, 4304
6036, /home/yrong/devel/llvm/benchmark/llvm-project/llvm/tools/llvm-mca/CodeRegion.cpp, 4415, 962, 3453
6037, /home/yrong/devel/llvm/benchmark/llvm-project/llvm/tools/llvm-mca/CodeRegionGenerator.cpp, 5715, 1648, 4067
6038, /home/yrong/devel/llvm/benchmark/llvm-project/llvm/tools/llvm-mca/PipelinePrinter.cpp, 4580, 1046, 3534
6039, /home/yrong/devel/llvm/benchmark/llvm-project/llvm/tools/llvm-mca/Views/BottleneckAnalysis.cpp, 4255, 828, 3427
6040, /home/yrong/devel/llvm/benchmark/llvm-project/llvm/tools/llvm-mca/Views/DispatchStatistics.cpp, 4093, 768, 3325
6041, /home/yrong/devel/llvm/benchmark/llvm-project/llvm/tools/llvm-mca/Views/InstructionInfoView.cpp, 4283, 907, 3376
6042, /home/yrong/devel/llvm/benchmark/llvm-project/llvm/tools/llvm-mca/Views/InstructionView.cpp, 4082, 742, 3340
6043, /home/yrong/devel/llvm/benchmark/llvm-project/llvm/tools/llvm-mca/Views/RegisterFileStatistics.cpp, 4089, 751, 3338
6044, /home/yrong/devel/llvm/benchmark/llvm-project/llvm/tools/llvm-mca/Views/ResourcePressureView.cpp, 4179, 812, 3367
6045, /home/yrong/devel/llvm/benchmark/llvm-project/llvm/tools/llvm-mca/Views/RetireControlUnitStatistics.cpp, 3996, 722, 3274
6046, /home/yrong/devel/llvm/benchmark/llvm-project/llvm/tools/llvm-mca/Views/SchedulerStatistics.cpp, 4102, 775, 3327
6047, /home/yrong/devel/llvm/benchmark/llvm-project/llvm/tools/llvm-mca/Views/SummaryView.cpp, 3982, 702, 3280
6048, /home/yrong/devel/llvm/benchmark/llvm-project/llvm/tools/llvm-mca/Views/TimelineView.cpp, 4205, 796, 3409
6049, /home/yrong/devel/llvm/benchmark/llvm-project/llvm/tools/llvm-mca/llvm-mca.cpp, 7651, 2883, 4768
6050, /home/yrong/devel/llvm/benchmark/llvm-project/llvm/tools/llvm-microsoft-demangle-fuzzer/DummyDemanglerFuzzer.cpp, 1, 1, 0
6051, /home/yrong/devel/llvm/benchmark/llvm-project/llvm/tools/llvm-microsoft-demangle-fuzzer/llvm-microsoft-demangle-fuzzer.cpp, 522, 51, 471
6052, /home/yrong/devel/llvm/benchmark/llvm-project/llvm/tools/llvm-ml/Disassembler.cpp, 5076, 1381, 3695
6053, /home/yrong/devel/llvm/benchmark/llvm-project/llvm/tools/llvm-ml/llvm-ml.cpp, 5941, 1799, 4142
6054, /home/yrong/devel/llvm/benchmark/llvm-project/llvm/tools/llvm-modextract/llvm-modextract.cpp, 6195, 1899, 4296
6055, /home/yrong/devel/llvm/benchmark/llvm-project/llvm/tools/llvm-mt/llvm-mt.cpp, 4078, 709, 3369
6056, /home/yrong/devel/llvm/benchmark/llvm-project/llvm/tools/llvm-nm/llvm-nm.cpp, 7874, 2732, 5142
6057, /home/yrong/devel/llvm/benchmark/llvm-project/llvm/tools/llvm-objcopy/ObjcopyOptions.cpp, 5484, 1818, 3666
6058, /home/yrong/devel/llvm/benchmark/llvm-project/llvm/tools/llvm-objcopy/llvm-objcopy.cpp, 6657, 1991, 4666
6059, /home/yrong/devel/llvm/benchmark/llvm-project/llvm/tools/llvm-objdump/COFFDump.cpp, 4362, 1147, 3215
6060, /home/yrong/devel/llvm/benchmark/llvm-project/llvm/tools/llvm-objdump/ELFDump.cpp, 8308, 3946, 4362
6061, /home/yrong/devel/llvm/benchmark/llvm-project/llvm/tools/llvm-objdump/MachODump.cpp, 8437, 3597, 4840
6062, /home/yrong/devel/llvm/benchmark/llvm-project/llvm/tools/llvm-objdump/OffloadDump.cpp, 5643, 1550, 4093
6063, /home/yrong/devel/llvm/benchmark/llvm-project/llvm/tools/llvm-objdump/SourcePrinter.cpp, 5500, 1649, 3851
6064, /home/yrong/devel/llvm/benchmark/llvm-project/llvm/tools/llvm-objdump/WasmDump.cpp, 4286, 945, 3341
6065, /home/yrong/devel/llvm/benchmark/llvm-project/llvm/tools/llvm-objdump/XCOFFDump.cpp, 4225, 1025, 3200
6066, /home/yrong/devel/llvm/benchmark/llvm-project/llvm/tools/llvm-objdump/llvm-objdump.cpp, 10807, 5164, 5643
6067, /home/yrong/devel/llvm/benchmark/llvm-project/llvm/tools/llvm-opt-fuzzer/DummyOptFuzzer.cpp, 1, 1, 0
6068, /home/yrong/devel/llvm/benchmark/llvm-project/llvm/tools/llvm-opt-fuzzer/llvm-opt-fuzzer.cpp, 11375, 5126, 6249
6069, /home/yrong/devel/llvm/benchmark/llvm-project/llvm/tools/llvm-opt-report/OptReport.cpp, 4787, 1046, 3741
6070, /home/yrong/devel/llvm/benchmark/llvm-project/llvm/tools/llvm-pdbutil/BytesOutputStyle.cpp, 4872, 1251, 3621
6071, /home/yrong/devel/llvm/benchmark/llvm-project/llvm/tools/llvm-pdbutil/DumpOutputStyle.cpp, 8250, 3752, 4498
6072, /home/yrong/devel/llvm/benchmark/llvm-project/llvm/tools/llvm-pdbutil/ExplainOutputStyle.cpp, 5955, 1858, 4097
6073, /home/yrong/devel/llvm/benchmark/llvm-project/llvm/tools/llvm-pdbutil/MinimalSymbolDumper.cpp, 6375, 2566, 3809
6074, /home/yrong/devel/llvm/benchmark/llvm-project/llvm/tools/llvm-pdbutil/MinimalTypeDumper.cpp, 6392, 2279, 4113
6075, /home/yrong/devel/llvm/benchmark/llvm-project/llvm/tools/llvm-pdbutil/PdbYaml.cpp, 4867, 1319, 3548
6076, /home/yrong/devel/llvm/benchmark/llvm-project/llvm/tools/llvm-pdbutil/PrettyBuiltinDumper.cpp, 3872, 678, 3194
6077, /home/yrong/devel/llvm/benchmark/llvm-project/llvm/tools/llvm-pdbutil/PrettyClassDefinitionDumper.cpp, 4384, 928, 3456
6078, /home/yrong/devel/llvm/benchmark/llvm-project/llvm/tools/llvm-pdbutil/PrettyClassLayoutGraphicalDumper.cpp, 4369, 909, 3460
6079, /home/yrong/devel/llvm/benchmark/llvm-project/llvm/tools/llvm-pdbutil/PrettyCompilandDumper.cpp, 4316, 877, 3439
6080, /home/yrong/devel/llvm/benchmark/llvm-project/llvm/tools/llvm-pdbutil/PrettyEnumDumper.cpp, 4238, 823, 3415
6081, /home/yrong/devel/llvm/benchmark/llvm-project/llvm/tools/llvm-pdbutil/PrettyExternalSymbolDumper.cpp, 3918, 727, 3191
6082, /home/yrong/devel/llvm/benchmark/llvm-project/llvm/tools/llvm-pdbutil/PrettyFunctionDumper.cpp, 4129, 927, 3202
6083, /home/yrong/devel/llvm/benchmark/llvm-project/llvm/tools/llvm-pdbutil/PrettyTypeDumper.cpp, 4735, 1249, 3486
6084, /home/yrong/devel/llvm/benchmark/llvm-project/llvm/tools/llvm-pdbutil/PrettyTypedefDumper.cpp, 3927, 734, 3193
6085, /home/yrong/devel/llvm/benchmark/llvm-project/llvm/tools/llvm-pdbutil/PrettyVariableDumper.cpp, 4287, 865, 3422
6086, /home/yrong/devel/llvm/benchmark/llvm-project/llvm/tools/llvm-pdbutil/StreamUtil.cpp, 4358, 918, 3440
6087, /home/yrong/devel/llvm/benchmark/llvm-project/llvm/tools/llvm-pdbutil/TypeReferenceTracker.cpp, 5372, 1441, 3931
6088, /home/yrong/devel/llvm/benchmark/llvm-project/llvm/tools/llvm-pdbutil/YAMLOutputStyle.cpp, 6138, 1759, 4379
6089, /home/yrong/devel/llvm/benchmark/llvm-project/llvm/tools/llvm-pdbutil/llvm-pdbutil.cpp, 9244, 3931, 5313
6090, /home/yrong/devel/llvm/benchmark/llvm-project/llvm/tools/llvm-profdata/llvm-profdata.cpp, 10819, 4093, 6726
6091, /home/yrong/devel/llvm/benchmark/llvm-project/llvm/tools/llvm-profgen/CSPreInliner.cpp, 10608, 3963, 6645
6092, /home/yrong/devel/llvm/benchmark/llvm-project/llvm/tools/llvm-profgen/MissingFrameInferrer.cpp, 9582, 3490, 6092
6093, /home/yrong/devel/llvm/benchmark/llvm-project/llvm/tools/llvm-profgen/PerfReader.cpp, 11723, 4705, 7018
6094, /home/yrong/devel/llvm/benchmark/llvm-project/llvm/tools/llvm-profgen/ProfileGenerator.cpp, 11886, 4835, 7051
6095, /home/yrong/devel/llvm/benchmark/llvm-project/llvm/tools/llvm-profgen/ProfiledBinary.cpp, 12127, 5033, 7094
6096, /home/yrong/devel/llvm/benchmark/llvm-project/llvm/tools/llvm-profgen/llvm-profgen.cpp, 11684, 4693, 6991
6097, /home/yrong/devel/llvm/benchmark/llvm-project/llvm/tools/llvm-rc/ResourceFileWriter.cpp, 4865, 1399, 3466
6098, /home/yrong/devel/llvm/benchmark/llvm-project/llvm/tools/llvm-rc/ResourceScriptCppFilter.cpp, 2766, 242, 2524
6099, /home/yrong/devel/llvm/benchmark/llvm-project/llvm/tools/llvm-rc/ResourceScriptParser.cpp, 5364, 1495, 3869
6100, /home/yrong/devel/llvm/benchmark/llvm-project/llvm/tools/llvm-rc/ResourceScriptStmt.cpp, 3476, 646, 2830
6101, /home/yrong/devel/llvm/benchmark/llvm-project/llvm/tools/llvm-rc/ResourceScriptToken.cpp, 3286, 448, 2838
6102, /home/yrong/devel/llvm/benchmark/llvm-project/llvm/tools/llvm-rc/llvm-rc.cpp, 5509, 1541, 3968
6103, /home/yrong/devel/llvm/benchmark/llvm-project/llvm/tools/llvm-readobj/ARMWinEHPrinter.cpp, 4903, 1250, 3653
6104, /home/yrong/devel/llvm/benchmark/llvm-project/llvm/tools/llvm-readobj/COFFDumper.cpp, 6177, 1930, 4247
6105, /home/yrong/devel/llvm/benchmark/llvm-project/llvm/tools/llvm-readobj/COFFImportDumper.cpp, 4564, 1031, 3533
6106, /home/yrong/devel/llvm/benchmark/llvm-project/llvm/tools/llvm-readobj/ELFDumper.cpp, 21421, 15096, 6325
6107, /home/yrong/devel/llvm/benchmark/llvm-project/llvm/tools/llvm-readobj/MachODumper.cpp, 5548, 1543, 4005
6108, /home/yrong/devel/llvm/benchmark/llvm-project/llvm/tools/llvm-readobj/ObjDumper.cpp, 5608, 1452, 4156
6109, /home/yrong/devel/llvm/benchmark/llvm-project/llvm/tools/llvm-readobj/WasmDumper.cpp, 5040, 1178, 3862
6110, /home/yrong/devel/llvm/benchmark/llvm-project/llvm/tools/llvm-readobj/Win64EHDumper.cpp, 5017, 1177, 3840
6111, /home/yrong/devel/llvm/benchmark/llvm-project/llvm/tools/llvm-readobj/WindowsResourceDumper.cpp, 4531, 1008, 3523
6112, /home/yrong/devel/llvm/benchmark/llvm-project/llvm/tools/llvm-readobj/XCOFFDumper.cpp, 5070, 1198, 3872
6113, /home/yrong/devel/llvm/benchmark/llvm-project/llvm/tools/llvm-readobj/llvm-readobj.cpp, 7302, 2464, 4838
6114, /home/yrong/devel/llvm/benchmark/llvm-project/llvm/tools/llvm-readtapi/DiffEngine.cpp, 4293, 1073, 3220
6115, /home/yrong/devel/llvm/benchmark/llvm-project/llvm/tools/llvm-readtapi/llvm-readtapi.cpp, 4114, 793, 3321
6116, /home/yrong/devel/llvm/benchmark/llvm-project/llvm/tools/llvm-reduce/DeltaManager.cpp, 7425, 2031, 5394
6117, /home/yrong/devel/llvm/benchmark/llvm-project/llvm/tools/llvm-reduce/ReducerWorkItem.cpp, 14349, 6439, 7910
6118, /home/yrong/devel/llvm/benchmark/llvm-project/llvm/tools/llvm-reduce/TestRunner.cpp, 5460, 1322, 4138
6119, /home/yrong/devel/llvm/benchmark/llvm-project/llvm/tools/llvm-reduce/deltas/Delta.cpp, 10058, 3592, 6466
6120, /home/yrong/devel/llvm/benchmark/llvm-project/llvm/tools/llvm-reduce/deltas/ReduceAliases.cpp, 4172, 755, 3417
6121, /home/yrong/devel/llvm/benchmark/llvm-project/llvm/tools/llvm-reduce/deltas/ReduceArguments.cpp, 7700, 2024, 5676
6122, /home/yrong/devel/llvm/benchmark/llvm-project/llvm/tools/llvm-reduce/deltas/ReduceAttributes.cpp, 6695, 2029, 4666
6123, /home/yrong/devel/llvm/benchmark/llvm-project/llvm/tools/llvm-reduce/deltas/ReduceBasicBlocks.cpp, 7585, 1949, 5636
6124, /home/yrong/devel/llvm/benchmark/llvm-project/llvm/tools/llvm-reduce/deltas/ReduceDIMetadata.cpp, 6390, 1818, 4572
6125, /home/yrong/devel/llvm/benchmark/llvm-project/llvm/tools/llvm-reduce/deltas/ReduceFunctionBodies.cpp, 4630, 948, 3682
6126, /home/yrong/devel/llvm/benchmark/llvm-project/llvm/tools/llvm-reduce/deltas/ReduceFunctions.cpp, 5966, 1429, 4537
6127, /home/yrong/devel/llvm/benchmark/llvm-project/llvm/tools/llvm-reduce/deltas/ReduceGlobalObjects.cpp, 3825, 646, 3179
6128, /home/yrong/devel/llvm/benchmark/llvm-project/llvm/tools/llvm-reduce/deltas/ReduceGlobalValues.cpp, 3832, 653, 3179
6129, /home/yrong/devel/llvm/benchmark/llvm-project/llvm/tools/llvm-reduce/deltas/ReduceGlobalVarInitializers.cpp, 5811, 1434, 4377
6130, /home/yrong/devel/llvm/benchmark/llvm-project/llvm/tools/llvm-reduce/deltas/ReduceGlobalVars.cpp, 6094, 1514, 4580
6131, /home/yrong/devel/llvm/benchmark/llvm-project/llvm/tools/llvm-reduce/deltas/ReduceIRReferences.cpp, 6890, 1958, 4932
6132, /home/yrong/devel/llvm/benchmark/llvm-project/llvm/tools/llvm-reduce/deltas/ReduceInstructionFlags.cpp, 6021, 1596, 4425
6133, /home/yrong/devel/llvm/benchmark/llvm-project/llvm/tools/llvm-reduce/deltas/ReduceInstructionFlagsMIR.cpp, 6846, 1945, 4901
6134, /home/yrong/devel/llvm/benchmark/llvm-project/llvm/tools/llvm-reduce/deltas/ReduceInstructions.cpp, 6945, 1621, 5324
6135, /home/yrong/devel/llvm/benchmark/llvm-project/llvm/tools/llvm-reduce/deltas/ReduceInstructionsMIR.cpp, 8817, 2679, 6138
6136, /home/yrong/devel/llvm/benchmark/llvm-project/llvm/tools/llvm-reduce/deltas/ReduceInvokes.cpp, 6691, 1720, 4971
6137, /home/yrong/devel/llvm/benchmark/llvm-project/llvm/tools/llvm-reduce/deltas/ReduceMemoryOperations.cpp, 6706, 2036, 4670
6138, /home/yrong/devel/llvm/benchmark/llvm-project/llvm/tools/llvm-reduce/deltas/ReduceMetadata.cpp, 6711, 2045, 4666
6139, /home/yrong/devel/llvm/benchmark/llvm-project/llvm/tools/llvm-reduce/deltas/ReduceModuleData.cpp, 3814, 636, 3178
6140, /home/yrong/devel/llvm/benchmark/llvm-project/llvm/tools/llvm-reduce/deltas/ReduceOpcodes.cpp, 7052, 2325, 4727
6141, /home/yrong/devel/llvm/benchmark/llvm-project/llvm/tools/llvm-reduce/deltas/ReduceOperandBundles.cpp, 6781, 2080, 4701
6142, /home/yrong/devel/llvm/benchmark/llvm-project/llvm/tools/llvm-reduce/deltas/ReduceOperands.cpp, 5675, 1658, 4017
6143, /home/yrong/devel/llvm/benchmark/llvm-project/llvm/tools/llvm-reduce/deltas/ReduceOperandsSkip.cpp, 6381, 1504, 4877
6144, /home/yrong/devel/llvm/benchmark/llvm-project/llvm/tools/llvm-reduce/deltas/ReduceOperandsToArgs.cpp, 7730, 2034, 5696
6145, /home/yrong/devel/llvm/benchmark/llvm-project/llvm/tools/llvm-reduce/deltas/ReduceRegisterDefs.cpp, 7993, 2585, 5408
6146, /home/yrong/devel/llvm/benchmark/llvm-project/llvm/tools/llvm-reduce/deltas/ReduceRegisterMasks.cpp, 7410, 2181, 5229
6147, /home/yrong/devel/llvm/benchmark/llvm-project/llvm/tools/llvm-reduce/deltas/ReduceRegisterUses.cpp, 7374, 2162, 5212
6148, /home/yrong/devel/llvm/benchmark/llvm-project/llvm/tools/llvm-reduce/deltas/ReduceSpecialGlobals.cpp, 4149, 735, 3414
6149, /home/yrong/devel/llvm/benchmark/llvm-project/llvm/tools/llvm-reduce/deltas/ReduceUsingSimplifyCFG.cpp, 6574, 1531, 5043
6150, /home/yrong/devel/llvm/benchmark/llvm-project/llvm/tools/llvm-reduce/deltas/ReduceVirtualRegisters.cpp, 7372, 2160, 5212
6151, /home/yrong/devel/llvm/benchmark/llvm-project/llvm/tools/llvm-reduce/deltas/RunIRPasses.cpp, 9654, 3704, 5950
6152, /home/yrong/devel/llvm/benchmark/llvm-project/llvm/tools/llvm-reduce/deltas/SimplifyInstructions.cpp, 5631, 1639, 3992
6153, /home/yrong/devel/llvm/benchmark/llvm-project/llvm/tools/llvm-reduce/deltas/StripDebugInfo.cpp, 6189, 1709, 4480
6154, /home/yrong/devel/llvm/benchmark/llvm-project/llvm/tools/llvm-reduce/deltas/Utils.cpp, 3992, 612, 3380
6155, /home/yrong/devel/llvm/benchmark/llvm-project/llvm/tools/llvm-reduce/llvm-reduce.cpp, 5662, 1492, 4170
6156, /home/yrong/devel/llvm/benchmark/llvm-project/llvm/tools/llvm-remarkutil/RemarkConvert.cpp, 4875, 1012, 3863
6157, /home/yrong/devel/llvm/benchmark/llvm-project/llvm/tools/llvm-remarkutil/RemarkCount.cpp, 4923, 1047, 3876
6158, /home/yrong/devel/llvm/benchmark/llvm-project/llvm/tools/llvm-remarkutil/RemarkSizeDiff.cpp, 5709, 1419, 4290
6159, /home/yrong/devel/llvm/benchmark/llvm-project/llvm/tools/llvm-remarkutil/RemarkUtil.cpp, 3411, 457, 2954
6160, /home/yrong/devel/llvm/benchmark/llvm-project/llvm/tools/llvm-remarkutil/RemarkUtilHelpers.cpp, 4368, 866, 3502
6161, /home/yrong/devel/llvm/benchmark/llvm-project/llvm/tools/llvm-remarkutil/RemarkUtilRegistry.cpp, 3410, 453, 2957
6162, /home/yrong/devel/llvm/benchmark/llvm-project/llvm/tools/llvm-rtdyld/llvm-rtdyld.cpp, 7498, 2879, 4619
6163, /home/yrong/devel/llvm/benchmark/llvm-project/llvm/tools/llvm-rust-demangle-fuzzer/DummyDemanglerFuzzer.cpp, 1, 1, 0
6164, /home/yrong/devel/llvm/benchmark/llvm-project/llvm/tools/llvm-rust-demangle-fuzzer/llvm-rust-demangle-fuzzer.cpp, 522, 51, 471
6165, /home/yrong/devel/llvm/benchmark/llvm-project/llvm/tools/llvm-sim/llvm-sim.cpp, 7840, 2386, 5454
6166, /home/yrong/devel/llvm/benchmark/llvm-project/llvm/tools/llvm-size/llvm-size.cpp, 6286, 1793, 4493
6167, /home/yrong/devel/llvm/benchmark/llvm-project/llvm/tools/llvm-special-case-list-fuzzer/DummySpecialCaseListFuzzer.cpp, 1, 1, 0
6168, /home/yrong/devel/llvm/benchmark/llvm-project/llvm/tools/llvm-special-case-list-fuzzer/special-case-list-fuzzer.cpp, 2777, 257, 2520
6169, /home/yrong/devel/llvm/benchmark/llvm-project/llvm/tools/llvm-split/llvm-split.cpp, 6692, 2067, 4625
6170, /home/yrong/devel/llvm/benchmark/llvm-project/llvm/tools/llvm-stress/llvm-stress.cpp, 6248, 1696, 4552
6171, /home/yrong/devel/llvm/benchmark/llvm-project/llvm/tools/llvm-strings/llvm-strings.cpp, 4544, 884, 3660
6172, /home/yrong/devel/llvm/benchmark/llvm-project/llvm/tools/llvm-symbolizer/llvm-symbolizer.cpp, 6458, 1597, 4861
6173, /home/yrong/devel/llvm/benchmark/llvm-project/llvm/tools/llvm-tli-checker/llvm-tli-checker.cpp, 7425, 2351, 5074
6174, /home/yrong/devel/llvm/benchmark/llvm-project/llvm/tools/llvm-undname/llvm-undname.cpp, 4493, 746, 3747
6175, /home/yrong/devel/llvm/benchmark/llvm-project/llvm/tools/llvm-xray/func-id-helper.cpp, 4260, 637, 3623
6176, /home/yrong/devel/llvm/benchmark/llvm-project/llvm/tools/llvm-xray/llvm-xray.cpp, 3379, 425, 2954
6177, /home/yrong/devel/llvm/benchmark/llvm-project/llvm/tools/llvm-xray/xray-account.cpp, 6271, 1752, 4519
6178, /home/yrong/devel/llvm/benchmark/llvm-project/llvm/tools/llvm-xray/xray-color-helper.cpp, 3207, 500, 2707
6179, /home/yrong/devel/llvm/benchmark/llvm-project/llvm/tools/llvm-xray/xray-converter.cpp, 6299, 1683, 4616
6180, /home/yrong/devel/llvm/benchmark/llvm-project/llvm/tools/llvm-xray/xray-extract.cpp, 5140, 1139, 4001
6181, /home/yrong/devel/llvm/benchmark/llvm-project/llvm/tools/llvm-xray/xray-fdr-dump.cpp, 4215, 718, 3497
6182, /home/yrong/devel/llvm/benchmark/llvm-project/llvm/tools/llvm-xray/xray-graph-diff.cpp, 5575, 1383, 4192
6183, /home/yrong/devel/llvm/benchmark/llvm-project/llvm/tools/llvm-xray/xray-graph.cpp, 5852, 1430, 4422
6184, /home/yrong/devel/llvm/benchmark/llvm-project/llvm/tools/llvm-xray/xray-registry.cpp, 3410, 453, 2957
6185, /home/yrong/devel/llvm/benchmark/llvm-project/llvm/tools/llvm-xray/xray-stacks.cpp, 5398, 1397, 4001
6186, /home/yrong/devel/llvm/benchmark/llvm-project/llvm/tools/llvm-yaml-numeric-parser-fuzzer/DummyYAMLNumericParserFuzzer.cpp, 1, 1, 0
6187, /home/yrong/devel/llvm/benchmark/llvm-project/llvm/tools/llvm-yaml-numeric-parser-fuzzer/yaml-numeric-parser-fuzzer.cpp, 3587, 506, 3081
6188, /home/yrong/devel/llvm/benchmark/llvm-project/llvm/tools/llvm-yaml-parser-fuzzer/DummyYAMLParserFuzzer.cpp, 1, 1, 0
6189, /home/yrong/devel/llvm/benchmark/llvm-project/llvm/tools/llvm-yaml-parser-fuzzer/yaml-parser-fuzzer.cpp, 3109, 333, 2776
6190, /home/yrong/devel/llvm/benchmark/llvm-project/llvm/tools/lto/LTODisassembler.cpp, 0, 0, 0
6191, /home/yrong/devel/llvm/benchmark/llvm-project/llvm/tools/lto/lto.cpp, 11039, 4827, 6212
6192, /home/yrong/devel/llvm/benchmark/llvm-project/llvm/tools/obj2yaml/archive2yaml.cpp, 4745, 1166, 3579
6193, /home/yrong/devel/llvm/benchmark/llvm-project/llvm/tools/obj2yaml/coff2yaml.cpp, 5144, 1471, 3673
6194, /home/yrong/devel/llvm/benchmark/llvm-project/llvm/tools/obj2yaml/dwarf2yaml.cpp, 5361, 1794, 3567
6195, /home/yrong/devel/llvm/benchmark/llvm-project/llvm/tools/obj2yaml/dxcontainer2yaml.cpp, 4889, 1266, 3623
6196, /home/yrong/devel/llvm/benchmark/llvm-project/llvm/tools/obj2yaml/elf2yaml.cpp, 13633, 8425, 5208
6197, /home/yrong/devel/llvm/benchmark/llvm-project/llvm/tools/obj2yaml/macho2yaml.cpp, 7462, 3379, 4083
6198, /home/yrong/devel/llvm/benchmark/llvm-project/llvm/tools/obj2yaml/minidump2yaml.cpp, 4542, 1030, 3512
6199, /home/yrong/devel/llvm/benchmark/llvm-project/llvm/tools/obj2yaml/obj2yaml.cpp, 4910, 1193, 3717
6200, /home/yrong/devel/llvm/benchmark/llvm-project/llvm/tools/obj2yaml/offload2yaml.cpp, 4767, 1175, 3592
6201, /home/yrong/devel/llvm/benchmark/llvm-project/llvm/tools/obj2yaml/wasm2yaml.cpp, 5356, 1772, 3584
6202, /home/yrong/devel/llvm/benchmark/llvm-project/llvm/tools/obj2yaml/xcoff2yaml.cpp, 4732, 1199, 3533
6203, /home/yrong/devel/llvm/benchmark/llvm-project/llvm/tools/opt/NewPMDriver.cpp, 12550, 5181, 7369
6204, /home/yrong/devel/llvm/benchmark/llvm-project/llvm/tools/opt/opt.cpp, 13888, 6241, 7647
6205, /home/yrong/devel/llvm/benchmark/llvm-project/llvm/tools/remarks-shlib/libremarks.cpp, 0, 0, 0
6206, /home/yrong/devel/llvm/benchmark/llvm-project/llvm/tools/sancov/sancov.cpp, 7827, 2931, 4896
6207, /home/yrong/devel/llvm/benchmark/llvm-project/llvm/tools/sanstats/sanstats.cpp, 6275, 1764, 4511
6208, /home/yrong/devel/llvm/benchmark/llvm-project/llvm/tools/verify-uselistorder/verify-uselistorder.cpp, 7848, 2257, 5591
6209, /home/yrong/devel/llvm/benchmark/llvm-project/llvm/tools/yaml2obj/yaml2obj.cpp, 6775, 2571, 4204
6210, /home/yrong/devel/llvm/benchmark/llvm-project/llvm/unittests/Analysis/InlineAdvisorPlugin/InlineAdvisorPlugin.cpp, 9496, 3550, 5946
6211, /home/yrong/devel/llvm/benchmark/llvm-project/llvm/unittests/Analysis/InlineOrderPlugin/InlineOrderPlugin.cpp, 9478, 3538, 5940
6212, /home/yrong/devel/llvm/benchmark/llvm-project/llvm/unittests/Passes/Plugins/DoublerPlugin/DoublerPlugin.cpp, 9390, 3466, 5924
6213, /home/yrong/devel/llvm/benchmark/llvm-project/llvm/unittests/Passes/Plugins/TestPlugin/TestPlugin.cpp, 9389, 3466, 5923
6214, /home/yrong/devel/llvm/benchmark/llvm-project/llvm/unittests/Support/DynamicLibrary/ExportedFuncs.cpp, 924, 57, 867
6215, /home/yrong/devel/llvm/benchmark/llvm-project/llvm/unittests/Support/DynamicLibrary/PipSqueak.cpp, 943, 74, 869
6216, /home/yrong/devel/llvm/benchmark/llvm-project/llvm/utils/FileCheck/FileCheck.cpp, 5126, 1088, 4038
6217, /home/yrong/devel/llvm/benchmark/llvm-project/llvm/utils/PerfectShuffle/PerfectShuffle.cpp, 1820, 104, 1716
6218, /home/yrong/devel/llvm/benchmark/llvm-project/llvm/utils/TableGen/AsmMatcherEmitter.cpp, 6908, 2231, 4677
6219, /home/yrong/devel/llvm/benchmark/llvm-project/llvm/utils/TableGen/AsmWriterEmitter.cpp, 6368, 1909, 4459
6220, /home/yrong/devel/llvm/benchmark/llvm-project/llvm/utils/TableGen/AsmWriterInst.cpp, 4183, 788, 3395
6221, /home/yrong/devel/llvm/benchmark/llvm-project/llvm/utils/TableGen/Attributes.cpp, 4125, 671, 3454
6222, /home/yrong/devel/llvm/benchmark/llvm-project/llvm/utils/TableGen/CTagsEmitter.cpp, 4241, 746, 3495
6223, /home/yrong/devel/llvm/benchmark/llvm-project/llvm/utils/TableGen/CallingConvEmitter.cpp, 4939, 1011, 3928
6224, /home/yrong/devel/llvm/benchmark/llvm-project/llvm/utils/TableGen/CodeEmitterGen.cpp, 4800, 1130, 3670
6225, /home/yrong/devel/llvm/benchmark/llvm-project/llvm/utils/TableGen/CodeGenDAGPatterns.cpp, 7193, 2537, 4656
6226, /home/yrong/devel/llvm/benchmark/llvm-project/llvm/utils/TableGen/CodeGenHwModes.cpp, 4106, 744, 3362
6227, /home/yrong/devel/llvm/benchmark/llvm-project/llvm/utils/TableGen/CodeGenInstAlias.cpp, 5374, 1197, 4177
6228, /home/yrong/devel/llvm/benchmark/llvm-project/llvm/utils/TableGen/CodeGenInstruction.cpp, 4733, 1208, 3525
6229, /home/yrong/devel/llvm/benchmark/llvm-project/llvm/utils/TableGen/CodeGenIntrinsics.cpp, 4161, 775, 3386
6230, /home/yrong/devel/llvm/benchmark/llvm-project/llvm/utils/TableGen/CodeGenMapTable.cpp, 4590, 1042, 3548
6231, /home/yrong/devel/llvm/benchmark/llvm-project/llvm/utils/TableGen/CodeGenRegisters.cpp, 6677, 2096, 4581
6232, /home/yrong/devel/llvm/benchmark/llvm-project/llvm/utils/TableGen/CodeGenSchedule.cpp, 5548, 1667, 3881
6233, /home/yrong/devel/llvm/benchmark/llvm-project/llvm/utils/TableGen/CodeGenTarget.cpp, 5871, 1456, 4415
6234, /home/yrong/devel/llvm/benchmark/llvm-project/llvm/utils/TableGen/CompressInstEmitter.cpp, 5772, 1394, 4378
6235, /home/yrong/devel/llvm/benchmark/llvm-project/llvm/utils/TableGen/DAGISelEmitter.cpp, 5020, 1150, 3870
6236, /home/yrong/devel/llvm/benchmark/llvm-project/llvm/utils/TableGen/DAGISelMatcher.cpp, 5651, 1247, 4404
6237, /home/yrong/devel/llvm/benchmark/llvm-project/llvm/utils/TableGen/DAGISelMatcherEmitter.cpp, 6181, 1492, 4689
6238, /home/yrong/devel/llvm/benchmark/llvm-project/llvm/utils/TableGen/DAGISelMatcherGen.cpp, 5798, 1339, 4459
6239, /home/yrong/devel/llvm/benchmark/llvm-project/llvm/utils/TableGen/DAGISelMatcherOpt.cpp, 4741, 1016, 3725
6240, /home/yrong/devel/llvm/benchmark/llvm-project/llvm/utils/TableGen/DFAEmitter.cpp, 5001, 1082, 3919
6241, /home/yrong/devel/llvm/benchmark/llvm-project/llvm/utils/TableGen/DFAPacketizerEmitter.cpp, 5202, 1206, 3996
6242, /home/yrong/devel/llvm/benchmark/llvm-project/llvm/utils/TableGen/DXILEmitter.cpp, 4437, 891, 3546
6243, /home/yrong/devel/llvm/benchmark/llvm-project/llvm/utils/TableGen/DecoderEmitter.cpp, 5287, 1531, 3756
6244, /home/yrong/devel/llvm/benchmark/llvm-project/llvm/utils/TableGen/DirectiveEmitter.cpp, 4410, 907, 3503
6245, /home/yrong/devel/llvm/benchmark/llvm-project/llvm/utils/TableGen/DisassemblerEmitter.cpp, 4602, 945, 3657
6246, /home/yrong/devel/llvm/benchmark/llvm-project/llvm/utils/TableGen/ExegesisEmitter.cpp, 4372, 824, 3548
6247, /home/yrong/devel/llvm/benchmark/llvm-project/llvm/utils/TableGen/FastISelEmitter.cpp, 6182, 1612, 4570
6248, /home/yrong/devel/llvm/benchmark/llvm-project/llvm/utils/TableGen/GICombinerEmitter.cpp, 6625, 2283, 4342
6249, /home/yrong/devel/llvm/benchmark/llvm-project/llvm/utils/TableGen/GlobalISel/CodeExpander.cpp, 4009, 685, 3324
6250, /home/yrong/devel/llvm/benchmark/llvm-project/llvm/utils/TableGen/GlobalISel/GIMatchDag.cpp, 4282, 863, 3419
6251, /home/yrong/devel/llvm/benchmark/llvm-project/llvm/utils/TableGen/GlobalISel/GIMatchDagEdge.cpp, 2916, 270, 2646
6252, /home/yrong/devel/llvm/benchmark/llvm-project/llvm/utils/TableGen/GlobalISel/GIMatchDagInstr.cpp, 4171, 774, 3397
6253, /home/yrong/devel/llvm/benchmark/llvm-project/llvm/utils/TableGen/GlobalISel/GIMatchDagOperands.cpp, 3011, 389, 2622
6254, /home/yrong/devel/llvm/benchmark/llvm-project/llvm/utils/TableGen/GlobalISel/GIMatchDagPredicate.cpp, 4148, 766, 3382
6255, /home/yrong/devel/llvm/benchmark/llvm-project/llvm/utils/TableGen/GlobalISel/GIMatchDagPredicateDependencyEdge.cpp, 2912, 265, 2647
6256, /home/yrong/devel/llvm/benchmark/llvm-project/llvm/utils/TableGen/GlobalISel/GIMatchTree.cpp, 6278, 2071, 4207
6257, /home/yrong/devel/llvm/benchmark/llvm-project/llvm/utils/TableGen/GlobalISelCombinerMatchTableEmitter.cpp, 7891, 2797, 5094
6258, /home/yrong/devel/llvm/benchmark/llvm-project/llvm/utils/TableGen/GlobalISelEmitter.cpp, 9458, 4058, 5400
6259, /home/yrong/devel/llvm/benchmark/llvm-project/llvm/utils/TableGen/GlobalISelMatchTable.cpp, 8427, 3258, 5169
6260, /home/yrong/devel/llvm/benchmark/llvm-project/llvm/utils/TableGen/GlobalISelMatchTableExecutorEmitter.cpp, 5709, 1424, 4285
6261, /home/yrong/devel/llvm/benchmark/llvm-project/llvm/utils/TableGen/InfoByHwMode.cpp, 4368, 910, 3458
6262, /home/yrong/devel/llvm/benchmark/llvm-project/llvm/utils/TableGen/InstrDocsEmitter.cpp, 4911, 1098, 3813
6263, /home/yrong/devel/llvm/benchmark/llvm-project/llvm/utils/TableGen/InstrInfoEmitter.cpp, 5698, 1689, 4009
6264, /home/yrong/devel/llvm/benchmark/llvm-project/llvm/utils/TableGen/IntrinsicEmitter.cpp, 4674, 1087, 3587
6265, /home/yrong/devel/llvm/benchmark/llvm-project/llvm/utils/TableGen/OptEmitter.cpp, 3987, 664, 3323
6266, /home/yrong/devel/llvm/benchmark/llvm-project/llvm/utils/TableGen/OptParserEmitter.cpp, 4372, 869, 3503
6267, /home/yrong/devel/llvm/benchmark/llvm-project/llvm/utils/TableGen/OptRSTEmitter.cpp, 4158, 699, 3459
6268, /home/yrong/devel/llvm/benchmark/llvm-project/llvm/utils/TableGen/PredicateExpander.cpp, 4029, 673, 3356
6269, /home/yrong/devel/llvm/benchmark/llvm-project/llvm/utils/TableGen/PseudoLoweringEmitter.cpp, 4704, 1020, 3684
6270, /home/yrong/devel/llvm/benchmark/llvm-project/llvm/utils/TableGen/RISCVTargetDefEmitter.cpp, 4361, 823, 3538
6271, /home/yrong/devel/llvm/benchmark/llvm-project/llvm/utils/TableGen/RegisterBankEmitter.cpp, 5527, 1213, 4314
6272, /home/yrong/devel/llvm/benchmark/llvm-project/llvm/utils/TableGen/RegisterInfoEmitter.cpp, 6454, 1858, 4596
6273, /home/yrong/devel/llvm/benchmark/llvm-project/llvm/utils/TableGen/SDNodeProperties.cpp, 3996, 664, 3332
6274, /home/yrong/devel/llvm/benchmark/llvm-project/llvm/utils/TableGen/SearchableTableEmitter.cpp, 5033, 1326, 3707
6275, /home/yrong/devel/llvm/benchmark/llvm-project/llvm/utils/TableGen/SubtargetEmitter.cpp, 5166, 1351, 3815
6276, /home/yrong/devel/llvm/benchmark/llvm-project/llvm/utils/TableGen/SubtargetFeatureInfo.cpp, 4038, 700, 3338
6277, /home/yrong/devel/llvm/benchmark/llvm-project/llvm/utils/TableGen/TableGen.cpp, 4236, 737, 3499
6278, /home/yrong/devel/llvm/benchmark/llvm-project/llvm/utils/TableGen/Types.cpp, 3, 0, 3
6279, /home/yrong/devel/llvm/benchmark/llvm-project/llvm/utils/TableGen/VTEmitter.cpp, 4163, 699, 3464
6280, /home/yrong/devel/llvm/benchmark/llvm-project/llvm/utils/TableGen/VarLenCodeEmitterGen.cpp, 4611, 1055, 3556
6281, /home/yrong/devel/llvm/benchmark/llvm-project/llvm/utils/TableGen/WebAssemblyDisassemblerEmitter.cpp, 4125, 748, 3377
6282, /home/yrong/devel/llvm/benchmark/llvm-project/llvm/utils/TableGen/X86DisassemblerTables.cpp, 2974, 340, 2634
6283, /home/yrong/devel/llvm/benchmark/llvm-project/llvm/utils/TableGen/X86EVEX2VEXTablesEmitter.cpp, 4667, 1010, 3657
6284, /home/yrong/devel/llvm/benchmark/llvm-project/llvm/utils/TableGen/X86FoldTablesEmitter.cpp, 4651, 1024, 3627
6285, /home/yrong/devel/llvm/benchmark/llvm-project/llvm/utils/TableGen/X86MnemonicTables.cpp, 4499, 883, 3616
6286, /home/yrong/devel/llvm/benchmark/llvm-project/llvm/utils/TableGen/X86ModRMFilters.cpp, 0, 0, 0
6287, /home/yrong/devel/llvm/benchmark/llvm-project/llvm/utils/TableGen/X86RecognizableInstr.cpp, 4250, 859, 3391
6288, /home/yrong/devel/llvm/benchmark/llvm-project/llvm/utils/UnicodeData/UnicodeNameMappingGenerator.cpp, 4129, 525, 3604
6289, /home/yrong/devel/llvm/benchmark/llvm-project/llvm/utils/count/count.c, 0, 0, 0
6290, /home/yrong/devel/llvm/benchmark/llvm-project/llvm/utils/not/not.cpp, 3385, 491, 2894
6291, /home/yrong/devel/llvm/benchmark/llvm-project/llvm/utils/split-file/split-file.cpp, 4269, 777, 3492
6292, /home/yrong/devel/llvm/benchmark/llvm-project/llvm/utils/yaml-bench/YAMLBench.cpp, 4463, 800, 3663
6293, /home/yrong/devel/llvm/benchmark/llvm-project/mlir/examples/minimal-opt/mlir-cat.cpp, 6305, 1716, 4589
6294, /home/yrong/devel/llvm/benchmark/llvm-project/mlir/examples/minimal-opt/mlir-minimal-opt-canonicalize.cpp, 6869, 2139, 4730
6295, /home/yrong/devel/llvm/benchmark/llvm-project/mlir/examples/minimal-opt/mlir-minimal-opt.cpp, 5864, 1493, 4371
6296, /home/yrong/devel/llvm/benchmark/llvm-project/mlir/lib/Analysis/AliasAnalysis.cpp, 5651, 1371, 4280
6297, /home/yrong/devel/llvm/benchmark/llvm-project/mlir/lib/Analysis/AliasAnalysis/LocalAliasAnalysis.cpp, 7681, 2608, 5073
6298, /home/yrong/devel/llvm/benchmark/llvm-project/mlir/lib/Analysis/CFGLoopInfo.cpp, 4628, 822, 3806
6299, /home/yrong/devel/llvm/benchmark/llvm-project/mlir/lib/Analysis/CallGraph.cpp, 6738, 1676, 5062
6300, /home/yrong/devel/llvm/benchmark/llvm-project/mlir/lib/Analysis/DataFlow/ConstantPropagationAnalysis.cpp, 6655, 1737, 4918
6301, /home/yrong/devel/llvm/benchmark/llvm-project/mlir/lib/Analysis/DataFlow/DeadCodeAnalysis.cpp, 6852, 1891, 4961
6302, /home/yrong/devel/llvm/benchmark/llvm-project/mlir/lib/Analysis/DataFlow/DenseAnalysis.cpp, 6715, 1783, 4932
6303, /home/yrong/devel/llvm/benchmark/llvm-project/mlir/lib/Analysis/DataFlow/IntegerRangeAnalysis.cpp, 6817, 1875, 4942
6304, /home/yrong/devel/llvm/benchmark/llvm-project/mlir/lib/Analysis/DataFlow/LivenessAnalysis.cpp, 6758, 1799, 4959
6305, /home/yrong/devel/llvm/benchmark/llvm-project/mlir/lib/Analysis/DataFlow/SparseAnalysis.cpp, 6982, 2014, 4968
6306, /home/yrong/devel/llvm/benchmark/llvm-project/mlir/lib/Analysis/DataFlowFramework.cpp, 6091, 1410, 4681
6307, /home/yrong/devel/llvm/benchmark/llvm-project/mlir/lib/Analysis/DataLayoutAnalysis.cpp, 6970, 2147, 4823
6308, /home/yrong/devel/llvm/benchmark/llvm-project/mlir/lib/Analysis/FlatLinearValueConstraints.cpp, 6513, 1839, 4674
6309, /home/yrong/devel/llvm/benchmark/llvm-project/mlir/lib/Analysis/Liveness.cpp, 6055, 1560, 4495
6310, /home/yrong/devel/llvm/benchmark/llvm-project/mlir/lib/Analysis/Presburger/IntegerRelation.cpp, 3986, 825, 3161
6311, /home/yrong/devel/llvm/benchmark/llvm-project/mlir/lib/Analysis/Presburger/LinearTransform.cpp, 3189, 490, 2699
6312, /home/yrong/devel/llvm/benchmark/llvm-project/mlir/lib/Analysis/Presburger/MPInt.cpp, 2750, 324, 2426
6313, /home/yrong/devel/llvm/benchmark/llvm-project/mlir/lib/Analysis/Presburger/Matrix.cpp, 3047, 417, 2630
6314, /home/yrong/devel/llvm/benchmark/llvm-project/mlir/lib/Analysis/Presburger/PWMAFunction.cpp, 3540, 571, 2969
6315, /home/yrong/devel/llvm/benchmark/llvm-project/mlir/lib/Analysis/Presburger/PresburgerRelation.cpp, 3613, 619, 2994
6316, /home/yrong/devel/llvm/benchmark/llvm-project/mlir/lib/Analysis/Presburger/PresburgerSpace.cpp, 2765, 242, 2523
6317, /home/yrong/devel/llvm/benchmark/llvm-project/mlir/lib/Analysis/Presburger/Simplex.cpp, 3895, 781, 3114
6318, /home/yrong/devel/llvm/benchmark/llvm-project/mlir/lib/Analysis/Presburger/SlowMPInt.cpp, 2661, 296, 2365
6319, /home/yrong/devel/llvm/benchmark/llvm-project/mlir/lib/Analysis/Presburger/Utils.cpp, 3310, 543, 2767
6320, /home/yrong/devel/llvm/benchmark/llvm-project/mlir/lib/Analysis/SliceAnalysis.cpp, 7147, 2257, 4890
6321, /home/yrong/devel/llvm/benchmark/llvm-project/mlir/lib/AsmParser/AffineParser.cpp, 6732, 2020, 4712
6322, /home/yrong/devel/llvm/benchmark/llvm-project/mlir/lib/AsmParser/AsmParserState.cpp, 6475, 1774, 4701
6323, /home/yrong/devel/llvm/benchmark/llvm-project/mlir/lib/AsmParser/AttributeParser.cpp, 7681, 2649, 5032
6324, /home/yrong/devel/llvm/benchmark/llvm-project/mlir/lib/AsmParser/DialectSymbolParser.cpp, 7137, 2366, 4771
6325, /home/yrong/devel/llvm/benchmark/llvm-project/mlir/lib/AsmParser/Lexer.cpp, 6104, 1536, 4568
6326, /home/yrong/devel/llvm/benchmark/llvm-project/mlir/lib/AsmParser/LocationParser.cpp, 6558, 1911, 4647
6327, /home/yrong/devel/llvm/benchmark/llvm-project/mlir/lib/AsmParser/Parser.cpp, 8493, 3297, 5196
6328, /home/yrong/devel/llvm/benchmark/llvm-project/mlir/lib/AsmParser/Token.cpp, 2840, 292, 2548
6329, /home/yrong/devel/llvm/benchmark/llvm-project/mlir/lib/AsmParser/TypeParser.cpp, 6640, 1979, 4661
6330, /home/yrong/devel/llvm/benchmark/llvm-project/mlir/lib/Bytecode/BytecodeOpInterface.cpp, 6592, 1940, 4652
6331, /home/yrong/devel/llvm/benchmark/llvm-project/mlir/lib/Bytecode/Reader/BytecodeReader.cpp, 8482, 3019, 5463
6332, /home/yrong/devel/llvm/benchmark/llvm-project/mlir/lib/Bytecode/Writer/BytecodeWriter.cpp, 7554, 2539, 5015
6333, /home/yrong/devel/llvm/benchmark/llvm-project/mlir/lib/Bytecode/Writer/IRNumbering.cpp, 7548, 2530, 5018
6334, /home/yrong/devel/llvm/benchmark/llvm-project/mlir/lib/CAPI/Conversion/Passes.cpp, 13907, 7191, 6716
6335, /home/yrong/devel/llvm/benchmark/llvm-project/mlir/lib/CAPI/Debug/Debug.cpp, 2676, 206, 2470
6336, /home/yrong/devel/llvm/benchmark/llvm-project/mlir/lib/CAPI/Dialect/Arith.cpp, 7351, 2431, 4920
6337, /home/yrong/devel/llvm/benchmark/llvm-project/mlir/lib/CAPI/Dialect/Async.cpp, 7637, 2630, 5007
6338, /home/yrong/devel/llvm/benchmark/llvm-project/mlir/lib/CAPI/Dialect/AsyncPasses.cpp, 6538, 1880, 4658
6339, /home/yrong/devel/llvm/benchmark/llvm-project/mlir/lib/CAPI/Dialect/ControlFlow.cpp, 6960, 2156, 4804
6340, /home/yrong/devel/llvm/benchmark/llvm-project/mlir/lib/CAPI/Dialect/Func.cpp, 7222, 2292, 4930
6341, /home/yrong/devel/llvm/benchmark/llvm-project/mlir/lib/CAPI/Dialect/GPU.cpp, 7535, 2559, 4976
6342, /home/yrong/devel/llvm/benchmark/llvm-project/mlir/lib/CAPI/Dialect/GPUPasses.cpp, 8230, 2981, 5249
6343, /home/yrong/devel/llvm/benchmark/llvm-project/mlir/lib/CAPI/Dialect/LLVM.cpp, 9621, 3928, 5693
6344, /home/yrong/devel/llvm/benchmark/llvm-project/mlir/lib/CAPI/Dialect/Linalg.cpp, 8801, 3478, 5323
6345, /home/yrong/devel/llvm/benchmark/llvm-project/mlir/lib/CAPI/Dialect/LinalgPasses.cpp, 12076, 5817, 6259
6346, /home/yrong/devel/llvm/benchmark/llvm-project/mlir/lib/CAPI/Dialect/MLProgram.cpp, 7224, 2302, 4922
6347, /home/yrong/devel/llvm/benchmark/llvm-project/mlir/lib/CAPI/Dialect/Math.cpp, 7528, 2554, 4974
6348, /home/yrong/devel/llvm/benchmark/llvm-project/mlir/lib/CAPI/Dialect/MemRef.cpp, 8368, 3082, 5286
6349, /home/yrong/devel/llvm/benchmark/llvm-project/mlir/lib/CAPI/Dialect/PDL.cpp, 7116, 2270, 4846
6350, /home/yrong/devel/llvm/benchmark/llvm-project/mlir/lib/CAPI/Dialect/Quant.cpp, 7092, 2259, 4833
6351, /home/yrong/devel/llvm/benchmark/llvm-project/mlir/lib/CAPI/Dialect/SCF.cpp, 7915, 2839, 5076
6352, /home/yrong/devel/llvm/benchmark/llvm-project/mlir/lib/CAPI/Dialect/Shape.cpp, 7326, 2394, 4932
6353, /home/yrong/devel/llvm/benchmark/llvm-project/mlir/lib/CAPI/Dialect/SparseTensor.cpp, 7242, 2385, 4857
6354, /home/yrong/devel/llvm/benchmark/llvm-project/mlir/lib/CAPI/Dialect/SparseTensorPasses.cpp, 8269, 3022, 5247
6355, /home/yrong/devel/llvm/benchmark/llvm-project/mlir/lib/CAPI/Dialect/Tensor.cpp, 7887, 2828, 5059
6356, /home/yrong/devel/llvm/benchmark/llvm-project/mlir/lib/CAPI/Dialect/Transform.cpp, 7382, 2460, 4922
6357, /home/yrong/devel/llvm/benchmark/llvm-project/mlir/lib/CAPI/Dialect/Vector.cpp, 8057, 2936, 5121
6358, /home/yrong/devel/llvm/benchmark/llvm-project/mlir/lib/CAPI/ExecutionEngine/ExecutionEngine.cpp, 12408, 5479, 6929
6359, /home/yrong/devel/llvm/benchmark/llvm-project/mlir/lib/CAPI/IR/AffineExpr.cpp, 6953, 2145, 4808
6360, /home/yrong/devel/llvm/benchmark/llvm-project/mlir/lib/CAPI/IR/AffineMap.cpp, 6944, 2137, 4807
6361, /home/yrong/devel/llvm/benchmark/llvm-project/mlir/lib/CAPI/IR/BuiltinAttributes.cpp, 7662, 2769, 4893
6362, /home/yrong/devel/llvm/benchmark/llvm-project/mlir/lib/CAPI/IR/BuiltinTypes.cpp, 7064, 2242, 4822
6363, /home/yrong/devel/llvm/benchmark/llvm-project/mlir/lib/CAPI/IR/Diagnostics.cpp, 6966, 2149, 4817
6364, /home/yrong/devel/llvm/benchmark/llvm-project/mlir/lib/CAPI/IR/DialectHandle.cpp, 6905, 2104, 4801
6365, /home/yrong/devel/llvm/benchmark/llvm-project/mlir/lib/CAPI/IR/IR.cpp, 7167, 2290, 4877
6366, /home/yrong/devel/llvm/benchmark/llvm-project/mlir/lib/CAPI/IR/IntegerSet.cpp, 6943, 2135, 4808
6367, /home/yrong/devel/llvm/benchmark/llvm-project/mlir/lib/CAPI/IR/Pass.cpp, 7588, 2519, 5069
6368, /home/yrong/devel/llvm/benchmark/llvm-project/mlir/lib/CAPI/IR/Support.cpp, 3661, 452, 3209
6369, /home/yrong/devel/llvm/benchmark/llvm-project/mlir/lib/CAPI/Interfaces/Interfaces.cpp, 6996, 2157, 4839
6370, /home/yrong/devel/llvm/benchmark/llvm-project/mlir/lib/CAPI/RegisterEverything/RegisterEverything.cpp, 26523, 17488, 9035
6371, /home/yrong/devel/llvm/benchmark/llvm-project/mlir/lib/CAPI/Transforms/Passes.cpp, 6835, 2111, 4724
6372, /home/yrong/devel/llvm/benchmark/llvm-project/mlir/lib/Conversion/AMDGPUToROCDL/AMDGPUToROCDL.cpp, 12188, 6081, 6107
6373, /home/yrong/devel/llvm/benchmark/llvm-project/mlir/lib/Conversion/AffineToStandard/AffineToStandard.cpp, 11264, 5278, 5986
6374, /home/yrong/devel/llvm/benchmark/llvm-project/mlir/lib/Conversion/ArithCommon/AttrToLLVMConverter.cpp, 9922, 4148, 5774
6375, /home/yrong/devel/llvm/benchmark/llvm-project/mlir/lib/Conversion/ArithToLLVM/ArithToLLVM.cpp, 12617, 6320, 6297
6376, /home/yrong/devel/llvm/benchmark/llvm-project/mlir/lib/Conversion/ArithToSPIRV/ArithToSPIRV.cpp, 13912, 7690, 6222
6377, /home/yrong/devel/llvm/benchmark/llvm-project/mlir/lib/Conversion/ArmNeon2dToIntr/ArmNeon2dToIntr.cpp, 8723, 3338, 5385
6378, /home/yrong/devel/llvm/benchmark/llvm-project/mlir/lib/Conversion/ArmSMEToSCF/ArmSMEToSCF.cpp, 9627, 4077, 5550
6379, /home/yrong/devel/llvm/benchmark/llvm-project/mlir/lib/Conversion/AsyncToLLVM/AsyncToLLVM.cpp, 12832, 6484, 6348
6380, /home/yrong/devel/llvm/benchmark/llvm-project/mlir/lib/Conversion/BufferizationToMemRef/BufferizationToMemRef.cpp, 10251, 4398, 5853
6381, /home/yrong/devel/llvm/benchmark/llvm-project/mlir/lib/Conversion/ComplexToLLVM/ComplexToLLVM.cpp, 11137, 5040, 6097
6382, /home/yrong/devel/llvm/benchmark/llvm-project/mlir/lib/Conversion/ComplexToLibm/ComplexToLibm.cpp, 8743, 3363, 5380
6383, /home/yrong/devel/llvm/benchmark/llvm-project/mlir/lib/Conversion/ComplexToSPIRV/ComplexToSPIRV.cpp, 9459, 4129, 5330
6384, /home/yrong/devel/llvm/benchmark/llvm-project/mlir/lib/Conversion/ComplexToSPIRV/ComplexToSPIRVPass.cpp, 9724, 4193, 5531
6385, /home/yrong/devel/llvm/benchmark/llvm-project/mlir/lib/Conversion/ComplexToStandard/ComplexToStandard.cpp, 10649, 5065, 5584
6386, /home/yrong/devel/llvm/benchmark/llvm-project/mlir/lib/Conversion/ControlFlowToLLVM/ControlFlowToLLVM.cpp, 10907, 4861, 6046
6387, /home/yrong/devel/llvm/benchmark/llvm-project/mlir/lib/Conversion/ControlFlowToSPIRV/ControlFlowToSPIRV.cpp, 9352, 3998, 5354
6388, /home/yrong/devel/llvm/benchmark/llvm-project/mlir/lib/Conversion/ControlFlowToSPIRV/ControlFlowToSPIRVPass.cpp, 9812, 4270, 5542
6389, /home/yrong/devel/llvm/benchmark/llvm-project/mlir/lib/Conversion/FuncToLLVM/FuncToLLVM.cpp, 12850, 6156, 6694
6390, /home/yrong/devel/llvm/benchmark/llvm-project/mlir/lib/Conversion/FuncToSPIRV/FuncToSPIRV.cpp, 9381, 4024, 5357
6391, /home/yrong/devel/llvm/benchmark/llvm-project/mlir/lib/Conversion/FuncToSPIRV/FuncToSPIRVPass.cpp, 9812, 4270, 5542
6392, /home/yrong/devel/llvm/benchmark/llvm-project/mlir/lib/Conversion/GPUCommon/GPUOpsLowering.cpp, 10809, 4887, 5922
6393, /home/yrong/devel/llvm/benchmark/llvm-project/mlir/lib/Conversion/GPUCommon/GPUToLLVMConversion.cpp, 16082, 9445, 6637
6394, /home/yrong/devel/llvm/benchmark/llvm-project/mlir/lib/Conversion/GPUToNVVM/LowerGpuOpsToNVVMOps.cpp, 14927, 8293, 6634
6395, /home/yrong/devel/llvm/benchmark/llvm-project/mlir/lib/Conversion/GPUToNVVM/WmmaOpsToNvvm.cpp, 10907, 5009, 5898
6396, /home/yrong/devel/llvm/benchmark/llvm-project/mlir/lib/Conversion/GPUToROCDL/LowerGpuOpsToROCDLOps.cpp, 15482, 8712, 6770
6397, /home/yrong/devel/llvm/benchmark/llvm-project/mlir/lib/Conversion/GPUToSPIRV/GPUToSPIRV.cpp, 10669, 5129, 5540
6398, /home/yrong/devel/llvm/benchmark/llvm-project/mlir/lib/Conversion/GPUToSPIRV/GPUToSPIRVPass.cpp, 10288, 4666, 5622
6399, /home/yrong/devel/llvm/benchmark/llvm-project/mlir/lib/Conversion/GPUToSPIRV/WmmaOpsToSPIRV.cpp, 10011, 4564, 5447
6400, /home/yrong/devel/llvm/benchmark/llvm-project/mlir/lib/Conversion/GPUToVulkan/ConvertGPULaunchFuncToVulkanLaunchFunc.cpp, 9724, 4262, 5462
6401, /home/yrong/devel/llvm/benchmark/llvm-project/mlir/lib/Conversion/GPUToVulkan/ConvertLaunchFuncToVulkanCalls.cpp, 10543, 4546, 5997
6402, /home/yrong/devel/llvm/benchmark/llvm-project/mlir/lib/Conversion/IndexToLLVM/IndexToLLVM.cpp, 11528, 5415, 6113
6403, /home/yrong/devel/llvm/benchmark/llvm-project/mlir/lib/Conversion/LLVMCommon/ConversionTarget.cpp, 9728, 3994, 5734
6404, /home/yrong/devel/llvm/benchmark/llvm-project/mlir/lib/Conversion/LLVMCommon/LoweringOptions.cpp, 6003, 1566, 4437
6405, /home/yrong/devel/llvm/benchmark/llvm-project/mlir/lib/Conversion/LLVMCommon/MemRefBuilder.cpp, 10042, 4250, 5792
6406, /home/yrong/devel/llvm/benchmark/llvm-project/mlir/lib/Conversion/LLVMCommon/Pattern.cpp, 9979, 4192, 5787
6407, /home/yrong/devel/llvm/benchmark/llvm-project/mlir/lib/Conversion/LLVMCommon/StructBuilder.cpp, 9586, 3894, 5692
6408, /home/yrong/devel/llvm/benchmark/llvm-project/mlir/lib/Conversion/LLVMCommon/TypeConverter.cpp, 10682, 4821, 5861
6409, /home/yrong/devel/llvm/benchmark/llvm-project/mlir/lib/Conversion/LLVMCommon/VectorPattern.cpp, 9824, 4072, 5752
6410, /home/yrong/devel/llvm/benchmark/llvm-project/mlir/lib/Conversion/LinalgToStandard/LinalgToStandard.cpp, 14160, 7324, 6836
6411, /home/yrong/devel/llvm/benchmark/llvm-project/mlir/lib/Conversion/MathToFuncs/MathToFuncs.cpp, 12849, 6321, 6528
6412, /home/yrong/devel/llvm/benchmark/llvm-project/mlir/lib/Conversion/MathToLLVM/MathToLLVM.cpp, 12168, 5887, 6281
6413, /home/yrong/devel/llvm/benchmark/llvm-project/mlir/lib/Conversion/MathToLibm/MathToLibm.cpp, 13759, 7202, 6557
6414, /home/yrong/devel/llvm/benchmark/llvm-project/mlir/lib/Conversion/MathToSPIRV/MathToSPIRV.cpp, 11931, 6125, 5806
6415, /home/yrong/devel/llvm/benchmark/llvm-project/mlir/lib/Conversion/MathToSPIRV/MathToSPIRVPass.cpp, 9742, 4211, 5531
6416, /home/yrong/devel/llvm/benchmark/llvm-project/mlir/lib/Conversion/MemRefToLLVM/AllocLikeConversion.cpp, 9885, 4120, 5765
6417, /home/yrong/devel/llvm/benchmark/llvm-project/mlir/lib/Conversion/MemRefToLLVM/MemRefToLLVM.cpp, 13377, 6856, 6521
6418, /home/yrong/devel/llvm/benchmark/llvm-project/mlir/lib/Conversion/MemRefToSPIRV/MapMemRefStorageClassPass.cpp, 9087, 3661, 5426
6419, /home/yrong/devel/llvm/benchmark/llvm-project/mlir/lib/Conversion/MemRefToSPIRV/MemRefToSPIRV.cpp, 11044, 5260, 5784
6420, /home/yrong/devel/llvm/benchmark/llvm-project/mlir/lib/Conversion/MemRefToSPIRV/MemRefToSPIRVPass.cpp, 9817, 4275, 5542
6421, /home/yrong/devel/llvm/benchmark/llvm-project/mlir/lib/Conversion/NVGPUToNVVM/NVGPUToNVVM.cpp, 13596, 7107, 6489
6422, /home/yrong/devel/llvm/benchmark/llvm-project/mlir/lib/Conversion/NVVMToLLVM/NVVMToLLVM.cpp, 13067, 5719, 7348
6423, /home/yrong/devel/llvm/benchmark/llvm-project/mlir/lib/Conversion/OpenACCToSCF/OpenACCToSCF.cpp, 9279, 3759, 5520
6424, /home/yrong/devel/llvm/benchmark/llvm-project/mlir/lib/Conversion/OpenMPToLLVM/OpenMPToLLVM.cpp, 11908, 5696, 6212
6425, /home/yrong/devel/llvm/benchmark/llvm-project/mlir/lib/Conversion/PDLToPDLInterp/PDLToPDLInterp.cpp, 9886, 4140, 5746
6426, /home/yrong/devel/llvm/benchmark/llvm-project/mlir/lib/Conversion/PDLToPDLInterp/Predicate.cpp, 7576, 2617, 4959
6427, /home/yrong/devel/llvm/benchmark/llvm-project/mlir/lib/Conversion/PDLToPDLInterp/PredicateTree.cpp, 9503, 3682, 5821
6428, /home/yrong/devel/llvm/benchmark/llvm-project/mlir/lib/Conversion/PDLToPDLInterp/RootOrdering.cpp, 4068, 517, 3551
6429, /home/yrong/devel/llvm/benchmark/llvm-project/mlir/lib/Conversion/ReconcileUnrealizedCasts/ReconcileUnrealizedCasts.cpp, 8038, 2818, 5220
6430, /home/yrong/devel/llvm/benchmark/llvm-project/mlir/lib/Conversion/SCFToControlFlow/SCFToControlFlow.cpp, 9689, 4062, 5627
6431, /home/yrong/devel/llvm/benchmark/llvm-project/mlir/lib/Conversion/SCFToGPU/SCFToGPU.cpp, 10832, 4846, 5986
6432, /home/yrong/devel/llvm/benchmark/llvm-project/mlir/lib/Conversion/SCFToGPU/SCFToGPUPass.cpp, 9593, 4020, 5573
6433, /home/yrong/devel/llvm/benchmark/llvm-project/mlir/lib/Conversion/SCFToOpenMP/SCFToOpenMP.cpp, 12402, 6024, 6378
6434, /home/yrong/devel/llvm/benchmark/llvm-project/mlir/lib/Conversion/SCFToSPIRV/SCFToSPIRV.cpp, 10244, 4667, 5577
6435, /home/yrong/devel/llvm/benchmark/llvm-project/mlir/lib/Conversion/SCFToSPIRV/SCFToSPIRVPass.cpp, 10279, 4592, 5687
6436, /home/yrong/devel/llvm/benchmark/llvm-project/mlir/lib/Conversion/SPIRVToLLVM/ConvertLaunchFuncToLLVMCalls.cpp, 12597, 6256, 6341
6437, /home/yrong/devel/llvm/benchmark/llvm-project/mlir/lib/Conversion/SPIRVToLLVM/SPIRVToLLVM.cpp, 16435, 9724, 6711
6438, /home/yrong/devel/llvm/benchmark/llvm-project/mlir/lib/Conversion/SPIRVToLLVM/SPIRVToLLVMPass.cpp, 10325, 4365, 5960
6439, /home/yrong/devel/llvm/benchmark/llvm-project/mlir/lib/Conversion/ShapeToStandard/ConvertShapeConstraints.cpp, 9519, 3914, 5605
6440, /home/yrong/devel/llvm/benchmark/llvm-project/mlir/lib/Conversion/ShapeToStandard/ShapeToStandard.cpp, 10916, 5065, 5851
6441, /home/yrong/devel/llvm/benchmark/llvm-project/mlir/lib/Conversion/TensorToLinalg/TensorToLinalg.cpp, 11236, 5274, 5962
6442, /home/yrong/devel/llvm/benchmark/llvm-project/mlir/lib/Conversion/TensorToLinalg/TensorToLinalgPass.cpp, 10190, 4417, 5773
6443, /home/yrong/devel/llvm/benchmark/llvm-project/mlir/lib/Conversion/TensorToSPIRV/TensorToSPIRV.cpp, 9853, 4354, 5499
6444, /home/yrong/devel/llvm/benchmark/llvm-project/mlir/lib/Conversion/TensorToSPIRV/TensorToSPIRVPass.cpp, 9812, 4270, 5542
6445, /home/yrong/devel/llvm/benchmark/llvm-project/mlir/lib/Conversion/TosaToArith/TosaToArith.cpp, 8822, 3461, 5361
6446, /home/yrong/devel/llvm/benchmark/llvm-project/mlir/lib/Conversion/TosaToArith/TosaToArithPass.cpp, 9599, 4025, 5574
6447, /home/yrong/devel/llvm/benchmark/llvm-project/mlir/lib/Conversion/TosaToLinalg/TosaToLinalg.cpp, 14806, 8179, 6627
6448, /home/yrong/devel/llvm/benchmark/llvm-project/mlir/lib/Conversion/TosaToLinalg/TosaToLinalgNamed.cpp, 12194, 5994, 6200
6449, /home/yrong/devel/llvm/benchmark/llvm-project/mlir/lib/Conversion/TosaToLinalg/TosaToLinalgNamedPass.cpp, 11430, 5341, 6089
6450, /home/yrong/devel/llvm/benchmark/llvm-project/mlir/lib/Conversion/TosaToLinalg/TosaToLinalgPass.cpp, 11910, 5719, 6191
6451, /home/yrong/devel/llvm/benchmark/llvm-project/mlir/lib/Conversion/TosaToSCF/TosaToSCF.cpp, 9484, 3905, 5579
6452, /home/yrong/devel/llvm/benchmark/llvm-project/mlir/lib/Conversion/TosaToSCF/TosaToSCFPass.cpp, 9911, 4210, 5701
6453, /home/yrong/devel/llvm/benchmark/llvm-project/mlir/lib/Conversion/TosaToTensor/TosaToTensor.cpp, 9723, 4088, 5635
6454, /home/yrong/devel/llvm/benchmark/llvm-project/mlir/lib/Conversion/TosaToTensor/TosaToTensorPass.cpp, 9528, 3965, 5563
6455, /home/yrong/devel/llvm/benchmark/llvm-project/mlir/lib/Conversion/UBToLLVM/UBToLLVM.cpp, 10384, 4413, 5971
6456, /home/yrong/devel/llvm/benchmark/llvm-project/mlir/lib/Conversion/UBToSPIRV/UBToSPIRV.cpp, 9773, 4232, 5541
6457, /home/yrong/devel/llvm/benchmark/llvm-project/mlir/lib/Conversion/VectorToArmSME/VectorToArmSME.cpp, 8779, 3545, 5234
6458, /home/yrong/devel/llvm/benchmark/llvm-project/mlir/lib/Conversion/VectorToArmSME/VectorToArmSMEPass.cpp, 9166, 3707, 5459
6459, /home/yrong/devel/llvm/benchmark/llvm-project/mlir/lib/Conversion/VectorToGPU/VectorToGPU.cpp, 14664, 7978, 6686
6460, /home/yrong/devel/llvm/benchmark/llvm-project/mlir/lib/Conversion/VectorToLLVM/ConvertVectorToLLVM.cpp, 13548, 7133, 6415
6461, /home/yrong/devel/llvm/benchmark/llvm-project/mlir/lib/Conversion/VectorToLLVM/ConvertVectorToLLVMPass.cpp, 12665, 6287, 6378
6462, /home/yrong/devel/llvm/benchmark/llvm-project/mlir/lib/Conversion/VectorToSCF/VectorToSCF.cpp, 11907, 5833, 6074
6463, /home/yrong/devel/llvm/benchmark/llvm-project/mlir/lib/Conversion/VectorToSPIRV/VectorToSPIRV.cpp, 11651, 5820, 5831
6464, /home/yrong/devel/llvm/benchmark/llvm-project/mlir/lib/Conversion/VectorToSPIRV/VectorToSPIRVPass.cpp, 9742, 4211, 5531
6465, /home/yrong/devel/llvm/benchmark/llvm-project/mlir/lib/Debug/BreakpointManagers/FileLineColLocBreakpointManager.cpp, 5833, 1463, 4370
6466, /home/yrong/devel/llvm/benchmark/llvm-project/mlir/lib/Debug/CLOptionsSetup.cpp, 6314, 1743, 4571
6467, /home/yrong/devel/llvm/benchmark/llvm-project/mlir/lib/Debug/DebugCounter.cpp, 5855, 1381, 4474
6468, /home/yrong/devel/llvm/benchmark/llvm-project/mlir/lib/Debug/DebuggerExecutionContextHook.cpp, 5952, 1559, 4393
6469, /home/yrong/devel/llvm/benchmark/llvm-project/mlir/lib/Debug/ExecutionContext.cpp, 5657, 1301, 4356
6470, /home/yrong/devel/llvm/benchmark/llvm-project/mlir/lib/Debug/Observers/ActionLogging.cpp, 5658, 1293, 4365
6471, /home/yrong/devel/llvm/benchmark/llvm-project/mlir/lib/Dialect/AMDGPU/IR/AMDGPUDialect.cpp, 11904, 6273, 5631
6472, /home/yrong/devel/llvm/benchmark/llvm-project/mlir/lib/Dialect/AMDGPU/Transforms/EmulateAtomics.cpp, 8984, 3559, 5425
6473, /home/yrong/devel/llvm/benchmark/llvm-project/mlir/lib/Dialect/AMDGPU/Utils/Chipset.cpp, 1802, 124, 1678
6474, /home/yrong/devel/llvm/benchmark/llvm-project/mlir/lib/Dialect/AMX/IR/AMXDialect.cpp, 8984, 3648, 5336
6475, /home/yrong/devel/llvm/benchmark/llvm-project/mlir/lib/Dialect/AMX/Transforms/LegalizeForLLVMExport.cpp, 10170, 4368, 5802
6476, /home/yrong/devel/llvm/benchmark/llvm-project/mlir/lib/Dialect/Affine/Analysis/AffineAnalysis.cpp, 8657, 3297, 5360
6477, /home/yrong/devel/llvm/benchmark/llvm-project/mlir/lib/Dialect/Affine/Analysis/AffineStructures.cpp, 7825, 2768, 5057
6478, /home/yrong/devel/llvm/benchmark/llvm-project/mlir/lib/Dialect/Affine/Analysis/LoopAnalysis.cpp, 8214, 3017, 5197
6479, /home/yrong/devel/llvm/benchmark/llvm-project/mlir/lib/Dialect/Affine/Analysis/NestedMatcher.cpp, 7661, 2685, 4976
6480, /home/yrong/devel/llvm/benchmark/llvm-project/mlir/lib/Dialect/Affine/Analysis/Utils.cpp, 8561, 3185, 5376
6481, /home/yrong/devel/llvm/benchmark/llvm-project/mlir/lib/Dialect/Affine/IR/AffineMemoryOpInterfaces.cpp, 5861, 1497, 4364
6482, /home/yrong/devel/llvm/benchmark/llvm-project/mlir/lib/Dialect/Affine/IR/AffineOps.cpp, 13232, 7003, 6229
6483, /home/yrong/devel/llvm/benchmark/llvm-project/mlir/lib/Dialect/Affine/IR/AffineValueMap.cpp, 7336, 2502, 4834
6484, /home/yrong/devel/llvm/benchmark/llvm-project/mlir/lib/Dialect/Affine/IR/ValueBoundsOpInterfaceImpl.cpp, 8350, 2940, 5410
6485, /home/yrong/devel/llvm/benchmark/llvm-project/mlir/lib/Dialect/Affine/TransformOps/AffineTransformOps.cpp, 9488, 4002, 5486
6486, /home/yrong/devel/llvm/benchmark/llvm-project/mlir/lib/Dialect/Affine/Transforms/AffineDataCopyGeneration.cpp, 10339, 4424, 5915
6487, /home/yrong/devel/llvm/benchmark/llvm-project/mlir/lib/Dialect/Affine/Transforms/AffineExpandIndexOps.cpp, 9690, 3772, 5918
6488, /home/yrong/devel/llvm/benchmark/llvm-project/mlir/lib/Dialect/Affine/Transforms/AffineLoopInvariantCodeMotion.cpp, 9154, 3595, 5559
6489, /home/yrong/devel/llvm/benchmark/llvm-project/mlir/lib/Dialect/Affine/Transforms/AffineLoopNormalize.cpp, 8763, 3370, 5393
6490, /home/yrong/devel/llvm/benchmark/llvm-project/mlir/lib/Dialect/Affine/Transforms/AffineParallelize.cpp, 9505, 3650, 5855
6491, /home/yrong/devel/llvm/benchmark/llvm-project/mlir/lib/Dialect/Affine/Transforms/AffineScalarReplacement.cpp, 8970, 3424, 5546
6492, /home/yrong/devel/llvm/benchmark/llvm-project/mlir/lib/Dialect/Affine/Transforms/DecomposeAffineOps.cpp, 8814, 3199, 5615
6493, /home/yrong/devel/llvm/benchmark/llvm-project/mlir/lib/Dialect/Affine/Transforms/LoopCoalescing.cpp, 9786, 4131, 5655
6494, /home/yrong/devel/llvm/benchmark/llvm-project/mlir/lib/Dialect/Affine/Transforms/LoopFusion.cpp, 11446, 4963, 6483
6495, /home/yrong/devel/llvm/benchmark/llvm-project/mlir/lib/Dialect/Affine/Transforms/LoopTiling.cpp, 9383, 3753, 5630
6496, /home/yrong/devel/llvm/benchmark/llvm-project/mlir/lib/Dialect/Affine/Transforms/LoopUnroll.cpp, 8838, 3434, 5404
6497, /home/yrong/devel/llvm/benchmark/llvm-project/mlir/lib/Dialect/Affine/Transforms/LoopUnrollAndJam.cpp, 8808, 3379, 5429
6498, /home/yrong/devel/llvm/benchmark/llvm-project/mlir/lib/Dialect/Affine/Transforms/PipelineDataTransfer.cpp, 10701, 4682, 6019
6499, /home/yrong/devel/llvm/benchmark/llvm-project/mlir/lib/Dialect/Affine/Transforms/ReifyValueBounds.cpp, 9701, 3800, 5901
6500, /home/yrong/devel/llvm/benchmark/llvm-project/mlir/lib/Dialect/Affine/Transforms/SimplifyAffineStructures.cpp, 9441, 3814, 5627
6501, /home/yrong/devel/llvm/benchmark/llvm-project/mlir/lib/Dialect/Affine/Transforms/SuperVectorize.cpp, 10410, 4579, 5831
6502, /home/yrong/devel/llvm/benchmark/llvm-project/mlir/lib/Dialect/Affine/Utils/LoopFusionUtils.cpp, 8081, 2878, 5203
6503, /home/yrong/devel/llvm/benchmark/llvm-project/mlir/lib/Dialect/Affine/Utils/LoopUtils.cpp, 10395, 4466, 5929
6504, /home/yrong/devel/llvm/benchmark/llvm-project/mlir/lib/Dialect/Affine/Utils/Utils.cpp, 10180, 4360, 5820
6505, /home/yrong/devel/llvm/benchmark/llvm-project/mlir/lib/Dialect/Affine/Utils/ViewLikeInterfaceUtils.cpp, 8031, 2939, 5092
6506, /home/yrong/devel/llvm/benchmark/llvm-project/mlir/lib/Dialect/Arith/IR/ArithDialect.cpp, 10813, 5436, 5377
6507, /home/yrong/devel/llvm/benchmark/llvm-project/mlir/lib/Dialect/Arith/IR/ArithOps.cpp, 14565, 8802, 5763
6508, /home/yrong/devel/llvm/benchmark/llvm-project/mlir/lib/Dialect/Arith/IR/InferIntRangeInterfaceImpls.cpp, 7102, 2323, 4779
6509, /home/yrong/devel/llvm/benchmark/llvm-project/mlir/lib/Dialect/Arith/IR/ValueBoundsOpInterfaceImpl.cpp, 7962, 2603, 5359
6510, /home/yrong/devel/llvm/benchmark/llvm-project/mlir/lib/Dialect/Arith/Transforms/BufferizableOpInterfaceImpl.cpp, 8872, 3450, 5422
6511, /home/yrong/devel/llvm/benchmark/llvm-project/mlir/lib/Dialect/Arith/Transforms/Bufferize.cpp, 9594, 3921, 5673
6512, /home/yrong/devel/llvm/benchmark/llvm-project/mlir/lib/Dialect/Arith/Transforms/EmulateNarrowType.cpp, 8826, 3363, 5463
6513, /home/yrong/devel/llvm/benchmark/llvm-project/mlir/lib/Dialect/Arith/Transforms/EmulateUnsupportedFloats.cpp, 9681, 4115, 5566
6514, /home/yrong/devel/llvm/benchmark/llvm-project/mlir/lib/Dialect/Arith/Transforms/EmulateWideInt.cpp, 11359, 5504, 5855
6515, /home/yrong/devel/llvm/benchmark/llvm-project/mlir/lib/Dialect/Arith/Transforms/ExpandOps.cpp, 9835, 4251, 5584
6516, /home/yrong/devel/llvm/benchmark/llvm-project/mlir/lib/Dialect/Arith/Transforms/IntNarrowing.cpp, 11217, 5016, 6201
6517, /home/yrong/devel/llvm/benchmark/llvm-project/mlir/lib/Dialect/Arith/Transforms/IntRangeOptimizations.cpp, 9033, 3320, 5713
6518, /home/yrong/devel/llvm/benchmark/llvm-project/mlir/lib/Dialect/Arith/Transforms/ReifyValueBounds.cpp, 9584, 3699, 5885
6519, /home/yrong/devel/llvm/benchmark/llvm-project/mlir/lib/Dialect/Arith/Transforms/UnsignedWhenEquivalent.cpp, 9559, 3743, 5816
6520, /home/yrong/devel/llvm/benchmark/llvm-project/mlir/lib/Dialect/Arith/Utils/Utils.cpp, 8197, 3107, 5090
6521, /home/yrong/devel/llvm/benchmark/llvm-project/mlir/lib/Dialect/ArmNeon/IR/ArmNeonDialect.cpp, 8715, 3482, 5233
6522, /home/yrong/devel/llvm/benchmark/llvm-project/mlir/lib/Dialect/ArmSME/IR/ArmSME.cpp, 12107, 6191, 5916
6523, /home/yrong/devel/llvm/benchmark/llvm-project/mlir/lib/Dialect/ArmSME/Transforms/ArmSMETypeConverter.cpp, 8112, 2846, 5266
6524, /home/yrong/devel/llvm/benchmark/llvm-project/mlir/lib/Dialect/ArmSME/Transforms/EnableArmStreaming.cpp, 8525, 3121, 5404
6525, /home/yrong/devel/llvm/benchmark/llvm-project/mlir/lib/Dialect/ArmSME/Transforms/LegalizeForLLVMExport.cpp, 11519, 5408, 6111
6526, /home/yrong/devel/llvm/benchmark/llvm-project/mlir/lib/Dialect/ArmSME/Transforms/TileAllocation.cpp, 9742, 4063, 5679
6527, /home/yrong/devel/llvm/benchmark/llvm-project/mlir/lib/Dialect/ArmSME/Utils/Utils.cpp, 8569, 3369, 5200
6528, /home/yrong/devel/llvm/benchmark/llvm-project/mlir/lib/Dialect/ArmSVE/IR/ArmSVEDialect.cpp, 10273, 4868, 5405
6529, /home/yrong/devel/llvm/benchmark/llvm-project/mlir/lib/Dialect/ArmSVE/Transforms/LegalizeForLLVMExport.cpp, 10432, 4616, 5816
6530, /home/yrong/devel/llvm/benchmark/llvm-project/mlir/lib/Dialect/Async/IR/Async.cpp, 11582, 5854, 5728
6531, /home/yrong/devel/llvm/benchmark/llvm-project/mlir/lib/Dialect/Async/Transforms/AsyncParallelFor.cpp, 10102, 4395, 5707
6532, /home/yrong/devel/llvm/benchmark/llvm-project/mlir/lib/Dialect/Async/Transforms/AsyncRuntimeRefCounting.cpp, 8936, 3446, 5490
6533, /home/yrong/devel/llvm/benchmark/llvm-project/mlir/lib/Dialect/Async/Transforms/AsyncRuntimeRefCountingOpt.cpp, 8579, 3145, 5434
6534, /home/yrong/devel/llvm/benchmark/llvm-project/mlir/lib/Dialect/Async/Transforms/AsyncToAsyncRuntime.cpp, 10489, 4685, 5804
6535, /home/yrong/devel/llvm/benchmark/llvm-project/mlir/lib/Dialect/Async/Transforms/PassDetail.cpp, 7452, 2384, 5068
6536, /home/yrong/devel/llvm/benchmark/llvm-project/mlir/lib/Dialect/Bufferization/IR/AllocationOpInterface.cpp, 5760, 1428, 4332
6537, /home/yrong/devel/llvm/benchmark/llvm-project/mlir/lib/Dialect/Bufferization/IR/BufferizableOpInterface.cpp, 9763, 4055, 5708
6538, /home/yrong/devel/llvm/benchmark/llvm-project/mlir/lib/Dialect/Bufferization/IR/BufferizationDialect.cpp, 10299, 4550, 5749
6539, /home/yrong/devel/llvm/benchmark/llvm-project/mlir/lib/Dialect/Bufferization/IR/BufferizationOps.cpp, 11200, 5341, 5859
6540, /home/yrong/devel/llvm/benchmark/llvm-project/mlir/lib/Dialect/Bufferization/TransformOps/BufferizationTransformOps.cpp, 12090, 5822, 6268
6541, /home/yrong/devel/llvm/benchmark/llvm-project/mlir/lib/Dialect/Bufferization/Transforms/BufferDeallocation.cpp, 10257, 4341, 5916
6542, /home/yrong/devel/llvm/benchmark/llvm-project/mlir/lib/Dialect/Bufferization/Transforms/BufferOptimizations.cpp, 9987, 4127, 5860
6543, /home/yrong/devel/llvm/benchmark/llvm-project/mlir/lib/Dialect/Bufferization/Transforms/BufferResultsToOutParams.cpp, 9610, 3912, 5698
6544, /home/yrong/devel/llvm/benchmark/llvm-project/mlir/lib/Dialect/Bufferization/Transforms/BufferUtils.cpp, 9131, 3521, 5610
6545, /home/yrong/devel/llvm/benchmark/llvm-project/mlir/lib/Dialect/Bufferization/Transforms/BufferViewFlowAnalysis.cpp, 7475, 2471, 5004
6546, /home/yrong/devel/llvm/benchmark/llvm-project/mlir/lib/Dialect/Bufferization/Transforms/Bufferize.cpp, 11450, 5337, 6113
6547, /home/yrong/devel/llvm/benchmark/llvm-project/mlir/lib/Dialect/Bufferization/Transforms/DropEquivalentBufferResults.cpp, 9465, 3776, 5689
6548, /home/yrong/devel/llvm/benchmark/llvm-project/mlir/lib/Dialect/Bufferization/Transforms/EmptyTensorElimination.cpp, 9440, 3782, 5658
6549, /home/yrong/devel/llvm/benchmark/llvm-project/mlir/lib/Dialect/Bufferization/Transforms/EmptyTensorToAllocTensor.cpp, 9117, 3625, 5492
6550, /home/yrong/devel/llvm/benchmark/llvm-project/mlir/lib/Dialect/Bufferization/Transforms/FuncBufferizableOpInterfaceImpl.cpp, 9347, 3688, 5659
6551, /home/yrong/devel/llvm/benchmark/llvm-project/mlir/lib/Dialect/Bufferization/Transforms/OneShotAnalysis.cpp, 10025, 3761, 6264
6552, /home/yrong/devel/llvm/benchmark/llvm-project/mlir/lib/Dialect/Bufferization/Transforms/OneShotModuleBufferize.cpp, 9528, 3775, 5753
6553, /home/yrong/devel/llvm/benchmark/llvm-project/mlir/lib/Dialect/Bufferization/Transforms/TensorCopyInsertion.cpp, 8874, 3392, 5482
6554, /home/yrong/devel/llvm/benchmark/llvm-project/mlir/lib/Dialect/Complex/IR/ComplexDialect.cpp, 9150, 4025, 5125
6555, /home/yrong/devel/llvm/benchmark/llvm-project/mlir/lib/Dialect/Complex/IR/ComplexOps.cpp, 9344, 4099, 5245
6556, /home/yrong/devel/llvm/benchmark/llvm-project/mlir/lib/Dialect/ControlFlow/IR/ControlFlowOps.cpp, 9620, 4126, 5494
6557, /home/yrong/devel/llvm/benchmark/llvm-project/mlir/lib/Dialect/DLTI/DLTI.cpp, 7357, 2390, 4967
6558, /home/yrong/devel/llvm/benchmark/llvm-project/mlir/lib/Dialect/DLTI/Traits.cpp, 5780, 1437, 4343
6559, /home/yrong/devel/llvm/benchmark/llvm-project/mlir/lib/Dialect/EmitC/IR/EmitC.cpp, 8972, 3749, 5223
6560, /home/yrong/devel/llvm/benchmark/llvm-project/mlir/lib/Dialect/Func/Extensions/AllExtensions.cpp, 0, 0, 0
6561, /home/yrong/devel/llvm/benchmark/llvm-project/mlir/lib/Dialect/Func/Extensions/InlinerExtension.cpp, 7360, 2418, 4942
6562, /home/yrong/devel/llvm/benchmark/llvm-project/mlir/lib/Dialect/Func/IR/FuncOps.cpp, 9266, 3802, 5464
6563, /home/yrong/devel/llvm/benchmark/llvm-project/mlir/lib/Dialect/Func/Transforms/DecomposeCallGraphTypes.cpp, 7871, 2790, 5081
6564, /home/yrong/devel/llvm/benchmark/llvm-project/mlir/lib/Dialect/Func/Transforms/DuplicateFunctionElimination.cpp, 7868, 2627, 5241
6565, /home/yrong/devel/llvm/benchmark/llvm-project/mlir/lib/Dialect/Func/Transforms/FuncBufferize.cpp, 9575, 3854, 5721
6566, /home/yrong/devel/llvm/benchmark/llvm-project/mlir/lib/Dialect/Func/Transforms/FuncConversions.cpp, 7794, 2723, 5071
6567, /home/yrong/devel/llvm/benchmark/llvm-project/mlir/lib/Dialect/Func/Transforms/OneToNFuncConversions.cpp, 7794, 2720, 5074
6568, /home/yrong/devel/llvm/benchmark/llvm-project/mlir/lib/Dialect/GPU/IR/GPUDialect.cpp, 18026, 11342, 6684
6569, /home/yrong/devel/llvm/benchmark/llvm-project/mlir/lib/Dialect/GPU/IR/InferIntRangeInterfaceImpls.cpp, 7593, 2602, 4991
6570, /home/yrong/devel/llvm/benchmark/llvm-project/mlir/lib/Dialect/GPU/TransformOps/GPUTransformOps.cpp, 12316, 6116, 6200
6571, /home/yrong/devel/llvm/benchmark/llvm-project/mlir/lib/Dialect/GPU/TransformOps/Utils.cpp, 10585, 4764, 5821
6572, /home/yrong/devel/llvm/benchmark/llvm-project/mlir/lib/Dialect/GPU/Transforms/AllReduceLowering.cpp, 10206, 4347, 5859
6573, /home/yrong/devel/llvm/benchmark/llvm-project/mlir/lib/Dialect/GPU/Transforms/AsyncRegionRewriter.cpp, 9108, 3652, 5456
6574, /home/yrong/devel/llvm/benchmark/llvm-project/mlir/lib/Dialect/GPU/Transforms/GlobalIdRewriter.cpp, 8671, 3320, 5351
6575, /home/yrong/devel/llvm/benchmark/llvm-project/mlir/lib/Dialect/GPU/Transforms/KernelOutlining.cpp, 10296, 4446, 5850
6576, /home/yrong/devel/llvm/benchmark/llvm-project/mlir/lib/Dialect/GPU/Transforms/MemoryPromotion.cpp, 9615, 3879, 5736
6577, /home/yrong/devel/llvm/benchmark/llvm-project/mlir/lib/Dialect/GPU/Transforms/ParallelLoopMapper.cpp, 9196, 3687, 5509
6578, /home/yrong/devel/llvm/benchmark/llvm-project/mlir/lib/Dialect/GPU/Transforms/SerializeToBlob.cpp, 9914, 3921, 5993
6579, /home/yrong/devel/llvm/benchmark/llvm-project/mlir/lib/Dialect/GPU/Transforms/SerializeToCubin.cpp, 8125, 2885, 5240
6580, /home/yrong/devel/llvm/benchmark/llvm-project/mlir/lib/Dialect/GPU/Transforms/SerializeToHsaco.cpp, 11522, 4930, 6592
6581, /home/yrong/devel/llvm/benchmark/llvm-project/mlir/lib/Dialect/GPU/Transforms/ShuffleRewriter.cpp, 8982, 3544, 5438
6582, /home/yrong/devel/llvm/benchmark/llvm-project/mlir/lib/Dialect/IRDL/IR/IRDL.cpp, 9706, 4292, 5414
6583, /home/yrong/devel/llvm/benchmark/llvm-project/mlir/lib/Dialect/IRDL/IR/IRDLOps.cpp, 7461, 2516, 4945
6584, /home/yrong/devel/llvm/benchmark/llvm-project/mlir/lib/Dialect/IRDL/IRDLLoading.cpp, 7954, 2830, 5124
6585, /home/yrong/devel/llvm/benchmark/llvm-project/mlir/lib/Dialect/IRDL/IRDLVerifiers.cpp, 6098, 1610, 4488
6586, /home/yrong/devel/llvm/benchmark/llvm-project/mlir/lib/Dialect/Index/IR/IndexAttrs.cpp, 6306, 1845, 4461
6587, /home/yrong/devel/llvm/benchmark/llvm-project/mlir/lib/Dialect/Index/IR/IndexDialect.cpp, 5518, 1251, 4267
6588, /home/yrong/devel/llvm/benchmark/llvm-project/mlir/lib/Dialect/Index/IR/IndexOps.cpp, 9995, 4751, 5244
6589, /home/yrong/devel/llvm/benchmark/llvm-project/mlir/lib/Dialect/Index/IR/InferIntRangeInterfaceImpls.cpp, 6849, 2159, 4690
6590, /home/yrong/devel/llvm/benchmark/llvm-project/mlir/lib/Dialect/LLVMIR/IR/FunctionCallUtils.cpp, 9602, 3914, 5688
6591, /home/yrong/devel/llvm/benchmark/llvm-project/mlir/lib/Dialect/LLVMIR/IR/LLVMAttrs.cpp, 14896, 8529, 6367
6592, /home/yrong/devel/llvm/benchmark/llvm-project/mlir/lib/Dialect/LLVMIR/IR/LLVMDialect.cpp, 38511, 28322, 10189
6593, /home/yrong/devel/llvm/benchmark/llvm-project/mlir/lib/Dialect/LLVMIR/IR/LLVMInlining.cpp, 10339, 4443, 5896
6594, /home/yrong/devel/llvm/benchmark/llvm-project/mlir/lib/Dialect/LLVMIR/IR/LLVMInterfaces.cpp, 9625, 3925, 5700
6595, /home/yrong/devel/llvm/benchmark/llvm-project/mlir/lib/Dialect/LLVMIR/IR/LLVMMemorySlot.cpp, 10392, 4462, 5930
6596, /home/yrong/devel/llvm/benchmark/llvm-project/mlir/lib/Dialect/LLVMIR/IR/LLVMTypeSyntax.cpp, 7753, 2627, 5126
6597, /home/yrong/devel/llvm/benchmark/llvm-project/mlir/lib/Dialect/LLVMIR/IR/LLVMTypes.cpp, 10680, 4724, 5956
6598, /home/yrong/devel/llvm/benchmark/llvm-project/mlir/lib/Dialect/LLVMIR/IR/NVVMDialect.cpp, 16527, 9902, 6625
6599, /home/yrong/devel/llvm/benchmark/llvm-project/mlir/lib/Dialect/LLVMIR/IR/ROCDLDialect.cpp, 15436, 8995, 6441
6600, /home/yrong/devel/llvm/benchmark/llvm-project/mlir/lib/Dialect/LLVMIR/Transforms/DIScopeForLLVMFuncOp.cpp, 10260, 4309, 5951
6601, /home/yrong/devel/llvm/benchmark/llvm-project/mlir/lib/Dialect/LLVMIR/Transforms/LegalizeForExport.cpp, 10147, 4210, 5937
6602, /home/yrong/devel/llvm/benchmark/llvm-project/mlir/lib/Dialect/LLVMIR/Transforms/OptimizeForNVVM.cpp, 10611, 4658, 5953
6603, /home/yrong/devel/llvm/benchmark/llvm-project/mlir/lib/Dialect/LLVMIR/Transforms/RequestCWrappers.cpp, 10061, 4153, 5908
6604, /home/yrong/devel/llvm/benchmark/llvm-project/mlir/lib/Dialect/LLVMIR/Transforms/TypeConsistency.cpp, 10669, 4659, 6010
6605, /home/yrong/devel/llvm/benchmark/llvm-project/mlir/lib/Dialect/Linalg/IR/LinalgDialect.cpp, 27875, 19604, 8271
6606, /home/yrong/devel/llvm/benchmark/llvm-project/mlir/lib/Dialect/Linalg/IR/LinalgInterfaces.cpp, 10839, 4882, 5957
6607, /home/yrong/devel/llvm/benchmark/llvm-project/mlir/lib/Dialect/Linalg/IR/LinalgOps.cpp, 23251, 16145, 7106
6608, /home/yrong/devel/llvm/benchmark/llvm-project/mlir/lib/Dialect/Linalg/IR/ValueBoundsOpInterfaceImpl.cpp, 10047, 4172, 5875
6609, /home/yrong/devel/llvm/benchmark/llvm-project/mlir/lib/Dialect/Linalg/TransformOps/DialectExtension.cpp, 16941, 9916, 7025
6610, /home/yrong/devel/llvm/benchmark/llvm-project/mlir/lib/Dialect/Linalg/TransformOps/GPUHeuristics.cpp, 7843, 2638, 5205
6611, /home/yrong/devel/llvm/benchmark/llvm-project/mlir/lib/Dialect/Linalg/TransformOps/LinalgMatchOps.cpp, 11305, 5490, 5815
6612, /home/yrong/devel/llvm/benchmark/llvm-project/mlir/lib/Dialect/Linalg/TransformOps/LinalgTransformOps.cpp, 19368, 11846, 7522
6613, /home/yrong/devel/llvm/benchmark/llvm-project/mlir/lib/Dialect/Linalg/TransformOps/Syntax.cpp, 6078, 1661, 4417
6614, /home/yrong/devel/llvm/benchmark/llvm-project/mlir/lib/Dialect/Linalg/Transforms/BubbleUpExtractSlice.cpp, 12262, 5970, 6292
6615, /home/yrong/devel/llvm/benchmark/llvm-project/mlir/lib/Dialect/Linalg/Transforms/BufferizableOpInterfaceImpl.cpp, 10789, 4955, 5834
6616, /home/yrong/devel/llvm/benchmark/llvm-project/mlir/lib/Dialect/Linalg/Transforms/Bufferize.cpp, 12770, 6346, 6424
6617, /home/yrong/devel/llvm/benchmark/llvm-project/mlir/lib/Dialect/Linalg/Transforms/ConstantFold.cpp, 11725, 5669, 6056
6618, /home/yrong/devel/llvm/benchmark/llvm-project/mlir/lib/Dialect/Linalg/Transforms/ConvertConv2DToImg2Col.cpp, 12182, 6117, 6065
6619, /home/yrong/devel/llvm/benchmark/llvm-project/mlir/lib/Dialect/Linalg/Transforms/ConvertToDestinationStyle.cpp, 11961, 5850, 6111
6620, /home/yrong/devel/llvm/benchmark/llvm-project/mlir/lib/Dialect/Linalg/Transforms/DataLayoutPropagation.cpp, 12814, 6409, 6405
6621, /home/yrong/devel/llvm/benchmark/llvm-project/mlir/lib/Dialect/Linalg/Transforms/DecomposeLinalgOps.cpp, 11735, 5706, 6029
6622, /home/yrong/devel/llvm/benchmark/llvm-project/mlir/lib/Dialect/Linalg/Transforms/Detensorize.cpp, 12936, 6360, 6576
6623, /home/yrong/devel/llvm/benchmark/llvm-project/mlir/lib/Dialect/Linalg/Transforms/DropUnitDims.cpp, 13081, 6603, 6478
6624, /home/yrong/devel/llvm/benchmark/llvm-project/mlir/lib/Dialect/Linalg/Transforms/ElementwiseOpFusion.cpp, 13911, 7319, 6592
6625, /home/yrong/devel/llvm/benchmark/llvm-project/mlir/lib/Dialect/Linalg/Transforms/ElementwiseToLinalg.cpp, 12242, 5947, 6295
6626, /home/yrong/devel/llvm/benchmark/llvm-project/mlir/lib/Dialect/Linalg/Transforms/EliminateEmptyTensors.cpp, 11487, 5446, 6041
6627, /home/yrong/devel/llvm/benchmark/llvm-project/mlir/lib/Dialect/Linalg/Transforms/EraseUnusedOperandsAndResults.cpp, 11676, 5570, 6106
6628, /home/yrong/devel/llvm/benchmark/llvm-project/mlir/lib/Dialect/Linalg/Transforms/FusePadOpWithLinalgProducer.cpp, 11351, 5368, 5983
6629, /home/yrong/devel/llvm/benchmark/llvm-project/mlir/lib/Dialect/Linalg/Transforms/Fusion.cpp, 12344, 6020, 6324
6630, /home/yrong/devel/llvm/benchmark/llvm-project/mlir/lib/Dialect/Linalg/Transforms/Generalization.cpp, 12265, 5915, 6350
6631, /home/yrong/devel/llvm/benchmark/llvm-project/mlir/lib/Dialect/Linalg/Transforms/HoistPadding.cpp, 12779, 6112, 6667
6632, /home/yrong/devel/llvm/benchmark/llvm-project/mlir/lib/Dialect/Linalg/Transforms/Hoisting.cpp, 12100, 5847, 6253
6633, /home/yrong/devel/llvm/benchmark/llvm-project/mlir/lib/Dialect/Linalg/Transforms/InlineScalarOperands.cpp, 12308, 5944, 6364
6634, /home/yrong/devel/llvm/benchmark/llvm-project/mlir/lib/Dialect/Linalg/Transforms/Interchange.cpp, 11958, 5714, 6244
6635, /home/yrong/devel/llvm/benchmark/llvm-project/mlir/lib/Dialect/Linalg/Transforms/Loops.cpp, 13061, 6569, 6492
6636, /home/yrong/devel/llvm/benchmark/llvm-project/mlir/lib/Dialect/Linalg/Transforms/NamedOpConversions.cpp, 12292, 5992, 6300
6637, /home/yrong/devel/llvm/benchmark/llvm-project/mlir/lib/Dialect/Linalg/Transforms/Padding.cpp, 12468, 5923, 6545
6638, /home/yrong/devel/llvm/benchmark/llvm-project/mlir/lib/Dialect/Linalg/Transforms/Promotion.cpp, 13882, 6865, 7017
6639, /home/yrong/devel/llvm/benchmark/llvm-project/mlir/lib/Dialect/Linalg/Transforms/Split.cpp, 11530, 5527, 6003
6640, /home/yrong/devel/llvm/benchmark/llvm-project/mlir/lib/Dialect/Linalg/Transforms/SplitReduction.cpp, 11809, 5739, 6070
6641, /home/yrong/devel/llvm/benchmark/llvm-project/mlir/lib/Dialect/Linalg/Transforms/SubsetHoisting.cpp, 9299, 3888, 5411
6642, /home/yrong/devel/llvm/benchmark/llvm-project/mlir/lib/Dialect/Linalg/Transforms/SwapExtractSliceWithFillPatterns.cpp, 11275, 5308, 5967
6643, /home/yrong/devel/llvm/benchmark/llvm-project/mlir/lib/Dialect/Linalg/Transforms/Tiling.cpp, 13174, 6629, 6545
6644, /home/yrong/devel/llvm/benchmark/llvm-project/mlir/lib/Dialect/Linalg/Transforms/TilingInterfaceImpl.cpp, 21475, 14813, 6662
6645, /home/yrong/devel/llvm/benchmark/llvm-project/mlir/lib/Dialect/Linalg/Transforms/Transforms.cpp, 14417, 7820, 6597
6646, /home/yrong/devel/llvm/benchmark/llvm-project/mlir/lib/Dialect/Linalg/Transforms/Vectorization.cpp, 13488, 7111, 6377
6647, /home/yrong/devel/llvm/benchmark/llvm-project/mlir/lib/Dialect/Linalg/Utils/Utils.cpp, 11903, 5564, 6339
6648, /home/yrong/devel/llvm/benchmark/llvm-project/mlir/lib/Dialect/MLProgram/IR/MLProgramDialect.cpp, 8405, 3254, 5151
6649, /home/yrong/devel/llvm/benchmark/llvm-project/mlir/lib/Dialect/MLProgram/IR/MLProgramOps.cpp, 8305, 3215, 5090
6650, /home/yrong/devel/llvm/benchmark/llvm-project/mlir/lib/Dialect/Math/IR/MathDialect.cpp, 9678, 4458, 5220
6651, /home/yrong/devel/llvm/benchmark/llvm-project/mlir/lib/Dialect/Math/IR/MathOps.cpp, 9694, 4483, 5211
6652, /home/yrong/devel/llvm/benchmark/llvm-project/mlir/lib/Dialect/Math/Transforms/AlgebraicSimplification.cpp, 9285, 3752, 5533
6653, /home/yrong/devel/llvm/benchmark/llvm-project/mlir/lib/Dialect/Math/Transforms/ExpandPatterns.cpp, 9952, 4313, 5639
6654, /home/yrong/devel/llvm/benchmark/llvm-project/mlir/lib/Dialect/Math/Transforms/PolynomialApproximation.cpp, 11348, 5569, 5779
6655, /home/yrong/devel/llvm/benchmark/llvm-project/mlir/lib/Dialect/Math/Transforms/UpliftToFMA.cpp, 8480, 3163, 5317
6656, /home/yrong/devel/llvm/benchmark/llvm-project/mlir/lib/Dialect/MemRef/IR/MemRefDialect.cpp, 10845, 5118, 5727
6657, /home/yrong/devel/llvm/benchmark/llvm-project/mlir/lib/Dialect/MemRef/IR/MemRefMemorySlot.cpp, 8690, 3290, 5400
6658, /home/yrong/devel/llvm/benchmark/llvm-project/mlir/lib/Dialect/MemRef/IR/MemRefOps.cpp, 13588, 7639, 5949
6659, /home/yrong/devel/llvm/benchmark/llvm-project/mlir/lib/Dialect/MemRef/IR/ValueBoundsOpInterfaceImpl.cpp, 9231, 3389, 5842
6660, /home/yrong/devel/llvm/benchmark/llvm-project/mlir/lib/Dialect/MemRef/TransformOps/MemRefTransformOps.cpp, 11831, 5639, 6192
6661, /home/yrong/devel/llvm/benchmark/llvm-project/mlir/lib/Dialect/MemRef/Transforms/BufferizableOpInterfaceImpl.cpp, 8556, 3220, 5336
6662, /home/yrong/devel/llvm/benchmark/llvm-project/mlir/lib/Dialect/MemRef/Transforms/ComposeSubView.cpp, 8815, 3436, 5379
6663, /home/yrong/devel/llvm/benchmark/llvm-project/mlir/lib/Dialect/MemRef/Transforms/EmulateNarrowType.cpp, 10585, 4698, 5887
6664, /home/yrong/devel/llvm/benchmark/llvm-project/mlir/lib/Dialect/MemRef/Transforms/EmulateWideInt.cpp, 10366, 4533, 5833
6665, /home/yrong/devel/llvm/benchmark/llvm-project/mlir/lib/Dialect/MemRef/Transforms/ExpandOps.cpp, 9640, 3952, 5688
6666, /home/yrong/devel/llvm/benchmark/llvm-project/mlir/lib/Dialect/MemRef/Transforms/ExpandStridedMetadata.cpp, 10039, 4327, 5712
6667, /home/yrong/devel/llvm/benchmark/llvm-project/mlir/lib/Dialect/MemRef/Transforms/ExtractAddressComputations.cpp, 9577, 4076, 5501
6668, /home/yrong/devel/llvm/benchmark/llvm-project/mlir/lib/Dialect/MemRef/Transforms/FoldMemRefAliasOps.cpp, 12053, 5922, 6131
6669, /home/yrong/devel/llvm/benchmark/llvm-project/mlir/lib/Dialect/MemRef/Transforms/IndependenceTransforms.cpp, 9498, 3631, 5867
6670, /home/yrong/devel/llvm/benchmark/llvm-project/mlir/lib/Dialect/MemRef/Transforms/MultiBuffer.cpp, 9404, 3771, 5633
6671, /home/yrong/devel/llvm/benchmark/llvm-project/mlir/lib/Dialect/MemRef/Transforms/NormalizeMemRefs.cpp, 9780, 3988, 5792
6672, /home/yrong/devel/llvm/benchmark/llvm-project/mlir/lib/Dialect/MemRef/Transforms/ResolveShapedTypeResultDims.cpp, 10053, 4304, 5749
6673, /home/yrong/devel/llvm/benchmark/llvm-project/mlir/lib/Dialect/MemRef/Transforms/RuntimeOpVerification.cpp, 8747, 3401, 5346
6674, /home/yrong/devel/llvm/benchmark/llvm-project/mlir/lib/Dialect/MemRef/Utils/MemRefUtils.cpp, 8657, 3305, 5352
6675, /home/yrong/devel/llvm/benchmark/llvm-project/mlir/lib/Dialect/NVGPU/IR/NVGPUDialect.cpp, 11213, 5563, 5650
6676, /home/yrong/devel/llvm/benchmark/llvm-project/mlir/lib/Dialect/NVGPU/TransformOps/NVGPUTransformOps.cpp, 13164, 6785, 6379
6677, /home/yrong/devel/llvm/benchmark/llvm-project/mlir/lib/Dialect/NVGPU/Transforms/CreateAsyncGroups.cpp, 9074, 3724, 5350
6678, /home/yrong/devel/llvm/benchmark/llvm-project/mlir/lib/Dialect/NVGPU/Transforms/MmaSyncTF32Transform.cpp, 9533, 3979, 5554
6679, /home/yrong/devel/llvm/benchmark/llvm-project/mlir/lib/Dialect/NVGPU/Transforms/OptimizeSharedMemory.cpp, 10229, 4409, 5820
6680, /home/yrong/devel/llvm/benchmark/llvm-project/mlir/lib/Dialect/NVGPU/Transforms/Utils.cpp, 9028, 3604, 5424
6681, /home/yrong/devel/llvm/benchmark/llvm-project/mlir/lib/Dialect/NVGPU/Utils/MMAUtils.cpp, 11277, 5284, 5993
6682, /home/yrong/devel/llvm/benchmark/llvm-project/mlir/lib/Dialect/OpenACC/IR/OpenACC.cpp, 21849, 14501, 7348
6683, /home/yrong/devel/llvm/benchmark/llvm-project/mlir/lib/Dialect/OpenMP/IR/OpenMPDialect.cpp, 19019, 11930, 7089
6684, /home/yrong/devel/llvm/benchmark/llvm-project/mlir/lib/Dialect/PDL/IR/PDL.cpp, 9794, 4486, 5308
6685, /home/yrong/devel/llvm/benchmark/llvm-project/mlir/lib/Dialect/PDL/IR/PDLTypes.cpp, 6328, 1854, 4474
6686, /home/yrong/devel/llvm/benchmark/llvm-project/mlir/lib/Dialect/PDLInterp/IR/PDLInterp.cpp, 12715, 6989, 5726
6687, /home/yrong/devel/llvm/benchmark/llvm-project/mlir/lib/Dialect/Quant/IR/QuantDialectBytecode.cpp, 6371, 1881, 4490
6688, /home/yrong/devel/llvm/benchmark/llvm-project/mlir/lib/Dialect/Quant/IR/QuantOps.cpp, 7871, 2769, 5102
6689, /home/yrong/devel/llvm/benchmark/llvm-project/mlir/lib/Dialect/Quant/IR/QuantTypes.cpp, 6101, 1673, 4428
6690, /home/yrong/devel/llvm/benchmark/llvm-project/mlir/lib/Dialect/Quant/IR/TypeParser.cpp, 6454, 1935, 4519
6691, /home/yrong/devel/llvm/benchmark/llvm-project/mlir/lib/Dialect/Quant/Utils/FakeQuantSupport.cpp, 5922, 1533, 4389
6692, /home/yrong/devel/llvm/benchmark/llvm-project/mlir/lib/Dialect/Quant/Utils/UniformSupport.cpp, 6002, 1527, 4475
6693, /home/yrong/devel/llvm/benchmark/llvm-project/mlir/lib/Dialect/SCF/IR/DeviceMappingInterface.cpp, 5731, 1408, 4323
6694, /home/yrong/devel/llvm/benchmark/llvm-project/mlir/lib/Dialect/SCF/IR/SCF.cpp, 14223, 7834, 6389
6695, /home/yrong/devel/llvm/benchmark/llvm-project/mlir/lib/Dialect/SCF/IR/ValueBoundsOpInterfaceImpl.cpp, 8714, 3096, 5618
6696, /home/yrong/devel/llvm/benchmark/llvm-project/mlir/lib/Dialect/SCF/TransformOps/SCFTransformOps.cpp, 11499, 5568, 5931
6697, /home/yrong/devel/llvm/benchmark/llvm-project/mlir/lib/Dialect/SCF/Transforms/BufferizableOpInterfaceImpl.cpp, 9915, 4232, 5683
6698, /home/yrong/devel/llvm/benchmark/llvm-project/mlir/lib/Dialect/SCF/Transforms/Bufferize.cpp, 9734, 4003, 5731
6699, /home/yrong/devel/llvm/benchmark/llvm-project/mlir/lib/Dialect/SCF/Transforms/ForToWhile.cpp, 8875, 3456, 5419
6700, /home/yrong/devel/llvm/benchmark/llvm-project/mlir/lib/Dialect/SCF/Transforms/LoopCanonicalization.cpp, 10268, 4464, 5804
6701, /home/yrong/devel/llvm/benchmark/llvm-project/mlir/lib/Dialect/SCF/Transforms/LoopPipelining.cpp, 8488, 3216, 5272
6702, /home/yrong/devel/llvm/benchmark/llvm-project/mlir/lib/Dialect/SCF/Transforms/LoopRangeFolding.cpp, 8783, 3352, 5431
6703, /home/yrong/devel/llvm/benchmark/llvm-project/mlir/lib/Dialect/SCF/Transforms/LoopSpecialization.cpp, 9622, 3990, 5632
6704, /home/yrong/devel/llvm/benchmark/llvm-project/mlir/lib/Dialect/SCF/Transforms/OneToNTypeConversion.cpp, 8282, 3113, 5169
6705, /home/yrong/devel/llvm/benchmark/llvm-project/mlir/lib/Dialect/SCF/Transforms/ParallelLoopCollapsing.cpp, 8904, 3431, 5473
6706, /home/yrong/devel/llvm/benchmark/llvm-project/mlir/lib/Dialect/SCF/Transforms/ParallelLoopFusion.cpp, 9442, 3732, 5710
6707, /home/yrong/devel/llvm/benchmark/llvm-project/mlir/lib/Dialect/SCF/Transforms/ParallelLoopTiling.cpp, 9395, 3910, 5485
6708, /home/yrong/devel/llvm/benchmark/llvm-project/mlir/lib/Dialect/SCF/Transforms/StructuralTypeConversions.cpp, 8421, 3247, 5174
6709, /home/yrong/devel/llvm/benchmark/llvm-project/mlir/lib/Dialect/SCF/Transforms/TileUsingInterface.cpp, 9730, 3944, 5786
6710, /home/yrong/devel/llvm/benchmark/llvm-project/mlir/lib/Dialect/SCF/Utils/AffineCanonicalizationUtils.cpp, 8539, 3259, 5280
6711, /home/yrong/devel/llvm/benchmark/llvm-project/mlir/lib/Dialect/SCF/Utils/Utils.cpp, 8898, 3499, 5399
6712, /home/yrong/devel/llvm/benchmark/llvm-project/mlir/lib/Dialect/SPIRV/IR/AtomicOps.cpp, 8895, 3769, 5126
6713, /home/yrong/devel/llvm/benchmark/llvm-project/mlir/lib/Dialect/SPIRV/IR/CastOps.cpp, 8755, 3625, 5130
6714, /home/yrong/devel/llvm/benchmark/llvm-project/mlir/lib/Dialect/SPIRV/IR/ControlFlowOps.cpp, 8876, 3729, 5147
6715, /home/yrong/devel/llvm/benchmark/llvm-project/mlir/lib/Dialect/SPIRV/IR/CooperativeMatrixOps.cpp, 8833, 3715, 5118
6716, /home/yrong/devel/llvm/benchmark/llvm-project/mlir/lib/Dialect/SPIRV/IR/GroupOps.cpp, 8872, 3679, 5193
6717, /home/yrong/devel/llvm/benchmark/llvm-project/mlir/lib/Dialect/SPIRV/IR/IntegerDotProductOps.cpp, 8753, 3606, 5147
6718, /home/yrong/devel/llvm/benchmark/llvm-project/mlir/lib/Dialect/SPIRV/IR/JointMatrixOps.cpp, 8601, 3504, 5097
6719, /home/yrong/devel/llvm/benchmark/llvm-project/mlir/lib/Dialect/SPIRV/IR/MemoryOps.cpp, 9146, 3940, 5206
6720, /home/yrong/devel/llvm/benchmark/llvm-project/mlir/lib/Dialect/SPIRV/IR/SPIRVAttributes.cpp, 9543, 4598, 4945
6721, /home/yrong/devel/llvm/benchmark/llvm-project/mlir/lib/Dialect/SPIRV/IR/SPIRVCanonicalization.cpp, 10642, 5288, 5354
6722, /home/yrong/devel/llvm/benchmark/llvm-project/mlir/lib/Dialect/SPIRV/IR/SPIRVDialect.cpp, 22698, 15427, 7271
6723, /home/yrong/devel/llvm/benchmark/llvm-project/mlir/lib/Dialect/SPIRV/IR/SPIRVEnums.cpp, 8954, 4783, 4171
6724, /home/yrong/devel/llvm/benchmark/llvm-project/mlir/lib/Dialect/SPIRV/IR/SPIRVGLCanonicalization.cpp, 10173, 4927, 5246
6725, /home/yrong/devel/llvm/benchmark/llvm-project/mlir/lib/Dialect/SPIRV/IR/SPIRVOpAvailability.cpp, 11266, 6160, 5106
6726, /home/yrong/devel/llvm/benchmark/llvm-project/mlir/lib/Dialect/SPIRV/IR/SPIRVOpDefinition.cpp, 21320, 14582, 6738
6727, /home/yrong/devel/llvm/benchmark/llvm-project/mlir/lib/Dialect/SPIRV/IR/SPIRVOps.cpp, 9984, 4557, 5427
6728, /home/yrong/devel/llvm/benchmark/llvm-project/mlir/lib/Dialect/SPIRV/IR/SPIRVParsingUtils.cpp, 6627, 2126, 4501
6729, /home/yrong/devel/llvm/benchmark/llvm-project/mlir/lib/Dialect/SPIRV/IR/SPIRVTypes.cpp, 6600, 2149, 4451
6730, /home/yrong/devel/llvm/benchmark/llvm-project/mlir/lib/Dialect/SPIRV/IR/TargetAndABI.cpp, 6920, 2198, 4722
6731, /home/yrong/devel/llvm/benchmark/llvm-project/mlir/lib/Dialect/SPIRV/Linking/ModuleCombiner/ModuleCombiner.cpp, 8772, 3587, 5185
6732, /home/yrong/devel/llvm/benchmark/llvm-project/mlir/lib/Dialect/SPIRV/Transforms/CanonicalizeGLPass.cpp, 9643, 4174, 5469
6733, /home/yrong/devel/llvm/benchmark/llvm-project/mlir/lib/Dialect/SPIRV/Transforms/DecorateCompositeTypeLayoutPass.cpp, 10208, 4611, 5597
6734, /home/yrong/devel/llvm/benchmark/llvm-project/mlir/lib/Dialect/SPIRV/Transforms/LowerABIAttributesPass.cpp, 10232, 4585, 5647
6735, /home/yrong/devel/llvm/benchmark/llvm-project/mlir/lib/Dialect/SPIRV/Transforms/RewriteInsertsPass.cpp, 9376, 3960, 5416
6736, /home/yrong/devel/llvm/benchmark/llvm-project/mlir/lib/Dialect/SPIRV/Transforms/SPIRVConversion.cpp, 10214, 4719, 5495
6737, /home/yrong/devel/llvm/benchmark/llvm-project/mlir/lib/Dialect/SPIRV/Transforms/SPIRVWebGPUTransforms.cpp, 9962, 4435, 5527
6738, /home/yrong/devel/llvm/benchmark/llvm-project/mlir/lib/Dialect/SPIRV/Transforms/UnifyAliasedResourcePass.cpp, 10617, 4854, 5763
6739, /home/yrong/devel/llvm/benchmark/llvm-project/mlir/lib/Dialect/SPIRV/Transforms/UpdateVCEPass.cpp, 9599, 4044, 5555
6740, /home/yrong/devel/llvm/benchmark/llvm-project/mlir/lib/Dialect/SPIRV/Utils/LayoutUtils.cpp, 8605, 3494, 5111
6741, /home/yrong/devel/llvm/benchmark/llvm-project/mlir/lib/Dialect/Shape/IR/Shape.cpp, 15759, 9326, 6433
6742, /home/yrong/devel/llvm/benchmark/llvm-project/mlir/lib/Dialect/Shape/Transforms/BufferizableOpInterfaceImpl.cpp, 8013, 2919, 5094
6743, /home/yrong/devel/llvm/benchmark/llvm-project/mlir/lib/Dialect/Shape/Transforms/Bufferize.cpp, 9795, 4052, 5743
6744, /home/yrong/devel/llvm/benchmark/llvm-project/mlir/lib/Dialect/Shape/Transforms/OutlineShapeComputation.cpp, 10117, 3992, 6125
6745, /home/yrong/devel/llvm/benchmark/llvm-project/mlir/lib/Dialect/Shape/Transforms/RemoveShapeConstraints.cpp, 8561, 3202, 5359
6746, /home/yrong/devel/llvm/benchmark/llvm-project/mlir/lib/Dialect/Shape/Transforms/ShapeToShapeLowering.cpp, 8899, 3453, 5446
6747, /home/yrong/devel/llvm/benchmark/llvm-project/mlir/lib/Dialect/SparseTensor/IR/Detail/DimLvlMap.cpp, 7094, 2346, 4748
6748, /home/yrong/devel/llvm/benchmark/llvm-project/mlir/lib/Dialect/SparseTensor/IR/Detail/DimLvlMapParser.cpp, 7251, 2483, 4768
6749, /home/yrong/devel/llvm/benchmark/llvm-project/mlir/lib/Dialect/SparseTensor/IR/Detail/LvlTypeParser.cpp, 6205, 1749, 4456
6750, /home/yrong/devel/llvm/benchmark/llvm-project/mlir/lib/Dialect/SparseTensor/IR/Detail/Var.cpp, 7128, 2375, 4753
6751, /home/yrong/devel/llvm/benchmark/llvm-project/mlir/lib/Dialect/SparseTensor/IR/SparseTensorDialect.cpp, 13744, 7792, 5952
6752, /home/yrong/devel/llvm/benchmark/llvm-project/mlir/lib/Dialect/SparseTensor/Pipelines/SparseTensorPipelines.cpp, 19404, 11607, 7797
6753, /home/yrong/devel/llvm/benchmark/llvm-project/mlir/lib/Dialect/SparseTensor/TransformOps/SparseTensorTransformOps.cpp, 8385, 3191, 5194
6754, /home/yrong/devel/llvm/benchmark/llvm-project/mlir/lib/Dialect/SparseTensor/Transforms/BufferizableOpInterfaceImpl.cpp, 7963, 2918, 5045
6755, /home/yrong/devel/llvm/benchmark/llvm-project/mlir/lib/Dialect/SparseTensor/Transforms/CodegenEnv.cpp, 13664, 6845, 6819
6756, /home/yrong/devel/llvm/benchmark/llvm-project/mlir/lib/Dialect/SparseTensor/Transforms/CodegenUtils.cpp, 14589, 7619, 6970
6757, /home/yrong/devel/llvm/benchmark/llvm-project/mlir/lib/Dialect/SparseTensor/Transforms/LoopEmitter.cpp, 14444, 7540, 6904
6758, /home/yrong/devel/llvm/benchmark/llvm-project/mlir/lib/Dialect/SparseTensor/Transforms/SparseBufferRewriting.cpp, 14401, 7482, 6919
6759, /home/yrong/devel/llvm/benchmark/llvm-project/mlir/lib/Dialect/SparseTensor/Transforms/SparseGPUCodegen.cpp, 14837, 7828, 7009
6760, /home/yrong/devel/llvm/benchmark/llvm-project/mlir/lib/Dialect/SparseTensor/Transforms/SparseStorageSpecifierToLLVM.cpp, 11583, 5358, 6225
6761, /home/yrong/devel/llvm/benchmark/llvm-project/mlir/lib/Dialect/SparseTensor/Transforms/SparseTensorCodegen.cpp, 15494, 8387, 7107
6762, /home/yrong/devel/llvm/benchmark/llvm-project/mlir/lib/Dialect/SparseTensor/Transforms/SparseTensorConversion.cpp, 14979, 7963, 7016
6763, /home/yrong/devel/llvm/benchmark/llvm-project/mlir/lib/Dialect/SparseTensor/Transforms/SparseTensorDescriptor.cpp, 11910, 5595, 6315
6764, /home/yrong/devel/llvm/benchmark/llvm-project/mlir/lib/Dialect/SparseTensor/Transforms/SparseTensorPasses.cpp, 16463, 9308, 7155
6765, /home/yrong/devel/llvm/benchmark/llvm-project/mlir/lib/Dialect/SparseTensor/Transforms/SparseTensorRewriting.cpp, 15414, 8298, 7116
6766, /home/yrong/devel/llvm/benchmark/llvm-project/mlir/lib/Dialect/SparseTensor/Transforms/SparseVectorization.cpp, 15055, 8045, 7010
6767, /home/yrong/devel/llvm/benchmark/llvm-project/mlir/lib/Dialect/SparseTensor/Transforms/Sparsification.cpp, 14797, 7761, 7036
6768, /home/yrong/devel/llvm/benchmark/llvm-project/mlir/lib/Dialect/SparseTensor/Transforms/SparsificationAndBufferizationPass.cpp, 12490, 6074, 6416
6769, /home/yrong/devel/llvm/benchmark/llvm-project/mlir/lib/Dialect/SparseTensor/Utils/Merger.cpp, 10723, 4978, 5745
6770, /home/yrong/devel/llvm/benchmark/llvm-project/mlir/lib/Dialect/Tensor/IR/TensorDialect.cpp, 10561, 5008, 5553
6771, /home/yrong/devel/llvm/benchmark/llvm-project/mlir/lib/Dialect/Tensor/IR/TensorInferTypeOpInterfaceImpl.cpp, 8722, 3463, 5259
6772, /home/yrong/devel/llvm/benchmark/llvm-project/mlir/lib/Dialect/Tensor/IR/TensorOps.cpp, 14325, 8364, 5961
6773, /home/yrong/devel/llvm/benchmark/llvm-project/mlir/lib/Dialect/Tensor/IR/TensorTilingInterfaceImpl.cpp, 10999, 4872, 6127
6774, /home/yrong/devel/llvm/benchmark/llvm-project/mlir/lib/Dialect/Tensor/IR/ValueBoundsOpInterfaceImpl.cpp, 8653, 3103, 5550
6775, /home/yrong/devel/llvm/benchmark/llvm-project/mlir/lib/Dialect/Tensor/TransformOps/TensorTransformOps.cpp, 10322, 4645, 5677
6776, /home/yrong/devel/llvm/benchmark/llvm-project/mlir/lib/Dialect/Tensor/Transforms/BufferizableOpInterfaceImpl.cpp, 11422, 5431, 5991
6777, /home/yrong/devel/llvm/benchmark/llvm-project/mlir/lib/Dialect/Tensor/Transforms/Bufferize.cpp, 10215, 4342, 5873
6778, /home/yrong/devel/llvm/benchmark/llvm-project/mlir/lib/Dialect/Tensor/Transforms/EmptyOpPatterns.cpp, 7978, 2901, 5077
6779, /home/yrong/devel/llvm/benchmark/llvm-project/mlir/lib/Dialect/Tensor/Transforms/ExtractSliceFromReshapeUtils.cpp, 8653, 3407, 5246
6780, /home/yrong/devel/llvm/benchmark/llvm-project/mlir/lib/Dialect/Tensor/Transforms/FoldIntoPackAndUnpackPatterns.cpp, 7952, 2882, 5070
6781, /home/yrong/devel/llvm/benchmark/llvm-project/mlir/lib/Dialect/Tensor/Transforms/FoldTensorSubsetOps.cpp, 10070, 4452, 5618
6782, /home/yrong/devel/llvm/benchmark/llvm-project/mlir/lib/Dialect/Tensor/Transforms/IndependenceTransforms.cpp, 9208, 3518, 5690
6783, /home/yrong/devel/llvm/benchmark/llvm-project/mlir/lib/Dialect/Tensor/Transforms/MergeConsecutiveInsertExtractSlicePatterns.cpp, 8038, 2957, 5081
6784, /home/yrong/devel/llvm/benchmark/llvm-project/mlir/lib/Dialect/Tensor/Transforms/ReshapePatterns.cpp, 7985, 2910, 5075
6785, /home/yrong/devel/llvm/benchmark/llvm-project/mlir/lib/Dialect/Tensor/Transforms/RewriteAsConstant.cpp, 7919, 2842, 5077
6786, /home/yrong/devel/llvm/benchmark/llvm-project/mlir/lib/Dialect/Tensor/Transforms/SwapExtractSliceWithProducerPatterns.cpp, 8208, 3044, 5164
6787, /home/yrong/devel/llvm/benchmark/llvm-project/mlir/lib/Dialect/Tensor/Utils/Utils.cpp, 9254, 3552, 5702
6788, /home/yrong/devel/llvm/benchmark/llvm-project/mlir/lib/Dialect/Tosa/IR/TosaCanonicalizations.cpp, 9603, 4212, 5391
6789, /home/yrong/devel/llvm/benchmark/llvm-project/mlir/lib/Dialect/Tosa/IR/TosaOps.cpp, 16568, 10169, 6399
6790, /home/yrong/devel/llvm/benchmark/llvm-project/mlir/lib/Dialect/Tosa/Transforms/TosaDecomposeConv2D.cpp, 9409, 3866, 5543
6791, /home/yrong/devel/llvm/benchmark/llvm-project/mlir/lib/Dialect/Tosa/Transforms/TosaDecomposeDepthwise.cpp, 9439, 3894, 5545
6792, /home/yrong/devel/llvm/benchmark/llvm-project/mlir/lib/Dialect/Tosa/Transforms/TosaDecomposeTransposeConv.cpp, 9707, 4136, 5571
6793, /home/yrong/devel/llvm/benchmark/llvm-project/mlir/lib/Dialect/Tosa/Transforms/TosaFolders.cpp, 9476, 3951, 5525
6794, /home/yrong/devel/llvm/benchmark/llvm-project/mlir/lib/Dialect/Tosa/Transforms/TosaInferShapes.cpp, 9728, 4044, 5684
6795, /home/yrong/devel/llvm/benchmark/llvm-project/mlir/lib/Dialect/Tosa/Transforms/TosaLayerwiseConstantFoldPass.cpp, 9086, 3573, 5513
6796, /home/yrong/devel/llvm/benchmark/llvm-project/mlir/lib/Dialect/Tosa/Transforms/TosaMakeBroadcastable.cpp, 10398, 4639, 5759
6797, /home/yrong/devel/llvm/benchmark/llvm-project/mlir/lib/Dialect/Tosa/Transforms/TosaOptionalDecompositions.cpp, 9085, 3573, 5512
6798, /home/yrong/devel/llvm/benchmark/llvm-project/mlir/lib/Dialect/Tosa/Transforms/TosaValidation.cpp, 10150, 4437, 5713
6799, /home/yrong/devel/llvm/benchmark/llvm-project/mlir/lib/Dialect/Tosa/Utils/ConversionUtils.cpp, 8644, 3390, 5254
6800, /home/yrong/devel/llvm/benchmark/llvm-project/mlir/lib/Dialect/Tosa/Utils/QuantUtils.cpp, 7176, 2358, 4818
6801, /home/yrong/devel/llvm/benchmark/llvm-project/mlir/lib/Dialect/Traits.cpp, 6032, 1611, 4421
6802, /home/yrong/devel/llvm/benchmark/llvm-project/mlir/lib/Dialect/Transform/IR/MatchInterfaces.cpp, 7570, 2568, 5002
6803, /home/yrong/devel/llvm/benchmark/llvm-project/mlir/lib/Dialect/Transform/IR/TransformAttrs.cpp, 5063, 1015, 4048
6804, /home/yrong/devel/llvm/benchmark/llvm-project/mlir/lib/Dialect/Transform/IR/TransformDialect.cpp, 11063, 4945, 6118
6805, /home/yrong/devel/llvm/benchmark/llvm-project/mlir/lib/Dialect/Transform/IR/TransformInterfaces.cpp, 9143, 3596, 5547
6806, /home/yrong/devel/llvm/benchmark/llvm-project/mlir/lib/Dialect/Transform/IR/TransformOps.cpp, 12397, 6197, 6200
6807, /home/yrong/devel/llvm/benchmark/llvm-project/mlir/lib/Dialect/Transform/IR/TransformTypes.cpp, 8114, 2992, 5122
6808, /home/yrong/devel/llvm/benchmark/llvm-project/mlir/lib/Dialect/Transform/PDLExtension/PDLExtension.cpp, 8584, 3259, 5325
6809, /home/yrong/devel/llvm/benchmark/llvm-project/mlir/lib/Dialect/Transform/PDLExtension/PDLExtensionOps.cpp, 8324, 3157, 5167
6810, /home/yrong/devel/llvm/benchmark/llvm-project/mlir/lib/Dialect/Transform/Transforms/CheckUses.cpp, 8387, 3027, 5360
6811, /home/yrong/devel/llvm/benchmark/llvm-project/mlir/lib/Dialect/Transform/Transforms/InferEffects.cpp, 8335, 2951, 5384
6812, /home/yrong/devel/llvm/benchmark/llvm-project/mlir/lib/Dialect/Transform/Transforms/TransformInterpreterPassBase.cpp, 9297, 3408, 5889
6813, /home/yrong/devel/llvm/benchmark/llvm-project/mlir/lib/Dialect/Transform/Utils/DiagnosedSilenceableFailure.cpp, 5621, 1334, 4287
6814, /home/yrong/devel/llvm/benchmark/llvm-project/mlir/lib/Dialect/Transform/Utils/Utils.cpp, 7297, 2392, 4905
6815, /home/yrong/devel/llvm/benchmark/llvm-project/mlir/lib/Dialect/UB/IR/UBOps.cpp, 6592, 2030, 4562
6816, /home/yrong/devel/llvm/benchmark/llvm-project/mlir/lib/Dialect/Utils/IndexingUtils.cpp, 6090, 1608, 4482
6817, /home/yrong/devel/llvm/benchmark/llvm-project/mlir/lib/Dialect/Utils/ReshapeOpsUtils.cpp, 7799, 2729, 5070
6818, /home/yrong/devel/llvm/benchmark/llvm-project/mlir/lib/Dialect/Utils/StaticValueUtils.cpp, 7866, 2803, 5063
6819, /home/yrong/devel/llvm/benchmark/llvm-project/mlir/lib/Dialect/Utils/StructuredOpsUtils.cpp, 6008, 1584, 4424
6820, /home/yrong/devel/llvm/benchmark/llvm-project/mlir/lib/Dialect/Vector/IR/VectorOps.cpp, 19942, 13021, 6921
6821, /home/yrong/devel/llvm/benchmark/llvm-project/mlir/lib/Dialect/Vector/Interfaces/MaskableOpInterface.cpp, 5859, 1497, 4362
6822, /home/yrong/devel/llvm/benchmark/llvm-project/mlir/lib/Dialect/Vector/Interfaces/MaskingOpInterface.cpp, 5859, 1497, 4362
6823, /home/yrong/devel/llvm/benchmark/llvm-project/mlir/lib/Dialect/Vector/TransformOps/VectorTransformOps.cpp, 13110, 6642, 6468
6824, /home/yrong/devel/llvm/benchmark/llvm-project/mlir/lib/Dialect/Vector/Transforms/BufferizableOpInterfaceImpl.cpp, 8570, 3327, 5243
6825, /home/yrong/devel/llvm/benchmark/llvm-project/mlir/lib/Dialect/Vector/Transforms/Bufferize.cpp, 10462, 4582, 5880
6826, /home/yrong/devel/llvm/benchmark/llvm-project/mlir/lib/Dialect/Vector/Transforms/LowerVectorBroadcast.cpp, 11023, 5170, 5853
6827, /home/yrong/devel/llvm/benchmark/llvm-project/mlir/lib/Dialect/Vector/Transforms/LowerVectorContract.cpp, 11876, 5933, 5943
6828, /home/yrong/devel/llvm/benchmark/llvm-project/mlir/lib/Dialect/Vector/Transforms/LowerVectorGather.cpp, 11097, 5234, 5863
6829, /home/yrong/devel/llvm/benchmark/llvm-project/mlir/lib/Dialect/Vector/Transforms/LowerVectorMask.cpp, 9546, 3967, 5579
6830, /home/yrong/devel/llvm/benchmark/llvm-project/mlir/lib/Dialect/Vector/Transforms/LowerVectorMultiReduction.cpp, 8847, 3608, 5239
6831, /home/yrong/devel/llvm/benchmark/llvm-project/mlir/lib/Dialect/Vector/Transforms/LowerVectorScan.cpp, 11183, 5306, 5877
6832, /home/yrong/devel/llvm/benchmark/llvm-project/mlir/lib/Dialect/Vector/Transforms/LowerVectorShapeCast.cpp, 11095, 5231, 5864
6833, /home/yrong/devel/llvm/benchmark/llvm-project/mlir/lib/Dialect/Vector/Transforms/LowerVectorTransfer.cpp, 10151, 4580, 5571
6834, /home/yrong/devel/llvm/benchmark/llvm-project/mlir/lib/Dialect/Vector/Transforms/LowerVectorTranspose.cpp, 11172, 5301, 5871
6835, /home/yrong/devel/llvm/benchmark/llvm-project/mlir/lib/Dialect/Vector/Transforms/VectorDistribute.cpp, 10794, 5032, 5762
6836, /home/yrong/devel/llvm/benchmark/llvm-project/mlir/lib/Dialect/Vector/Transforms/VectorDropLeadUnitDim.cpp, 8654, 3452, 5202
6837, /home/yrong/devel/llvm/benchmark/llvm-project/mlir/lib/Dialect/Vector/Transforms/VectorEmulateNarrowType.cpp, 9539, 4001, 5538
6838, /home/yrong/devel/llvm/benchmark/llvm-project/mlir/lib/Dialect/Vector/Transforms/VectorInsertExtractStridedSliceRewritePatterns.cpp, 9377, 3910, 5467
6839, /home/yrong/devel/llvm/benchmark/llvm-project/mlir/lib/Dialect/Vector/Transforms/VectorTransferOpTransforms.cpp, 10269, 4652, 5617
6840, /home/yrong/devel/llvm/benchmark/llvm-project/mlir/lib/Dialect/Vector/Transforms/VectorTransferSplitRewritePatterns.cpp, 11312, 5263, 6049
6841, /home/yrong/devel/llvm/benchmark/llvm-project/mlir/lib/Dialect/Vector/Transforms/VectorTransforms.cpp, 12655, 6490, 6165
6842, /home/yrong/devel/llvm/benchmark/llvm-project/mlir/lib/Dialect/Vector/Transforms/VectorUnroll.cpp, 9294, 3921, 5373
6843, /home/yrong/devel/llvm/benchmark/llvm-project/mlir/lib/Dialect/Vector/Utils/VectorUtils.cpp, 9789, 4155, 5634
6844, /home/yrong/devel/llvm/benchmark/llvm-project/mlir/lib/Dialect/X86Vector/IR/X86VectorDialect.cpp, 9793, 4407, 5386
6845, /home/yrong/devel/llvm/benchmark/llvm-project/mlir/lib/Dialect/X86Vector/Transforms/AVXTranspose.cpp, 10848, 4846, 6002
6846, /home/yrong/devel/llvm/benchmark/llvm-project/mlir/lib/Dialect/X86Vector/Transforms/LegalizeForLLVMExport.cpp, 10467, 4596, 5871
6847, /home/yrong/devel/llvm/benchmark/llvm-project/mlir/lib/ExecutionEngine/AsyncRuntime.cpp, 4104, 525, 3579
6848, /home/yrong/devel/llvm/benchmark/llvm-project/mlir/lib/ExecutionEngine/CRunnerUtils.cpp, 2361, 125, 2236
6849, /home/yrong/devel/llvm/benchmark/llvm-project/mlir/lib/ExecutionEngine/ExecutionEngine.cpp, 15897, 7934, 7963
6850, /home/yrong/devel/llvm/benchmark/llvm-project/mlir/lib/ExecutionEngine/Float16bits.cpp, 1272, 105, 1167
6851, /home/yrong/devel/llvm/benchmark/llvm-project/mlir/lib/ExecutionEngine/JitRunner.cpp, 15962, 7857, 8105
6852, /home/yrong/devel/llvm/benchmark/llvm-project/mlir/lib/ExecutionEngine/OptUtils.cpp, 9916, 3892, 6024
6853, /home/yrong/devel/llvm/benchmark/llvm-project/mlir/lib/ExecutionEngine/RunnerUtils.cpp, 2251, 183, 2068
6854, /home/yrong/devel/llvm/benchmark/llvm-project/mlir/lib/ExecutionEngine/SparseTensor/File.cpp, 3219, 208, 3011
6855, /home/yrong/devel/llvm/benchmark/llvm-project/mlir/lib/ExecutionEngine/SparseTensor/NNZ.cpp, 2990, 213, 2777
6856, /home/yrong/devel/llvm/benchmark/llvm-project/mlir/lib/ExecutionEngine/SparseTensor/PermutationRef.cpp, 598, 24, 574
6857, /home/yrong/devel/llvm/benchmark/llvm-project/mlir/lib/ExecutionEngine/SparseTensor/Storage.cpp, 3075, 210, 2865
6858, /home/yrong/devel/llvm/benchmark/llvm-project/mlir/lib/ExecutionEngine/SparseTensorRuntime.cpp, 13002, 4153, 8849
6859, /home/yrong/devel/llvm/benchmark/llvm-project/mlir/lib/IR/AffineExpr.cpp, 3716, 686, 3030
6860, /home/yrong/devel/llvm/benchmark/llvm-project/mlir/lib/IR/AffineMap.cpp, 5470, 1191, 4279
6861, /home/yrong/devel/llvm/benchmark/llvm-project/mlir/lib/IR/AsmPrinter.cpp, 8610, 3060, 5550
6862, /home/yrong/devel/llvm/benchmark/llvm-project/mlir/lib/IR/AttrTypeSubElements.cpp, 5845, 1512, 4333
6863, /home/yrong/devel/llvm/benchmark/llvm-project/mlir/lib/IR/Attributes.cpp, 5525, 1254, 4271
6864, /home/yrong/devel/llvm/benchmark/llvm-project/mlir/lib/IR/Block.cpp, 5871, 1503, 4368
6865, /home/yrong/devel/llvm/benchmark/llvm-project/mlir/lib/IR/Builders.cpp, 6598, 1975, 4623
6866, /home/yrong/devel/llvm/benchmark/llvm-project/mlir/lib/IR/BuiltinAttributeInterfaces.cpp, 4873, 883, 3990
6867, /home/yrong/devel/llvm/benchmark/llvm-project/mlir/lib/IR/BuiltinAttributes.cpp, 11673, 6092, 5581
6868, /home/yrong/devel/llvm/benchmark/llvm-project/mlir/lib/IR/BuiltinDialect.cpp, 8053, 2947, 5106
6869, /home/yrong/devel/llvm/benchmark/llvm-project/mlir/lib/IR/BuiltinDialectBytecode.cpp, 7337, 2408, 4929
6870, /home/yrong/devel/llvm/benchmark/llvm-project/mlir/lib/IR/BuiltinTypeInterfaces.cpp, 4852, 869, 3983
6871, /home/yrong/devel/llvm/benchmark/llvm-project/mlir/lib/IR/BuiltinTypes.cpp, 7407, 2544, 4863
6872, /home/yrong/devel/llvm/benchmark/llvm-project/mlir/lib/IR/Diagnostics.cpp, 6425, 1834, 4591
6873, /home/yrong/devel/llvm/benchmark/llvm-project/mlir/lib/IR/Dialect.cpp, 6658, 2019, 4639
6874, /home/yrong/devel/llvm/benchmark/llvm-project/mlir/lib/IR/DialectResourceBlobManager.cpp, 6652, 1917, 4735
6875, /home/yrong/devel/llvm/benchmark/llvm-project/mlir/lib/IR/Dominance.cpp, 7602, 1932, 5670
6876, /home/yrong/devel/llvm/benchmark/llvm-project/mlir/lib/IR/ExtensibleDialect.cpp, 6713, 2054, 4659
6877, /home/yrong/devel/llvm/benchmark/llvm-project/mlir/lib/IR/FunctionImplementation.cpp, 6578, 1885, 4693
6878, /home/yrong/devel/llvm/benchmark/llvm-project/mlir/lib/IR/FunctionInterfaces.cpp, 6419, 1751, 4668
6879, /home/yrong/devel/llvm/benchmark/llvm-project/mlir/lib/IR/IntegerSet.cpp, 2984, 269, 2715
6880, /home/yrong/devel/llvm/benchmark/llvm-project/mlir/lib/IR/Location.cpp, 5917, 1545, 4372
6881, /home/yrong/devel/llvm/benchmark/llvm-project/mlir/lib/IR/MLIRContext.cpp, 8110, 2633, 5477
6882, /home/yrong/devel/llvm/benchmark/llvm-project/mlir/lib/IR/ODSSupport.cpp, 5169, 1079, 4090
6883, /home/yrong/devel/llvm/benchmark/llvm-project/mlir/lib/IR/Operation.cpp, 8017, 2824, 5193
6884, /home/yrong/devel/llvm/benchmark/llvm-project/mlir/lib/IR/OperationSupport.cpp, 6442, 1916, 4526
6885, /home/yrong/devel/llvm/benchmark/llvm-project/mlir/lib/IR/PatternMatch.cpp, 7486, 2506, 4980
6886, /home/yrong/devel/llvm/benchmark/llvm-project/mlir/lib/IR/Region.cpp, 5774, 1421, 4353
6887, /home/yrong/devel/llvm/benchmark/llvm-project/mlir/lib/IR/RegionKindInterface.cpp, 5737, 1411, 4326
6888, /home/yrong/devel/llvm/benchmark/llvm-project/mlir/lib/IR/SymbolTable.cpp, 7106, 2266, 4840
6889, /home/yrong/devel/llvm/benchmark/llvm-project/mlir/lib/IR/TensorEncoding.cpp, 5731, 1408, 4323
6890, /home/yrong/devel/llvm/benchmark/llvm-project/mlir/lib/IR/TypeRange.cpp, 5613, 1328, 4285
6891, /home/yrong/devel/llvm/benchmark/llvm-project/mlir/lib/IR/TypeUtilities.cpp, 5905, 1515, 4390
6892, /home/yrong/devel/llvm/benchmark/llvm-project/mlir/lib/IR/Types.cpp, 5649, 1340, 4309
6893, /home/yrong/devel/llvm/benchmark/llvm-project/mlir/lib/IR/Unit.cpp, 5611, 1332, 4279
6894, /home/yrong/devel/llvm/benchmark/llvm-project/mlir/lib/IR/Value.cpp, 5801, 1445, 4356
6895, /home/yrong/devel/llvm/benchmark/llvm-project/mlir/lib/IR/ValueRange.cpp, 5094, 1018, 4076
6896, /home/yrong/devel/llvm/benchmark/llvm-project/mlir/lib/IR/Verifier.cpp, 7043, 1838, 5205
6897, /home/yrong/devel/llvm/benchmark/llvm-project/mlir/lib/IR/Visitors.cpp, 5595, 1324, 4271
6898, /home/yrong/devel/llvm/benchmark/llvm-project/mlir/lib/Interfaces/CallInterfaces.cpp, 5997, 1503, 4494
6899, /home/yrong/devel/llvm/benchmark/llvm-project/mlir/lib/Interfaces/CastInterfaces.cpp, 7048, 2222, 4826
6900, /home/yrong/devel/llvm/benchmark/llvm-project/mlir/lib/Interfaces/ControlFlowInterfaces.cpp, 6199, 1756, 4443
6901, /home/yrong/devel/llvm/benchmark/llvm-project/mlir/lib/Interfaces/CopyOpInterface.cpp, 5731, 1408, 4323
6902, /home/yrong/devel/llvm/benchmark/llvm-project/mlir/lib/Interfaces/DataLayoutInterfaces.cpp, 7314, 2377, 4937
6903, /home/yrong/devel/llvm/benchmark/llvm-project/mlir/lib/Interfaces/DerivedAttributeOpInterface.cpp, 5731, 1408, 4323
6904, /home/yrong/devel/llvm/benchmark/llvm-project/mlir/lib/Interfaces/DestinationStyleOpInterface.cpp, 6025, 1575, 4450
6905, /home/yrong/devel/llvm/benchmark/llvm-project/mlir/lib/Interfaces/InferIntRangeInterface.cpp, 5883, 1519, 4364
6906, /home/yrong/devel/llvm/benchmark/llvm-project/mlir/lib/Interfaces/InferTypeOpInterface.cpp, 6163, 1694, 4469
6907, /home/yrong/devel/llvm/benchmark/llvm-project/mlir/lib/Interfaces/LoopLikeInterface.cpp, 6324, 1680, 4644
6908, /home/yrong/devel/llvm/benchmark/llvm-project/mlir/lib/Interfaces/MemorySlotInterfaces.cpp, 7454, 2405, 5049
6909, /home/yrong/devel/llvm/benchmark/llvm-project/mlir/lib/Interfaces/ParallelCombiningOpInterface.cpp, 5735, 1412, 4323
6910, /home/yrong/devel/llvm/benchmark/llvm-project/mlir/lib/Interfaces/RuntimeVerifiableOpInterface.cpp, 5731, 1408, 4323
6911, /home/yrong/devel/llvm/benchmark/llvm-project/mlir/lib/Interfaces/ShapedOpInterfaces.cpp, 5737, 1414, 4323
6912, /home/yrong/devel/llvm/benchmark/llvm-project/mlir/lib/Interfaces/SideEffectInterfaces.cpp, 6173, 1615, 4558
6913, /home/yrong/devel/llvm/benchmark/llvm-project/mlir/lib/Interfaces/TilingInterface.cpp, 7337, 2433, 4904
6914, /home/yrong/devel/llvm/benchmark/llvm-project/mlir/lib/Interfaces/Utils/InferIntRangeCommon.cpp, 5847, 1517, 4330
6915, /home/yrong/devel/llvm/benchmark/llvm-project/mlir/lib/Interfaces/ValueBoundsOpInterface.cpp, 7020, 1939, 5081
6916, /home/yrong/devel/llvm/benchmark/llvm-project/mlir/lib/Interfaces/VectorInterfaces.cpp, 5880, 1512, 4368
6917, /home/yrong/devel/llvm/benchmark/llvm-project/mlir/lib/Interfaces/ViewLikeInterface.cpp, 7413, 2491, 4922
6918, /home/yrong/devel/llvm/benchmark/llvm-project/mlir/lib/Parser/Parser.cpp, 6298, 1708, 4590
6919, /home/yrong/devel/llvm/benchmark/llvm-project/mlir/lib/Pass/IRPrinting.cpp, 6894, 2049, 4845
6920, /home/yrong/devel/llvm/benchmark/llvm-project/mlir/lib/Pass/Pass.cpp, 7680, 2389, 5291
6921, /home/yrong/devel/llvm/benchmark/llvm-project/mlir/lib/Pass/PassCrashRecovery.cpp, 7497, 2441, 5056
6922, /home/yrong/devel/llvm/benchmark/llvm-project/mlir/lib/Pass/PassManagerOptions.cpp, 6550, 1900, 4650
6923, /home/yrong/devel/llvm/benchmark/llvm-project/mlir/lib/Pass/PassRegistry.cpp, 6816, 2095, 4721
6924, /home/yrong/devel/llvm/benchmark/llvm-project/mlir/lib/Pass/PassStatistics.cpp, 6661, 1924, 4737
6925, /home/yrong/devel/llvm/benchmark/llvm-project/mlir/lib/Pass/PassTiming.cpp, 6705, 1950, 4755
6926, /home/yrong/devel/llvm/benchmark/llvm-project/mlir/lib/Reducer/OptReductionPass.cpp, 8464, 2888, 5576
6927, /home/yrong/devel/llvm/benchmark/llvm-project/mlir/lib/Reducer/ReductionNode.cpp, 7852, 2484, 5368
6928, /home/yrong/devel/llvm/benchmark/llvm-project/mlir/lib/Reducer/ReductionTreePass.cpp, 8942, 3216, 5726
6929, /home/yrong/devel/llvm/benchmark/llvm-project/mlir/lib/Reducer/Tester.cpp, 7676, 2397, 5279
6930, /home/yrong/devel/llvm/benchmark/llvm-project/mlir/lib/Rewrite/ByteCode.cpp, 9520, 3590, 5930
6931, /home/yrong/devel/llvm/benchmark/llvm-project/mlir/lib/Rewrite/FrozenRewritePatternSet.cpp, 8101, 2901, 5200
6932, /home/yrong/devel/llvm/benchmark/llvm-project/mlir/lib/Rewrite/PatternApplicator.cpp, 7515, 2547, 4968
6933, /home/yrong/devel/llvm/benchmark/llvm-project/mlir/lib/Support/FileUtilities.cpp, 3488, 551, 2937
6934, /home/yrong/devel/llvm/benchmark/llvm-project/mlir/lib/Support/InterfaceSupport.cpp, 2942, 255, 2687
6935, /home/yrong/devel/llvm/benchmark/llvm-project/mlir/lib/Support/RawOstreamExtras.cpp, 2446, 170, 2276
6936, /home/yrong/devel/llvm/benchmark/llvm-project/mlir/lib/Support/StorageUniquer.cpp, 3534, 550, 2984
6937, /home/yrong/devel/llvm/benchmark/llvm-project/mlir/lib/Support/Timing.cpp, 3956, 733, 3223
6938, /home/yrong/devel/llvm/benchmark/llvm-project/mlir/lib/Support/ToolUtilities.cpp, 2766, 279, 2487
6939, /home/yrong/devel/llvm/benchmark/llvm-project/mlir/lib/Support/TypeID.cpp, 3149, 334, 2815
6940, /home/yrong/devel/llvm/benchmark/llvm-project/mlir/lib/TableGen/Argument.cpp, 3890, 597, 3293
6941, /home/yrong/devel/llvm/benchmark/llvm-project/mlir/lib/TableGen/AttrOrTypeDef.cpp, 4147, 750, 3397
6942, /home/yrong/devel/llvm/benchmark/llvm-project/mlir/lib/TableGen/Attribute.cpp, 4069, 721, 3348
6943, /home/yrong/devel/llvm/benchmark/llvm-project/mlir/lib/TableGen/Builder.cpp, 3996, 670, 3326
6944, /home/yrong/devel/llvm/benchmark/llvm-project/mlir/lib/TableGen/Class.cpp, 3698, 576, 3122
6945, /home/yrong/devel/llvm/benchmark/llvm-project/mlir/lib/TableGen/CodeGenHelpers.cpp, 4327, 920, 3407
6946, /home/yrong/devel/llvm/benchmark/llvm-project/mlir/lib/TableGen/Constraint.cpp, 3922, 631, 3291
6947, /home/yrong/devel/llvm/benchmark/llvm-project/mlir/lib/TableGen/Dialect.cpp, 3985, 669, 3316
6948, /home/yrong/devel/llvm/benchmark/llvm-project/mlir/lib/TableGen/Format.cpp, 3143, 381, 2762
6949, /home/yrong/devel/llvm/benchmark/llvm-project/mlir/lib/TableGen/GenInfo.cpp, 3215, 311, 2904
6950, /home/yrong/devel/llvm/benchmark/llvm-project/mlir/lib/TableGen/Interfaces.cpp, 4181, 765, 3416
6951, /home/yrong/devel/llvm/benchmark/llvm-project/mlir/lib/TableGen/Operator.cpp, 4791, 1082, 3709
6952, /home/yrong/devel/llvm/benchmark/llvm-project/mlir/lib/TableGen/Pass.cpp, 3927, 639, 3288
6953, /home/yrong/devel/llvm/benchmark/llvm-project/mlir/lib/TableGen/Pattern.cpp, 4603, 1150, 3453
6954, /home/yrong/devel/llvm/benchmark/llvm-project/mlir/lib/TableGen/Predicate.cpp, 4178, 763, 3415
6955, /home/yrong/devel/llvm/benchmark/llvm-project/mlir/lib/TableGen/Property.cpp, 4024, 688, 3336
6956, /home/yrong/devel/llvm/benchmark/llvm-project/mlir/lib/TableGen/Region.cpp, 3882, 596, 3286
6957, /home/yrong/devel/llvm/benchmark/llvm-project/mlir/lib/TableGen/SideEffects.cpp, 3941, 640, 3301
6958, /home/yrong/devel/llvm/benchmark/llvm-project/mlir/lib/TableGen/Successor.cpp, 3886, 596, 3290
6959, /home/yrong/devel/llvm/benchmark/llvm-project/mlir/lib/TableGen/Trait.cpp, 4098, 727, 3371
6960, /home/yrong/devel/llvm/benchmark/llvm-project/mlir/lib/TableGen/Type.cpp, 3922, 629, 3293
6961, /home/yrong/devel/llvm/benchmark/llvm-project/mlir/lib/Target/Cpp/TranslateRegistration.cpp, 9134, 3386, 5748
6962, /home/yrong/devel/llvm/benchmark/llvm-project/mlir/lib/Target/Cpp/TranslateToCpp.cpp, 9093, 3426, 5667
6963, /home/yrong/devel/llvm/benchmark/llvm-project/mlir/lib/Target/LLVMIR/ConvertFromLLVMIR.cpp, 8538, 2903, 5635
6964, /home/yrong/devel/llvm/benchmark/llvm-project/mlir/lib/Target/LLVMIR/ConvertToLLVMIR.cpp, 8105, 2742, 5363
6965, /home/yrong/devel/llvm/benchmark/llvm-project/mlir/lib/Target/LLVMIR/DataLayoutImporter.cpp, 9750, 3997, 5753
6966, /home/yrong/devel/llvm/benchmark/llvm-project/mlir/lib/Target/LLVMIR/DebugImporter.cpp, 10611, 4541, 6070
6967, /home/yrong/devel/llvm/benchmark/llvm-project/mlir/lib/Target/LLVMIR/DebugTranslation.cpp, 11305, 4852, 6453
6968, /home/yrong/devel/llvm/benchmark/llvm-project/mlir/lib/Target/LLVMIR/Dialect/AMX/AMXToLLVMIRTranslation.cpp, 11702, 4581, 7121
6969, /home/yrong/devel/llvm/benchmark/llvm-project/mlir/lib/Target/LLVMIR/Dialect/ArmNeon/ArmNeonToLLVMIRTranslation.cpp, 11630, 4521, 7109
6970, /home/yrong/devel/llvm/benchmark/llvm-project/mlir/lib/Target/LLVMIR/Dialect/ArmSME/ArmSMEToLLVMIRTranslation.cpp, 13062, 5604, 7458
6971, /home/yrong/devel/llvm/benchmark/llvm-project/mlir/lib/Target/LLVMIR/Dialect/ArmSVE/ArmSVEToLLVMIRTranslation.cpp, 11762, 4642, 7120
6972, /home/yrong/devel/llvm/benchmark/llvm-project/mlir/lib/Target/LLVMIR/Dialect/Builtin/BuiltinToLLVMIRTranslation.cpp, 6988, 2181, 4807
6973, /home/yrong/devel/llvm/benchmark/llvm-project/mlir/lib/Target/LLVMIR/Dialect/GPU/GPUToLLVMIRTranslation.cpp, 7599, 2623, 4976
6974, /home/yrong/devel/llvm/benchmark/llvm-project/mlir/lib/Target/LLVMIR/Dialect/LLVMIR/LLVMIRToLLVMTranslation.cpp, 13955, 7031, 6924
6975, /home/yrong/devel/llvm/benchmark/llvm-project/mlir/lib/Target/LLVMIR/Dialect/LLVMIR/LLVMToLLVMIRTranslation.cpp, 15448, 7365, 8083
6976, /home/yrong/devel/llvm/benchmark/llvm-project/mlir/lib/Target/LLVMIR/Dialect/NVVM/NVVMToLLVMIRTranslation.cpp, 13503, 5962, 7541
6977, /home/yrong/devel/llvm/benchmark/llvm-project/mlir/lib/Target/LLVMIR/Dialect/OpenACC/OpenACCToLLVMIRTranslation.cpp, 13593, 5970, 7623
6978, /home/yrong/devel/llvm/benchmark/llvm-project/mlir/lib/Target/LLVMIR/Dialect/OpenMP/OpenMPToLLVMIRTranslation.cpp, 15224, 7114, 8110
6979, /home/yrong/devel/llvm/benchmark/llvm-project/mlir/lib/Target/LLVMIR/Dialect/OpenMPCommon.cpp, 8974, 2571, 6403
6980, /home/yrong/devel/llvm/benchmark/llvm-project/mlir/lib/Target/LLVMIR/Dialect/ROCDL/ROCDLToLLVMIRTranslation.cpp, 13492, 5938, 7554
6981, /home/yrong/devel/llvm/benchmark/llvm-project/mlir/lib/Target/LLVMIR/Dialect/X86Vector/X86VectorToLLVMIRTranslation.cpp, 11708, 4583, 7125
6982, /home/yrong/devel/llvm/benchmark/llvm-project/mlir/lib/Target/LLVMIR/LoopAnnotationImporter.cpp, 10912, 4709, 6203
6983, /home/yrong/devel/llvm/benchmark/llvm-project/mlir/lib/Target/LLVMIR/LoopAnnotationTranslation.cpp, 13515, 5825, 7690
6984, /home/yrong/devel/llvm/benchmark/llvm-project/mlir/lib/Target/LLVMIR/ModuleImport.cpp, 13694, 6613, 7081
6985, /home/yrong/devel/llvm/benchmark/llvm-project/mlir/lib/Target/LLVMIR/ModuleTranslation.cpp, 15725, 7535, 8190
6986, /home/yrong/devel/llvm/benchmark/llvm-project/mlir/lib/Target/LLVMIR/TypeFromLLVM.cpp, 7700, 2537, 5163
6987, /home/yrong/devel/llvm/benchmark/llvm-project/mlir/lib/Target/LLVMIR/TypeToLLVM.cpp, 7734, 2566, 5168
6988, /home/yrong/devel/llvm/benchmark/llvm-project/mlir/lib/Target/SPIRV/Deserialization/Deserialization.cpp, 9501, 4103, 5398
6989, /home/yrong/devel/llvm/benchmark/llvm-project/mlir/lib/Target/SPIRV/Deserialization/DeserializeOps.cpp, 12059, 6234, 5825
6990, /home/yrong/devel/llvm/benchmark/llvm-project/mlir/lib/Target/SPIRV/Deserialization/Deserializer.cpp, 10901, 4968, 5933
6991, /home/yrong/devel/llvm/benchmark/llvm-project/mlir/lib/Target/SPIRV/SPIRVBinaryUtils.cpp, 5534, 1456, 4078
6992, /home/yrong/devel/llvm/benchmark/llvm-project/mlir/lib/Target/SPIRV/Serialization/Serialization.cpp, 8609, 3511, 5098
6993, /home/yrong/devel/llvm/benchmark/llvm-project/mlir/lib/Target/SPIRV/Serialization/SerializeOps.cpp, 10881, 5284, 5597
6994, /home/yrong/devel/llvm/benchmark/llvm-project/mlir/lib/Target/SPIRV/Serialization/Serializer.cpp, 9358, 3983, 5375
6995, /home/yrong/devel/llvm/benchmark/llvm-project/mlir/lib/Target/SPIRV/TranslateRegistration.cpp, 9131, 3802, 5329
6996, /home/yrong/devel/llvm/benchmark/llvm-project/mlir/lib/Tools/PDLL/AST/Context.cpp, 3229, 426, 2803
6997, /home/yrong/devel/llvm/benchmark/llvm-project/mlir/lib/Tools/PDLL/AST/Diagnostic.cpp, 2840, 306, 2534
6998, /home/yrong/devel/llvm/benchmark/llvm-project/mlir/lib/Tools/PDLL/AST/NodePrinter.cpp, 5192, 1389, 3803
6999, /home/yrong/devel/llvm/benchmark/llvm-project/mlir/lib/Tools/PDLL/AST/Nodes.cpp, 3817, 766, 3051
7000, /home/yrong/devel/llvm/benchmark/llvm-project/mlir/lib/Tools/PDLL/AST/Types.cpp, 3278, 456, 2822
7001, /home/yrong/devel/llvm/benchmark/llvm-project/mlir/lib/Tools/PDLL/CodeGen/CPPGen.cpp, 7774, 2665, 5109
7002, /home/yrong/devel/llvm/benchmark/llvm-project/mlir/lib/Tools/PDLL/CodeGen/MLIRGen.cpp, 8385, 3122, 5263
7003, /home/yrong/devel/llvm/benchmark/llvm-project/mlir/lib/Tools/PDLL/ODS/Constraint.cpp, 2486, 152, 2334
7004, /home/yrong/devel/llvm/benchmark/llvm-project/mlir/lib/Tools/PDLL/ODS/Context.cpp, 4477, 959, 3518
7005, /home/yrong/devel/llvm/benchmark/llvm-project/mlir/lib/Tools/PDLL/ODS/Dialect.cpp, 2702, 241, 2461
7006, /home/yrong/devel/llvm/benchmark/llvm-project/mlir/lib/Tools/PDLL/ODS/Operation.cpp, 2620, 206, 2414
7007, /home/yrong/devel/llvm/benchmark/llvm-project/mlir/lib/Tools/PDLL/Parser/CodeComplete.cpp, 3051, 303, 2748
7008, /home/yrong/devel/llvm/benchmark/llvm-project/mlir/lib/Tools/PDLL/Parser/Lexer.cpp, 3091, 431, 2660
7009, /home/yrong/devel/llvm/benchmark/llvm-project/mlir/lib/Tools/PDLL/Parser/Parser.cpp, 6868, 2732, 4136
7010, /home/yrong/devel/llvm/benchmark/llvm-project/mlir/lib/Tools/Plugins/DialectPlugin.cpp, 3301, 491, 2810
7011, /home/yrong/devel/llvm/benchmark/llvm-project/mlir/lib/Tools/Plugins/PassPlugin.cpp, 2877, 370, 2507
7012, /home/yrong/devel/llvm/benchmark/llvm-project/mlir/lib/Tools/lsp-server-support/CompilationDatabase.cpp, 4989, 1128, 3861
7013, /home/yrong/devel/llvm/benchmark/llvm-project/mlir/lib/Tools/lsp-server-support/Logging.cpp, 2841, 302, 2539
7014, /home/yrong/devel/llvm/benchmark/llvm-project/mlir/lib/Tools/lsp-server-support/Protocol.cpp, 4895, 1226, 3669
7015, /home/yrong/devel/llvm/benchmark/llvm-project/mlir/lib/Tools/lsp-server-support/SourceMgrUtils.cpp, 4391, 908, 3483
7016, /home/yrong/devel/llvm/benchmark/llvm-project/mlir/lib/Tools/lsp-server-support/Transport.cpp, 4675, 1095, 3580
7017, /home/yrong/devel/llvm/benchmark/llvm-project/mlir/lib/Tools/mlir-lsp-server/LSPServer.cpp, 5050, 1283, 3767
7018, /home/yrong/devel/llvm/benchmark/llvm-project/mlir/lib/Tools/mlir-lsp-server/MLIRServer.cpp, 8321, 3105, 5216
7019, /home/yrong/devel/llvm/benchmark/llvm-project/mlir/lib/Tools/mlir-lsp-server/MlirLspServerMain.cpp, 7324, 2114, 5210
7020, /home/yrong/devel/llvm/benchmark/llvm-project/mlir/lib/Tools/mlir-lsp-server/Protocol.cpp, 4239, 851, 3388
7021, /home/yrong/devel/llvm/benchmark/llvm-project/mlir/lib/Tools/mlir-opt/MlirOptMain.cpp, 9651, 3757, 5894
7022, /home/yrong/devel/llvm/benchmark/llvm-project/mlir/lib/Tools/mlir-pdll-lsp-server/LSPServer.cpp, 5172, 1343, 3829
7023, /home/yrong/devel/llvm/benchmark/llvm-project/mlir/lib/Tools/mlir-pdll-lsp-server/MlirPdllLspServerMain.cpp, 5351, 1210, 4141
7024, /home/yrong/devel/llvm/benchmark/llvm-project/mlir/lib/Tools/mlir-pdll-lsp-server/PDLLServer.cpp, 10130, 4100, 6030
7025, /home/yrong/devel/llvm/benchmark/llvm-project/mlir/lib/Tools/mlir-pdll-lsp-server/Protocol.cpp, 4243, 853, 3390
7026, /home/yrong/devel/llvm/benchmark/llvm-project/mlir/lib/Tools/mlir-reduce/MlirReduceMain.cpp, 8124, 2916, 5208
7027, /home/yrong/devel/llvm/benchmark/llvm-project/mlir/lib/Tools/mlir-tblgen/MlirTblgenMain.cpp, 4391, 824, 3567
7028, /home/yrong/devel/llvm/benchmark/llvm-project/mlir/lib/Tools/mlir-translate/MlirTranslateMain.cpp, 7471, 2424, 5047
7029, /home/yrong/devel/llvm/benchmark/llvm-project/mlir/lib/Tools/mlir-translate/Translation.cpp, 7393, 2356, 5037
7030, /home/yrong/devel/llvm/benchmark/llvm-project/mlir/lib/Tools/tblgen-lsp-server/LSPServer.cpp, 4923, 1207, 3716
7031, /home/yrong/devel/llvm/benchmark/llvm-project/mlir/lib/Tools/tblgen-lsp-server/TableGenLspServerMain.cpp, 5351, 1210, 4141
7032, /home/yrong/devel/llvm/benchmark/llvm-project/mlir/lib/Tools/tblgen-lsp-server/TableGenServer.cpp, 6483, 1745, 4738
7033, /home/yrong/devel/llvm/benchmark/llvm-project/mlir/lib/Transforms/CSE.cpp, 9050, 3231, 5819
7034, /home/yrong/devel/llvm/benchmark/llvm-project/mlir/lib/Transforms/Canonicalizer.cpp, 8488, 3211, 5277
7035, /home/yrong/devel/llvm/benchmark/llvm-project/mlir/lib/Transforms/ControlFlowSink.cpp, 7151, 2226, 4925
7036, /home/yrong/devel/llvm/benchmark/llvm-project/mlir/lib/Transforms/GenerateRuntimeVerification.cpp, 6847, 2087, 4760
7037, /home/yrong/devel/llvm/benchmark/llvm-project/mlir/lib/Transforms/Inliner.cpp, 8723, 3002, 5721
7038, /home/yrong/devel/llvm/benchmark/llvm-project/mlir/lib/Transforms/LocationSnapshot.cpp, 7588, 2276, 5312
7039, /home/yrong/devel/llvm/benchmark/llvm-project/mlir/lib/Transforms/LoopInvariantCodeMotion.cpp, 6879, 2117, 4762
7040, /home/yrong/devel/llvm/benchmark/llvm-project/mlir/lib/Transforms/Mem2Reg.cpp, 9278, 3400, 5878
7041, /home/yrong/devel/llvm/benchmark/llvm-project/mlir/lib/Transforms/OpStats.cpp, 8035, 2856, 5179
7042, /home/yrong/devel/llvm/benchmark/llvm-project/mlir/lib/Transforms/PrintIR.cpp, 6763, 2053, 4710
7043, /home/yrong/devel/llvm/benchmark/llvm-project/mlir/lib/Transforms/SCCP.cpp, 8910, 3244, 5666
7044, /home/yrong/devel/llvm/benchmark/llvm-project/mlir/lib/Transforms/SROA.cpp, 8654, 3188, 5466
7045, /home/yrong/devel/llvm/benchmark/llvm-project/mlir/lib/Transforms/StripDebugInfo.cpp, 7907, 2750, 5157
7046, /home/yrong/devel/llvm/benchmark/llvm-project/mlir/lib/Transforms/SymbolDCE.cpp, 7094, 2197, 4897
7047, /home/yrong/devel/llvm/benchmark/llvm-project/mlir/lib/Transforms/SymbolPrivatize.cpp, 7180, 2262, 4918
7048, /home/yrong/devel/llvm/benchmark/llvm-project/mlir/lib/Transforms/TopologicalSort.cpp, 6865, 2113, 4752
7049, /home/yrong/devel/llvm/benchmark/llvm-project/mlir/lib/Transforms/Utils/CommutativityUtils.cpp, 7928, 2603, 5325
7050, /home/yrong/devel/llvm/benchmark/llvm-project/mlir/lib/Transforms/Utils/ControlFlowSinkUtils.cpp, 6262, 1699, 4563
7051, /home/yrong/devel/llvm/benchmark/llvm-project/mlir/lib/Transforms/Utils/DialectConversion.cpp, 10353, 4274, 6079
7052, /home/yrong/devel/llvm/benchmark/llvm-project/mlir/lib/Transforms/Utils/FoldUtils.cpp, 7493, 2513, 4980
7053, /home/yrong/devel/llvm/benchmark/llvm-project/mlir/lib/Transforms/Utils/GreedyPatternRewriteDriver.cpp, 8570, 3107, 5463
7054, /home/yrong/devel/llvm/benchmark/llvm-project/mlir/lib/Transforms/Utils/InliningUtils.cpp, 6399, 1747, 4652
7055, /home/yrong/devel/llvm/benchmark/llvm-project/mlir/lib/Transforms/Utils/LoopInvariantCodeMotionUtils.cpp, 6150, 1471, 4679
7056, /home/yrong/devel/llvm/benchmark/llvm-project/mlir/lib/Transforms/Utils/OneToNTypeConversion.cpp, 7785, 2720, 5065
7057, /home/yrong/devel/llvm/benchmark/llvm-project/mlir/lib/Transforms/Utils/RegionUtils.cpp, 8407, 2867, 5540
7058, /home/yrong/devel/llvm/benchmark/llvm-project/mlir/lib/Transforms/Utils/TopologicalSortUtils.cpp, 5803, 1448, 4355
7059, /home/yrong/devel/llvm/benchmark/llvm-project/mlir/lib/Transforms/ViewOpGraph.cpp, 7576, 2371, 5205
7060, /home/yrong/devel/llvm/benchmark/llvm-project/mlir/test/CAPI/execution_engine.c, 0, 0, 0
7061, /home/yrong/devel/llvm/benchmark/llvm-project/mlir/test/CAPI/ir.c, 0, 0, 0
7062, /home/yrong/devel/llvm/benchmark/llvm-project/mlir/test/CAPI/llvm.c, 0, 0, 0
7063, /home/yrong/devel/llvm/benchmark/llvm-project/mlir/test/CAPI/pass.c, 0, 0, 0
7064, /home/yrong/devel/llvm/benchmark/llvm-project/mlir/test/CAPI/pdl.c, 0, 0, 0
7065, /home/yrong/devel/llvm/benchmark/llvm-project/mlir/test/CAPI/quant.c, 0, 0, 0
7066, /home/yrong/devel/llvm/benchmark/llvm-project/mlir/test/CAPI/sparse_tensor.c, 0, 0, 0
7067, /home/yrong/devel/llvm/benchmark/llvm-project/mlir/test/CAPI/transform.c, 0, 0, 0
7068, /home/yrong/devel/llvm/benchmark/llvm-project/mlir/test/lib/Analysis/DataFlow/TestDeadCodeAnalysis.cpp, 7441, 2184, 5257
7069, /home/yrong/devel/llvm/benchmark/llvm-project/mlir/test/lib/Analysis/DataFlow/TestDenseBackwardDataFlowAnalysis.cpp, 12080, 5561, 6519
7070, /home/yrong/devel/llvm/benchmark/llvm-project/mlir/test/lib/Analysis/DataFlow/TestDenseForwardDataFlowAnalysis.cpp, 12096, 5578, 6518
7071, /home/yrong/devel/llvm/benchmark/llvm-project/mlir/test/lib/Analysis/DataFlow/TestLivenessAnalysis.cpp, 7255, 2085, 5170
7072, /home/yrong/devel/llvm/benchmark/llvm-project/mlir/test/lib/Analysis/DataFlow/TestSparseBackwardDataFlowAnalysis.cpp, 9539, 3588, 5951
7073, /home/yrong/devel/llvm/benchmark/llvm-project/mlir/test/lib/Analysis/TestAliasAnalysis.cpp, 7112, 2158, 4954
7074, /home/yrong/devel/llvm/benchmark/llvm-project/mlir/test/lib/Analysis/TestCFGLoopInfo.cpp, 7274, 2055, 5219
7075, /home/yrong/devel/llvm/benchmark/llvm-project/mlir/test/lib/Analysis/TestCallGraph.cpp, 7578, 2491, 5087
7076, /home/yrong/devel/llvm/benchmark/llvm-project/mlir/test/lib/Analysis/TestDataFlowFramework.cpp, 8228, 2675, 5553
7077, /home/yrong/devel/llvm/benchmark/llvm-project/mlir/test/lib/Analysis/TestLiveness.cpp, 6682, 1884, 4798
7078, /home/yrong/devel/llvm/benchmark/llvm-project/mlir/test/lib/Analysis/TestMatchReduction.cpp, 6878, 1958, 4920
7079, /home/yrong/devel/llvm/benchmark/llvm-project/mlir/test/lib/Analysis/TestMemRefBoundCheck.cpp, 8231, 2993, 5238
7080, /home/yrong/devel/llvm/benchmark/llvm-project/mlir/test/lib/Analysis/TestMemRefDependenceCheck.cpp, 8261, 3026, 5235
7081, /home/yrong/devel/llvm/benchmark/llvm-project/mlir/test/lib/Analysis/TestMemRefStrideCalculation.cpp, 8835, 3316, 5519
7082, /home/yrong/devel/llvm/benchmark/llvm-project/mlir/test/lib/Analysis/TestSlice.cpp, 6669, 1869, 4800
7083, /home/yrong/devel/llvm/benchmark/llvm-project/mlir/test/lib/Conversion/FuncToLLVM/TestConvertCallOp.cpp, 13723, 6969, 6754
7084, /home/yrong/devel/llvm/benchmark/llvm-project/mlir/test/lib/Conversion/OneToNTypeConversion/TestOneToNTypeConversionPass.cpp, 12419, 6131, 6288
7085, /home/yrong/devel/llvm/benchmark/llvm-project/mlir/test/lib/Conversion/VectorToSPIRV/TestVectorReductionToSPIRVDotProd.cpp, 9399, 3839, 5560
7086, /home/yrong/devel/llvm/benchmark/llvm-project/mlir/test/lib/Dialect/Affine/TestAffineDataCopy.cpp, 10223, 4313, 5910
7087, /home/yrong/devel/llvm/benchmark/llvm-project/mlir/test/lib/Dialect/Affine/TestAffineLoopParametricTiling.cpp, 8709, 3318, 5391
7088, /home/yrong/devel/llvm/benchmark/llvm-project/mlir/test/lib/Dialect/Affine/TestAffineLoopUnswitching.cpp, 8710, 3379, 5331
7089, /home/yrong/devel/llvm/benchmark/llvm-project/mlir/test/lib/Dialect/Affine/TestDecomposeAffineOps.cpp, 9864, 3842, 6022
7090, /home/yrong/devel/llvm/benchmark/llvm-project/mlir/test/lib/Dialect/Affine/TestLoopFusion.cpp, 8689, 3227, 5462
7091, /home/yrong/devel/llvm/benchmark/llvm-project/mlir/test/lib/Dialect/Affine/TestLoopMapping.cpp, 8719, 3343, 5376
7092, /home/yrong/devel/llvm/benchmark/llvm-project/mlir/test/lib/Dialect/Affine/TestLoopPermutation.cpp, 8336, 3057, 5279
7093, /home/yrong/devel/llvm/benchmark/llvm-project/mlir/test/lib/Dialect/Affine/TestReifyValueBounds.cpp, 10661, 4410, 6251
7094, /home/yrong/devel/llvm/benchmark/llvm-project/mlir/test/lib/Dialect/Affine/TestVectorizationUtils.cpp, 10005, 4312, 5693
7095, /home/yrong/devel/llvm/benchmark/llvm-project/mlir/test/lib/Dialect/Arith/TestEmulateWideInt.cpp, 11738, 5456, 6282
7096, /home/yrong/devel/llvm/benchmark/llvm-project/mlir/test/lib/Dialect/Bufferization/TestTensorCopyInsertion.cpp, 8241, 2966, 5275
7097, /home/yrong/devel/llvm/benchmark/llvm-project/mlir/test/lib/Dialect/ControlFlow/TestAssert.cpp, 10305, 4347, 5958
7098, /home/yrong/devel/llvm/benchmark/llvm-project/mlir/test/lib/Dialect/DLTI/TestDataLayoutQuery.cpp, 11446, 5388, 6058
7099, /home/yrong/devel/llvm/benchmark/llvm-project/mlir/test/lib/Dialect/Func/TestDecomposeCallGraphTypes.cpp, 11799, 5666, 6133
7100, /home/yrong/devel/llvm/benchmark/llvm-project/mlir/test/lib/Dialect/GPU/TestConvertGPUKernelToCubin.cpp, 8222, 2974, 5248
7101, /home/yrong/devel/llvm/benchmark/llvm-project/mlir/test/lib/Dialect/GPU/TestConvertGPUKernelToHsaco.cpp, 8220, 2972, 5248
7102, /home/yrong/devel/llvm/benchmark/llvm-project/mlir/test/lib/Dialect/GPU/TestGpuMemoryPromotion.cpp, 9835, 4093, 5742
7103, /home/yrong/devel/llvm/benchmark/llvm-project/mlir/test/lib/Dialect/GPU/TestGpuRewrite.cpp, 9730, 4032, 5698
7104, /home/yrong/devel/llvm/benchmark/llvm-project/mlir/test/lib/Dialect/GPU/TestLowerToNVVM.cpp, 11822, 5589, 6233
7105, /home/yrong/devel/llvm/benchmark/llvm-project/mlir/test/lib/Dialect/LLVM/TestLowerToLLVM.cpp, 14909, 7903, 7006
7106, /home/yrong/devel/llvm/benchmark/llvm-project/mlir/test/lib/Dialect/Linalg/TestDataLayoutPropagation.cpp, 12145, 5914, 6231
7107, /home/yrong/devel/llvm/benchmark/llvm-project/mlir/test/lib/Dialect/Linalg/TestLinalgDecomposeOps.cpp, 12061, 5826, 6235
7108, /home/yrong/devel/llvm/benchmark/llvm-project/mlir/test/lib/Dialect/Linalg/TestLinalgDropUnitDims.cpp, 11961, 5672, 6289
7109, /home/yrong/devel/llvm/benchmark/llvm-project/mlir/test/lib/Dialect/Linalg/TestLinalgElementwiseFusion.cpp, 12734, 6325, 6409
7110, /home/yrong/devel/llvm/benchmark/llvm-project/mlir/test/lib/Dialect/Linalg/TestLinalgFusionTransforms.cpp, 12890, 6453, 6437
7111, /home/yrong/devel/llvm/benchmark/llvm-project/mlir/test/lib/Dialect/Linalg/TestLinalgTransforms.cpp, 13798, 7227, 6571
7112, /home/yrong/devel/llvm/benchmark/llvm-project/mlir/test/lib/Dialect/Linalg/TestPadFusion.cpp, 12129, 5901, 6228
7113, /home/yrong/devel/llvm/benchmark/llvm-project/mlir/test/lib/Dialect/Math/TestAlgebraicSimplification.cpp, 9108, 3631, 5477
7114, /home/yrong/devel/llvm/benchmark/llvm-project/mlir/test/lib/Dialect/Math/TestExpandMath.cpp, 9143, 3666, 5477
7115, /home/yrong/devel/llvm/benchmark/llvm-project/mlir/test/lib/Dialect/Math/TestPolynomialApproximation.cpp, 9308, 3812, 5496
7116, /home/yrong/devel/llvm/benchmark/llvm-project/mlir/test/lib/Dialect/MemRef/TestComposeSubView.cpp, 8493, 3190, 5303
7117, /home/yrong/devel/llvm/benchmark/llvm-project/mlir/test/lib/Dialect/MemRef/TestEmulateNarrowType.cpp, 10640, 4754, 5886
7118, /home/yrong/devel/llvm/benchmark/llvm-project/mlir/test/lib/Dialect/MemRef/TestMultiBuffer.cpp, 9393, 3785, 5608
7119, /home/yrong/devel/llvm/benchmark/llvm-project/mlir/test/lib/Dialect/NVGPU/TestNVGPUTransforms.cpp, 14810, 7860, 6950
7120, /home/yrong/devel/llvm/benchmark/llvm-project/mlir/test/lib/Dialect/SCF/TestLoopParametricTiling.cpp, 8520, 3164, 5356
7121, /home/yrong/devel/llvm/benchmark/llvm-project/mlir/test/lib/Dialect/SCF/TestLoopUnrolling.cpp, 8665, 3292, 5373
7122, /home/yrong/devel/llvm/benchmark/llvm-project/mlir/test/lib/Dialect/SCF/TestSCFUtils.cpp, 9684, 3953, 5731
7123, /home/yrong/devel/llvm/benchmark/llvm-project/mlir/test/lib/Dialect/SCF/TestWhileOpBuilder.cpp, 8654, 3218, 5436
7124, /home/yrong/devel/llvm/benchmark/llvm-project/mlir/test/lib/Dialect/SPIRV/TestAvailability.cpp, 10312, 4672, 5640
7125, /home/yrong/devel/llvm/benchmark/llvm-project/mlir/test/lib/Dialect/SPIRV/TestEntryPointAbi.cpp, 8623, 3319, 5304
7126, /home/yrong/devel/llvm/benchmark/llvm-project/mlir/test/lib/Dialect/SPIRV/TestModuleCombiner.cpp, 9142, 3778, 5364
7127, /home/yrong/devel/llvm/benchmark/llvm-project/mlir/test/lib/Dialect/Shape/TestShapeFunctions.cpp, 8247, 2693, 5554
7128, /home/yrong/devel/llvm/benchmark/llvm-project/mlir/test/lib/Dialect/Shape/TestShapeMappingAnalysis.cpp, 7514, 2428, 5086
7129, /home/yrong/devel/llvm/benchmark/llvm-project/mlir/test/lib/Dialect/Tensor/TestTensorTransforms.cpp, 11301, 5194, 6107
7130, /home/yrong/devel/llvm/benchmark/llvm-project/mlir/test/lib/Dialect/Test/TestAttributes.cpp, 13338, 7156, 6182
7131, /home/yrong/devel/llvm/benchmark/llvm-project/mlir/test/lib/Dialect/Test/TestDialect.cpp, 37270, 27105, 10165
7132, /home/yrong/devel/llvm/benchmark/llvm-project/mlir/test/lib/Dialect/Test/TestDialectInterfaces.cpp, 11063, 5255, 5808
7133, /home/yrong/devel/llvm/benchmark/llvm-project/mlir/test/lib/Dialect/Test/TestInterfaces.cpp, 5765, 1431, 4334
7134, /home/yrong/devel/llvm/benchmark/llvm-project/mlir/test/lib/Dialect/Test/TestOpsSyntax.cpp, 20602, 13269, 7333
7135, /home/yrong/devel/llvm/benchmark/llvm-project/mlir/test/lib/Dialect/Test/TestPatterns.cpp, 19334, 12246, 7088
7136, /home/yrong/devel/llvm/benchmark/llvm-project/mlir/test/lib/Dialect/Test/TestTraits.cpp, 11342, 5302, 6040
7137, /home/yrong/devel/llvm/benchmark/llvm-project/mlir/test/lib/Dialect/Test/TestTypes.cpp, 13320, 6970, 6350
7138, /home/yrong/devel/llvm/benchmark/llvm-project/mlir/test/lib/Dialect/TestDyn/TestDynDialect.cpp, 6060, 1591, 4469
7139, /home/yrong/devel/llvm/benchmark/llvm-project/mlir/test/lib/Dialect/Tosa/TosaTestPasses.cpp, 9375, 3773, 5602
7140, /home/yrong/devel/llvm/benchmark/llvm-project/mlir/test/lib/Dialect/Transform/TestTransformDialectExtension.cpp, 14491, 8272, 6219
7141, /home/yrong/devel/llvm/benchmark/llvm-project/mlir/test/lib/Dialect/Transform/TestTransformDialectInterpreter.cpp, 9207, 3653, 5554
7142, /home/yrong/devel/llvm/benchmark/llvm-project/mlir/test/lib/Dialect/Transform/TestTransformStateExtension.cpp, 7579, 2585, 4994
7143, /home/yrong/devel/llvm/benchmark/llvm-project/mlir/test/lib/Dialect/Vector/TestVectorTransforms.cpp, 16669, 9440, 7229
7144, /home/yrong/devel/llvm/benchmark/llvm-project/mlir/test/lib/IR/TestBuiltinAttributeInterfaces.cpp, 8061, 2914, 5147
7145, /home/yrong/devel/llvm/benchmark/llvm-project/mlir/test/lib/IR/TestBuiltinDistinctAttributes.cpp, 11325, 5286, 6039
7146, /home/yrong/devel/llvm/benchmark/llvm-project/mlir/test/lib/IR/TestBytecodeCallbacks.cpp, 12015, 5787, 6228
7147, /home/yrong/devel/llvm/benchmark/llvm-project/mlir/test/lib/IR/TestClone.cpp, 11352, 5310, 6042
7148, /home/yrong/devel/llvm/benchmark/llvm-project/mlir/test/lib/IR/TestDiagnostics.cpp, 6795, 1952, 4843
7149, /home/yrong/devel/llvm/benchmark/llvm-project/mlir/test/lib/IR/TestDominance.cpp, 6972, 1993, 4979
7150, /home/yrong/devel/llvm/benchmark/llvm-project/mlir/test/lib/IR/TestFunc.cpp, 7804, 2610, 5194
7151, /home/yrong/devel/llvm/benchmark/llvm-project/mlir/test/lib/IR/TestInterfaces.cpp, 7582, 2487, 5095
7152, /home/yrong/devel/llvm/benchmark/llvm-project/mlir/test/lib/IR/TestLazyLoading.cpp, 11563, 5360, 6203
7153, /home/yrong/devel/llvm/benchmark/llvm-project/mlir/test/lib/IR/TestMatchers.cpp, 8306, 3011, 5295
7154, /home/yrong/devel/llvm/benchmark/llvm-project/mlir/test/lib/IR/TestOpaqueLoc.cpp, 7562, 2473, 5089
7155, /home/yrong/devel/llvm/benchmark/llvm-project/mlir/test/lib/IR/TestOperationEquals.cpp, 7474, 2407, 5067
7156, /home/yrong/devel/llvm/benchmark/llvm-project/mlir/test/lib/IR/TestPrintDefUse.cpp, 7522, 2459, 5063
7157, /home/yrong/devel/llvm/benchmark/llvm-project/mlir/test/lib/IR/TestPrintInvalid.cpp, 7793, 2599, 5194
7158, /home/yrong/devel/llvm/benchmark/llvm-project/mlir/test/lib/IR/TestPrintNesting.cpp, 7477, 2416, 5061
7159, /home/yrong/devel/llvm/benchmark/llvm-project/mlir/test/lib/IR/TestRegions.cpp, 11333, 5290, 6043
7160, /home/yrong/devel/llvm/benchmark/llvm-project/mlir/test/lib/IR/TestSideEffects.cpp, 11419, 5351, 6068
7161, /home/yrong/devel/llvm/benchmark/llvm-project/mlir/test/lib/IR/TestSlicing.cpp, 9612, 3910, 5702
7162, /home/yrong/devel/llvm/benchmark/llvm-project/mlir/test/lib/IR/TestSymbolUses.cpp, 11451, 5389, 6062
7163, /home/yrong/devel/llvm/benchmark/llvm-project/mlir/test/lib/IR/TestTypes.cpp, 11326, 5288, 6038
7164, /home/yrong/devel/llvm/benchmark/llvm-project/mlir/test/lib/IR/TestUseListOrders.cpp, 8423, 2643, 5780
7165, /home/yrong/devel/llvm/benchmark/llvm-project/mlir/test/lib/IR/TestVisitors.cpp, 7859, 2624, 5235
7166, /home/yrong/devel/llvm/benchmark/llvm-project/mlir/test/lib/IR/TestVisitorsGeneric.cpp, 11473, 5417, 6056
7167, /home/yrong/devel/llvm/benchmark/llvm-project/mlir/test/lib/Interfaces/LoopLikeInterface/TestBlockInLoop.cpp, 7727, 2542, 5185
7168, /home/yrong/devel/llvm/benchmark/llvm-project/mlir/test/lib/Interfaces/TilingInterface/TestTilingInterface.cpp, 13218, 6490, 6728
7169, /home/yrong/devel/llvm/benchmark/llvm-project/mlir/test/lib/Pass/TestDynamicPipeline.cpp, 7772, 2669, 5103
7170, /home/yrong/devel/llvm/benchmark/llvm-project/mlir/test/lib/Pass/TestPassManager.cpp, 12164, 6003, 6161
7171, /home/yrong/devel/llvm/benchmark/llvm-project/mlir/test/lib/Reducer/MLIRTestReducer.cpp, 6241, 1637, 4604
7172, /home/yrong/devel/llvm/benchmark/llvm-project/mlir/test/lib/Rewrite/TestPDLByteCode.cpp, 8574, 3230, 5344
7173, /home/yrong/devel/llvm/benchmark/llvm-project/mlir/test/lib/Tools/PDLL/TestPDLL.cpp, 11853, 5735, 6118
7174, /home/yrong/devel/llvm/benchmark/llvm-project/mlir/test/lib/Transforms/TestCommutativityUtils.cpp, 11477, 5390, 6087
7175, /home/yrong/devel/llvm/benchmark/llvm-project/mlir/test/lib/Transforms/TestConstantFold.cpp, 7861, 2700, 5161
7176, /home/yrong/devel/llvm/benchmark/llvm-project/mlir/test/lib/Transforms/TestControlFlowSink.cpp, 7941, 2606, 5335
7177, /home/yrong/devel/llvm/benchmark/llvm-project/mlir/test/lib/Transforms/TestDialectConversion.cpp, 12118, 5914, 6204
7178, /home/yrong/devel/llvm/benchmark/llvm-project/mlir/test/lib/Transforms/TestInlining.cpp, 11339, 5295, 6044
7179, /home/yrong/devel/llvm/benchmark/llvm-project/mlir/test/lib/Transforms/TestIntRangeInference.cpp, 8483, 2911, 5572
7180, /home/yrong/devel/llvm/benchmark/llvm-project/mlir/test/lib/Transforms/TestMakeIsolatedFromAbove.cpp, 11527, 5462, 6065
7181, /home/yrong/devel/llvm/benchmark/llvm-project/mlir/test/lib/Transforms/TestTopologicalSort.cpp, 7514, 2436, 5078
7182, /home/yrong/devel/llvm/benchmark/llvm-project/mlir/tools/mlir-cpu-runner/mlir-cpu-runner.cpp, 11650, 5123, 6527
7183, /home/yrong/devel/llvm/benchmark/llvm-project/mlir/tools/mlir-linalg-ods-gen/mlir-linalg-ods-yaml-gen.cpp, 7633, 2607, 5026
7184, /home/yrong/devel/llvm/benchmark/llvm-project/mlir/tools/mlir-lsp-server/mlir-lsp-server.cpp, 19576, 12023, 7553
7185, /home/yrong/devel/llvm/benchmark/llvm-project/mlir/tools/mlir-opt/mlir-opt.cpp, 26884, 17785, 9099
7186, /home/yrong/devel/llvm/benchmark/llvm-project/mlir/tools/mlir-parser-fuzzer/bytecode/DummyParserFuzzer.cpp, 1, 1, 0
7187, /home/yrong/devel/llvm/benchmark/llvm-project/mlir/tools/mlir-parser-fuzzer/bytecode/mlir-bytecode-parser-fuzzer.cpp, 6961, 2138, 4823
7188, /home/yrong/devel/llvm/benchmark/llvm-project/mlir/tools/mlir-parser-fuzzer/text/DummyParserFuzzer.cpp, 1, 1, 0
7189, /home/yrong/devel/llvm/benchmark/llvm-project/mlir/tools/mlir-parser-fuzzer/text/mlir-text-parser-fuzzer.cpp, 6961, 2138, 4823
7190, /home/yrong/devel/llvm/benchmark/llvm-project/mlir/tools/mlir-pdll-lsp-server/mlir-pdll-lsp-server.cpp, 849, 12, 837
7191, /home/yrong/devel/llvm/benchmark/llvm-project/mlir/tools/mlir-pdll/mlir-pdll.cpp, 7912, 2745, 5167
7192, /home/yrong/devel/llvm/benchmark/llvm-project/mlir/tools/mlir-reduce/mlir-reduce.cpp, 26520, 17488, 9032
7193, /home/yrong/devel/llvm/benchmark/llvm-project/mlir/tools/mlir-tblgen/AttrOrTypeDefGen.cpp, 5376, 1616, 3760
7194, /home/yrong/devel/llvm/benchmark/llvm-project/mlir/tools/mlir-tblgen/AttrOrTypeFormatGen.cpp, 5277, 1523, 3754
7195, /home/yrong/devel/llvm/benchmark/llvm-project/mlir/tools/mlir-tblgen/BytecodeDialectGen.cpp, 7218, 1971, 5247
7196, /home/yrong/devel/llvm/benchmark/llvm-project/mlir/tools/mlir-tblgen/DialectGen.cpp, 4720, 1030, 3690
7197, /home/yrong/devel/llvm/benchmark/llvm-project/mlir/tools/mlir-tblgen/DirectiveCommonGen.cpp, 4287, 786, 3501
7198, /home/yrong/devel/llvm/benchmark/llvm-project/mlir/tools/mlir-tblgen/EnumPythonBindingGen.cpp, 4087, 762, 3325
7199, /home/yrong/devel/llvm/benchmark/llvm-project/mlir/tools/mlir-tblgen/EnumsGen.cpp, 4948, 1341, 3607
7200, /home/yrong/devel/llvm/benchmark/llvm-project/mlir/tools/mlir-tblgen/FormatGen.cpp, 4475, 956, 3519
7201, /home/yrong/devel/llvm/benchmark/llvm-project/mlir/tools/mlir-tblgen/LLVMIRConversionGen.cpp, 4584, 1017, 3567
7202, /home/yrong/devel/llvm/benchmark/llvm-project/mlir/tools/mlir-tblgen/LLVMIRIntrinsicGen.cpp, 4493, 885, 3608
7203, /home/yrong/devel/llvm/benchmark/llvm-project/mlir/tools/mlir-tblgen/OpClass.cpp, 3620, 522, 3098
7204, /home/yrong/devel/llvm/benchmark/llvm-project/mlir/tools/mlir-tblgen/OpDefinitionsGen.cpp, 7343, 3375, 3968
7205, /home/yrong/devel/llvm/benchmark/llvm-project/mlir/tools/mlir-tblgen/OpDocGen.cpp, 4984, 1231, 3753
7206, /home/yrong/devel/llvm/benchmark/llvm-project/mlir/tools/mlir-tblgen/OpFormatGen.cpp, 6478, 2551, 3927
7207, /home/yrong/devel/llvm/benchmark/llvm-project/mlir/tools/mlir-tblgen/OpGenHelpers.cpp, 4310, 788, 3522
7208, /home/yrong/devel/llvm/benchmark/llvm-project/mlir/tools/mlir-tblgen/OpInterfacesGen.cpp, 4850, 1258, 3592
7209, /home/yrong/devel/llvm/benchmark/llvm-project/mlir/tools/mlir-tblgen/OpPythonBindingGen.cpp, 4946, 1377, 3569
7210, /home/yrong/devel/llvm/benchmark/llvm-project/mlir/tools/mlir-tblgen/PassCAPIGen.cpp, 4359, 835, 3524
7211, /home/yrong/devel/llvm/benchmark/llvm-project/mlir/tools/mlir-tblgen/PassDocGen.cpp, 4013, 683, 3330
7212, /home/yrong/devel/llvm/benchmark/llvm-project/mlir/tools/mlir-tblgen/PassGen.cpp, 4495, 968, 3527
7213, /home/yrong/devel/llvm/benchmark/llvm-project/mlir/tools/mlir-tblgen/RewriterGen.cpp, 5812, 2015, 3797
7214, /home/yrong/devel/llvm/benchmark/llvm-project/mlir/tools/mlir-tblgen/SPIRVUtilsGen.cpp, 5480, 1686, 3794
7215, /home/yrong/devel/llvm/benchmark/llvm-project/mlir/tools/mlir-tblgen/mlir-tblgen.cpp, 3903, 611, 3292
7216, /home/yrong/devel/llvm/benchmark/llvm-project/mlir/tools/mlir-translate/mlir-translate.cpp, 1788, 111, 1677
7217, /home/yrong/devel/llvm/benchmark/llvm-project/mlir/tools/tblgen-lsp-server/tblgen-lsp-server.cpp, 849, 12, 837
7218, /home/yrong/devel/llvm/benchmark/llvm-project/openmp/libompd/gdb-plugin/ompdAPITests.c, 0, 0, 0
7219, /home/yrong/devel/llvm/benchmark/llvm-project/openmp/libompd/gdb-plugin/ompdModule.c, 0, 0, 0
7220, /home/yrong/devel/llvm/benchmark/llvm-project/openmp/libompd/src/TargetValue.cpp, 1739, 231, 1508
7221, /home/yrong/devel/llvm/benchmark/llvm-project/openmp/libompd/src/omp-debug.cpp, 915, 158, 757
7222, /home/yrong/devel/llvm/benchmark/llvm-project/openmp/libompd/src/omp-icv.cpp, 1018, 190, 828
7223, /home/yrong/devel/llvm/benchmark/llvm-project/openmp/libompd/src/omp-state.cpp, 1, 0, 1
7224, /home/yrong/devel/llvm/benchmark/llvm-project/openmp/libomptarget/plugins-nextgen/amdgpu/dynamic_hsa/hsa.cpp, 947, 124, 823
7225, /home/yrong/devel/llvm/benchmark/llvm-project/openmp/libomptarget/plugins-nextgen/amdgpu/src/rtl.cpp, 9724, 3643, 6081
7226, /home/yrong/devel/llvm/benchmark/llvm-project/openmp/libomptarget/plugins-nextgen/common/OMPT/OmptCallback.cpp, 2769, 184, 2585
7227, /home/yrong/devel/llvm/benchmark/llvm-project/openmp/libomptarget/plugins-nextgen/common/PluginInterface/GlobalHandler.cpp, 8659, 2959, 5700
7228, /home/yrong/devel/llvm/benchmark/llvm-project/openmp/libomptarget/plugins-nextgen/common/PluginInterface/JIT.cpp, 13110, 5706, 7404
7229, /home/yrong/devel/llvm/benchmark/llvm-project/openmp/libomptarget/plugins-nextgen/common/PluginInterface/PluginInterface.cpp, 8899, 3080, 5819
7230, /home/yrong/devel/llvm/benchmark/llvm-project/openmp/libomptarget/plugins-nextgen/common/PluginInterface/RPC.cpp, 8573, 2910, 5663
7231, /home/yrong/devel/llvm/benchmark/llvm-project/openmp/libomptarget/plugins-nextgen/common/elf_common/ELFSymbols.cpp, 5143, 1473, 3670
7232, /home/yrong/devel/llvm/benchmark/llvm-project/openmp/libomptarget/plugins-nextgen/common/elf_common/elf_common.cpp, 5268, 1262, 4006
7233, /home/yrong/devel/llvm/benchmark/llvm-project/openmp/libomptarget/plugins-nextgen/cuda/dynamic_cuda/cuda.cpp, 1407, 211, 1196
7234, /home/yrong/devel/llvm/benchmark/llvm-project/openmp/libomptarget/plugins-nextgen/cuda/src/rtl.cpp, 8795, 3029, 5766
7235, /home/yrong/devel/llvm/benchmark/llvm-project/openmp/libomptarget/src/LegacyAPI.cpp, 4129, 584, 3545
7236, /home/yrong/devel/llvm/benchmark/llvm-project/openmp/libomptarget/src/OmptCallback.cpp, 2837, 227, 2610
7237, /home/yrong/devel/llvm/benchmark/llvm-project/openmp/libomptarget/src/api.cpp, 4166, 587, 3579
7238, /home/yrong/devel/llvm/benchmark/llvm-project/openmp/libomptarget/src/device.cpp, 4386, 779, 3607
7239, /home/yrong/devel/llvm/benchmark/llvm-project/openmp/libomptarget/src/interface.cpp, 4705, 669, 4036
7240, /home/yrong/devel/llvm/benchmark/llvm-project/openmp/libomptarget/src/interop.cpp, 4139, 584, 3555
7241, /home/yrong/devel/llvm/benchmark/llvm-project/openmp/libomptarget/src/omptarget.cpp, 4687, 863, 3824
7242, /home/yrong/devel/llvm/benchmark/llvm-project/openmp/libomptarget/src/rtl.cpp, 5087, 889, 4198
7243, /home/yrong/devel/llvm/benchmark/llvm-project/openmp/libomptarget/tools/deviceinfo/llvm-omp-device-info.cpp, 2660, 134, 2526
7244, /home/yrong/devel/llvm/benchmark/llvm-project/openmp/libomptarget/tools/kernelreplay/llvm-omp-kernel-replay.cpp, 4677, 816, 3861
7245, /home/yrong/devel/llvm/benchmark/llvm-project/openmp/runtime/src/kmp_affinity.cpp, 466, 8, 458
7246, /home/yrong/devel/llvm/benchmark/llvm-project/openmp/runtime/src/kmp_alloc.cpp, 112, 3, 109
7247, /home/yrong/devel/llvm/benchmark/llvm-project/openmp/runtime/src/kmp_atomic.cpp, 56, 3, 53
7248, /home/yrong/devel/llvm/benchmark/llvm-project/openmp/runtime/src/kmp_barrier.cpp, 401, 11, 390
7249, /home/yrong/devel/llvm/benchmark/llvm-project/openmp/runtime/src/kmp_cancel.cpp, 73, 3, 70
7250, /home/yrong/devel/llvm/benchmark/llvm-project/openmp/runtime/src/kmp_collapse.cpp, 224, 3, 221
7251, /home/yrong/devel/llvm/benchmark/llvm-project/openmp/runtime/src/kmp_csupport.cpp, 219, 14, 205
7252, /home/yrong/devel/llvm/benchmark/llvm-project/openmp/runtime/src/kmp_debug.cpp, 62, 3, 59
7253, /home/yrong/devel/llvm/benchmark/llvm-project/openmp/runtime/src/kmp_dispatch.cpp, 645, 3, 642
7254, /home/yrong/devel/llvm/benchmark/llvm-project/openmp/runtime/src/kmp_environment.cpp, 62, 3, 59
7255, /home/yrong/devel/llvm/benchmark/llvm-project/openmp/runtime/src/kmp_error.cpp, 63, 4, 59
7256, /home/yrong/devel/llvm/benchmark/llvm-project/openmp/runtime/src/kmp_ftn_cdecl.cpp, 84, 3, 81
7257, /home/yrong/devel/llvm/benchmark/llvm-project/openmp/runtime/src/kmp_ftn_extra.cpp, 84, 3, 81
7258, /home/yrong/devel/llvm/benchmark/llvm-project/openmp/runtime/src/kmp_global.cpp, 82, 3, 79
7259, /home/yrong/devel/llvm/benchmark/llvm-project/openmp/runtime/src/kmp_gsupport.cpp, 158, 34, 124
7260, /home/yrong/devel/llvm/benchmark/llvm-project/openmp/runtime/src/kmp_i18n.cpp, 69, 7, 62
7261, /home/yrong/devel/llvm/benchmark/llvm-project/openmp/runtime/src/kmp_io.cpp, 65, 3, 62
7262, /home/yrong/devel/llvm/benchmark/llvm-project/openmp/runtime/src/kmp_itt.cpp, 138, 3, 135
7263, /home/yrong/devel/llvm/benchmark/llvm-project/openmp/runtime/src/kmp_lock.cpp, 284, 8, 276
7264, /home/yrong/devel/llvm/benchmark/llvm-project/openmp/runtime/src/kmp_runtime.cpp, 465, 19, 446
7265, /home/yrong/devel/llvm/benchmark/llvm-project/openmp/runtime/src/kmp_sched.cpp, 270, 3, 267
7266, /home/yrong/devel/llvm/benchmark/llvm-project/openmp/runtime/src/kmp_settings.cpp, 660, 3, 657
7267, /home/yrong/devel/llvm/benchmark/llvm-project/openmp/runtime/src/kmp_str.cpp, 67, 3, 64
7268, /home/yrong/devel/llvm/benchmark/llvm-project/openmp/runtime/src/kmp_taskdeps.cpp, 248, 12, 236
7269, /home/yrong/devel/llvm/benchmark/llvm-project/openmp/runtime/src/kmp_tasking.cpp, 392, 23, 369
7270, /home/yrong/devel/llvm/benchmark/llvm-project/openmp/runtime/src/kmp_threadprivate.cpp, 155, 3, 152
7271, /home/yrong/devel/llvm/benchmark/llvm-project/openmp/runtime/src/kmp_utility.cpp, 65, 3, 62
7272, /home/yrong/devel/llvm/benchmark/llvm-project/openmp/runtime/src/kmp_version.cpp, 68, 3, 65
7273, /home/yrong/devel/llvm/benchmark/llvm-project/openmp/runtime/src/kmp_wait_release.cpp, 261, 8, 253
7274, /home/yrong/devel/llvm/benchmark/llvm-project/openmp/runtime/src/ompd-specific.cpp, 63, 3, 60
7275, /home/yrong/devel/llvm/benchmark/llvm-project/openmp/runtime/src/ompt-general.cpp, 116, 5, 111
7276, /home/yrong/devel/llvm/benchmark/llvm-project/openmp/runtime/src/thirdparty/ittnotify/ittnotify_static.cpp, 187, 0, 187
7277, /home/yrong/devel/llvm/benchmark/llvm-project/openmp/runtime/src/z_Linux_util.cpp, 713, 36, 677
7278, /home/yrong/devel/llvm/benchmark/llvm-project/openmp/tools/archer/ompt-tsan.cpp, 2887, 311, 2576
7279, /home/yrong/devel/llvm/benchmark/llvm-project/polly/lib/Analysis/DependenceInfo.cpp, 11173, 4373, 6800
7280, /home/yrong/devel/llvm/benchmark/llvm-project/polly/lib/Analysis/PolyhedralInfo.cpp, 10815, 4181, 6634
7281, /home/yrong/devel/llvm/benchmark/llvm-project/polly/lib/Analysis/PruneUnprofitable.cpp, 10541, 4002, 6539
7282, /home/yrong/devel/llvm/benchmark/llvm-project/polly/lib/Analysis/ScopBuilder.cpp, 11784, 4911, 6873
7283, /home/yrong/devel/llvm/benchmark/llvm-project/polly/lib/Analysis/ScopDetection.cpp, 10951, 4432, 6519
7284, /home/yrong/devel/llvm/benchmark/llvm-project/polly/lib/Analysis/ScopDetectionDiagnostic.cpp, 7189, 1821, 5368
7285, /home/yrong/devel/llvm/benchmark/llvm-project/polly/lib/Analysis/ScopGraphPrinter.cpp, 10518, 4142, 6376
7286, /home/yrong/devel/llvm/benchmark/llvm-project/polly/lib/Analysis/ScopInfo.cpp, 11983, 4932, 7051
7287, /home/yrong/devel/llvm/benchmark/llvm-project/polly/lib/Analysis/ScopPass.cpp, 11260, 4511, 6749
7288, /home/yrong/devel/llvm/benchmark/llvm-project/polly/lib/CodeGen/BlockGenerators.cpp, 11316, 4582, 6734
7289, /home/yrong/devel/llvm/benchmark/llvm-project/polly/lib/CodeGen/CodeGeneration.cpp, 11405, 4595, 6810
7290, /home/yrong/devel/llvm/benchmark/llvm-project/polly/lib/CodeGen/IRBuilder.cpp, 10692, 4192, 6500
7291, /home/yrong/devel/llvm/benchmark/llvm-project/polly/lib/CodeGen/IslAst.cpp, 11439, 4654, 6785
7292, /home/yrong/devel/llvm/benchmark/llvm-project/polly/lib/CodeGen/IslExprBuilder.cpp, 10968, 4375, 6593
7293, /home/yrong/devel/llvm/benchmark/llvm-project/polly/lib/CodeGen/IslNodeBuilder.cpp, 11880, 4860, 7020
7294, /home/yrong/devel/llvm/benchmark/llvm-project/polly/lib/CodeGen/LoopGenerators.cpp, 10149, 3918, 6231
7295, /home/yrong/devel/llvm/benchmark/llvm-project/polly/lib/CodeGen/LoopGeneratorsGOMP.cpp, 8851, 3304, 5547
7296, /home/yrong/devel/llvm/benchmark/llvm-project/polly/lib/CodeGen/LoopGeneratorsKMP.cpp, 8896, 3337, 5559
7297, /home/yrong/devel/llvm/benchmark/llvm-project/polly/lib/CodeGen/PerfMonitor.cpp, 10720, 4267, 6453
7298, /home/yrong/devel/llvm/benchmark/llvm-project/polly/lib/CodeGen/RuntimeDebugBuilder.cpp, 4996, 1315, 3681
7299, /home/yrong/devel/llvm/benchmark/llvm-project/polly/lib/CodeGen/Utils.cpp, 10645, 4177, 6468
7300, /home/yrong/devel/llvm/benchmark/llvm-project/polly/lib/Exchange/JSONExporter.cpp, 11759, 4698, 7061
7301, /home/yrong/devel/llvm/benchmark/llvm-project/polly/lib/External/isl/basis_reduction_tab.c, 0, 0, 0
7302, /home/yrong/devel/llvm/benchmark/llvm-project/polly/lib/External/isl/imath/gmp_compat.c, 0, 0, 0
7303, /home/yrong/devel/llvm/benchmark/llvm-project/polly/lib/External/isl/imath/imath.c, 0, 0, 0
7304, /home/yrong/devel/llvm/benchmark/llvm-project/polly/lib/External/isl/imath/imrat.c, 0, 0, 0
7305, /home/yrong/devel/llvm/benchmark/llvm-project/polly/lib/External/isl/isl_aff.c, 0, 0, 0
7306, /home/yrong/devel/llvm/benchmark/llvm-project/polly/lib/External/isl/isl_aff_map.c, 0, 0, 0
7307, /home/yrong/devel/llvm/benchmark/llvm-project/polly/lib/External/isl/isl_affine_hull.c, 0, 0, 0
7308, /home/yrong/devel/llvm/benchmark/llvm-project/polly/lib/External/isl/isl_arg.c, 0, 0, 0
7309, /home/yrong/devel/llvm/benchmark/llvm-project/polly/lib/External/isl/isl_ast.c, 0, 0, 0
7310, /home/yrong/devel/llvm/benchmark/llvm-project/polly/lib/External/isl/isl_ast_build.c, 0, 0, 0
7311, /home/yrong/devel/llvm/benchmark/llvm-project/polly/lib/External/isl/isl_ast_build_expr.c, 0, 0, 0
7312, /home/yrong/devel/llvm/benchmark/llvm-project/polly/lib/External/isl/isl_ast_codegen.c, 0, 0, 0
7313, /home/yrong/devel/llvm/benchmark/llvm-project/polly/lib/External/isl/isl_ast_graft.c, 0, 0, 0
7314, /home/yrong/devel/llvm/benchmark/llvm-project/polly/lib/External/isl/isl_bernstein.c, 0, 0, 0
7315, /home/yrong/devel/llvm/benchmark/llvm-project/polly/lib/External/isl/isl_blk.c, 0, 0, 0
7316, /home/yrong/devel/llvm/benchmark/llvm-project/polly/lib/External/isl/isl_bound.c, 0, 0, 0
7317, /home/yrong/devel/llvm/benchmark/llvm-project/polly/lib/External/isl/isl_box.c, 0, 0, 0
7318, /home/yrong/devel/llvm/benchmark/llvm-project/polly/lib/External/isl/isl_coalesce.c, 0, 0, 0
7319, /home/yrong/devel/llvm/benchmark/llvm-project/polly/lib/External/isl/isl_constraint.c, 0, 0, 0
7320, /home/yrong/devel/llvm/benchmark/llvm-project/polly/lib/External/isl/isl_convex_hull.c, 0, 0, 0
7321, /home/yrong/devel/llvm/benchmark/llvm-project/polly/lib/External/isl/isl_ctx.c, 0, 0, 0
7322, /home/yrong/devel/llvm/benchmark/llvm-project/polly/lib/External/isl/isl_deprecated.c, 0, 0, 0
7323, /home/yrong/devel/llvm/benchmark/llvm-project/polly/lib/External/isl/isl_dim_map.c, 0, 0, 0
7324, /home/yrong/devel/llvm/benchmark/llvm-project/polly/lib/External/isl/isl_equalities.c, 0, 0, 0
7325, /home/yrong/devel/llvm/benchmark/llvm-project/polly/lib/External/isl/isl_factorization.c, 0, 0, 0
7326, /home/yrong/devel/llvm/benchmark/llvm-project/polly/lib/External/isl/isl_farkas.c, 0, 0, 0
7327, /home/yrong/devel/llvm/benchmark/llvm-project/polly/lib/External/isl/isl_ffs.c, 0, 0, 0
7328, /home/yrong/devel/llvm/benchmark/llvm-project/polly/lib/External/isl/isl_flow.c, 0, 0, 0
7329, /home/yrong/devel/llvm/benchmark/llvm-project/polly/lib/External/isl/isl_fold.c, 0, 0, 0
7330, /home/yrong/devel/llvm/benchmark/llvm-project/polly/lib/External/isl/isl_hash.c, 0, 0, 0
7331, /home/yrong/devel/llvm/benchmark/llvm-project/polly/lib/External/isl/isl_id.c, 0, 0, 0
7332, /home/yrong/devel/llvm/benchmark/llvm-project/polly/lib/External/isl/isl_id_to_ast_expr.c, 0, 0, 0
7333, /home/yrong/devel/llvm/benchmark/llvm-project/polly/lib/External/isl/isl_id_to_id.c, 0, 0, 0
7334, /home/yrong/devel/llvm/benchmark/llvm-project/polly/lib/External/isl/isl_id_to_pw_aff.c, 0, 0, 0
7335, /home/yrong/devel/llvm/benchmark/llvm-project/polly/lib/External/isl/isl_ilp.c, 0, 0, 0
7336, /home/yrong/devel/llvm/benchmark/llvm-project/polly/lib/External/isl/isl_imath.c, 0, 0, 0
7337, /home/yrong/devel/llvm/benchmark/llvm-project/polly/lib/External/isl/isl_input.c, 0, 0, 0
7338, /home/yrong/devel/llvm/benchmark/llvm-project/polly/lib/External/isl/isl_int_sioimath.c, 0, 0, 0
7339, /home/yrong/devel/llvm/benchmark/llvm-project/polly/lib/External/isl/isl_local.c, 0, 0, 0
7340, /home/yrong/devel/llvm/benchmark/llvm-project/polly/lib/External/isl/isl_local_space.c, 0, 0, 0
7341, /home/yrong/devel/llvm/benchmark/llvm-project/polly/lib/External/isl/isl_lp.c, 0, 0, 0
7342, /home/yrong/devel/llvm/benchmark/llvm-project/polly/lib/External/isl/isl_map.c, 0, 0, 0
7343, /home/yrong/devel/llvm/benchmark/llvm-project/polly/lib/External/isl/isl_map_list.c, 0, 0, 0
7344, /home/yrong/devel/llvm/benchmark/llvm-project/polly/lib/External/isl/isl_map_simplify.c, 0, 0, 0
7345, /home/yrong/devel/llvm/benchmark/llvm-project/polly/lib/External/isl/isl_map_subtract.c, 0, 0, 0
7346, /home/yrong/devel/llvm/benchmark/llvm-project/polly/lib/External/isl/isl_map_to_basic_set.c, 0, 0, 0
7347, /home/yrong/devel/llvm/benchmark/llvm-project/polly/lib/External/isl/isl_mat.c, 0, 0, 0
7348, /home/yrong/devel/llvm/benchmark/llvm-project/polly/lib/External/isl/isl_morph.c, 0, 0, 0
7349, /home/yrong/devel/llvm/benchmark/llvm-project/polly/lib/External/isl/isl_obj.c, 0, 0, 0
7350, /home/yrong/devel/llvm/benchmark/llvm-project/polly/lib/External/isl/isl_options.c, 0, 0, 0
7351, /home/yrong/devel/llvm/benchmark/llvm-project/polly/lib/External/isl/isl_output.c, 0, 0, 0
7352, /home/yrong/devel/llvm/benchmark/llvm-project/polly/lib/External/isl/isl_point.c, 0, 0, 0
7353, /home/yrong/devel/llvm/benchmark/llvm-project/polly/lib/External/isl/isl_polynomial.c, 0, 0, 0
7354, /home/yrong/devel/llvm/benchmark/llvm-project/polly/lib/External/isl/isl_printer.c, 0, 0, 0
7355, /home/yrong/devel/llvm/benchmark/llvm-project/polly/lib/External/isl/isl_range.c, 0, 0, 0
7356, /home/yrong/devel/llvm/benchmark/llvm-project/polly/lib/External/isl/isl_reordering.c, 0, 0, 0
7357, /home/yrong/devel/llvm/benchmark/llvm-project/polly/lib/External/isl/isl_sample.c, 0, 0, 0
7358, /home/yrong/devel/llvm/benchmark/llvm-project/polly/lib/External/isl/isl_scan.c, 0, 0, 0
7359, /home/yrong/devel/llvm/benchmark/llvm-project/polly/lib/External/isl/isl_schedule.c, 0, 0, 0
7360, /home/yrong/devel/llvm/benchmark/llvm-project/polly/lib/External/isl/isl_schedule_band.c, 0, 0, 0
7361, /home/yrong/devel/llvm/benchmark/llvm-project/polly/lib/External/isl/isl_schedule_constraints.c, 0, 0, 0
7362, /home/yrong/devel/llvm/benchmark/llvm-project/polly/lib/External/isl/isl_schedule_node.c, 0, 0, 0
7363, /home/yrong/devel/llvm/benchmark/llvm-project/polly/lib/External/isl/isl_schedule_read.c, 0, 0, 0
7364, /home/yrong/devel/llvm/benchmark/llvm-project/polly/lib/External/isl/isl_schedule_tree.c, 0, 0, 0
7365, /home/yrong/devel/llvm/benchmark/llvm-project/polly/lib/External/isl/isl_scheduler.c, 0, 0, 0
7366, /home/yrong/devel/llvm/benchmark/llvm-project/polly/lib/External/isl/isl_scheduler_clustering.c, 0, 0, 0
7367, /home/yrong/devel/llvm/benchmark/llvm-project/polly/lib/External/isl/isl_scheduler_scc.c, 0, 0, 0
7368, /home/yrong/devel/llvm/benchmark/llvm-project/polly/lib/External/isl/isl_seq.c, 0, 0, 0
7369, /home/yrong/devel/llvm/benchmark/llvm-project/polly/lib/External/isl/isl_set_list.c, 0, 0, 0
7370, /home/yrong/devel/llvm/benchmark/llvm-project/polly/lib/External/isl/isl_set_to_ast_graft_list.c, 0, 0, 0
7371, /home/yrong/devel/llvm/benchmark/llvm-project/polly/lib/External/isl/isl_sort.c, 0, 0, 0
7372, /home/yrong/devel/llvm/benchmark/llvm-project/polly/lib/External/isl/isl_space.c, 0, 0, 0
7373, /home/yrong/devel/llvm/benchmark/llvm-project/polly/lib/External/isl/isl_stream.c, 0, 0, 0
7374, /home/yrong/devel/llvm/benchmark/llvm-project/polly/lib/External/isl/isl_stride.c, 0, 0, 0
7375, /home/yrong/devel/llvm/benchmark/llvm-project/polly/lib/External/isl/isl_tab.c, 0, 0, 0
7376, /home/yrong/devel/llvm/benchmark/llvm-project/polly/lib/External/isl/isl_tab_pip.c, 0, 0, 0
7377, /home/yrong/devel/llvm/benchmark/llvm-project/polly/lib/External/isl/isl_tarjan.c, 0, 0, 0
7378, /home/yrong/devel/llvm/benchmark/llvm-project/polly/lib/External/isl/isl_test.c, 0, 0, 0
7379, /home/yrong/devel/llvm/benchmark/llvm-project/polly/lib/External/isl/isl_transitive_closure.c, 0, 0, 0
7380, /home/yrong/devel/llvm/benchmark/llvm-project/polly/lib/External/isl/isl_union_map.c, 0, 0, 0
7381, /home/yrong/devel/llvm/benchmark/llvm-project/polly/lib/External/isl/isl_val.c, 0, 0, 0
7382, /home/yrong/devel/llvm/benchmark/llvm-project/polly/lib/External/isl/isl_val_sioimath.c, 0, 0, 0
7383, /home/yrong/devel/llvm/benchmark/llvm-project/polly/lib/External/isl/isl_vec.c, 0, 0, 0
7384, /home/yrong/devel/llvm/benchmark/llvm-project/polly/lib/External/isl/isl_version.c, 0, 0, 0
7385, /home/yrong/devel/llvm/benchmark/llvm-project/polly/lib/External/isl/isl_vertices.c, 0, 0, 0
7386, /home/yrong/devel/llvm/benchmark/llvm-project/polly/lib/External/isl/print.c, 0, 0, 0
7387, /home/yrong/devel/llvm/benchmark/llvm-project/polly/lib/External/isl/set_from_map.c, 0, 0, 0
7388, /home/yrong/devel/llvm/benchmark/llvm-project/polly/lib/External/isl/set_to_map.c, 0, 0, 0
7389, /home/yrong/devel/llvm/benchmark/llvm-project/polly/lib/External/isl/uset_from_umap.c, 0, 0, 0
7390, /home/yrong/devel/llvm/benchmark/llvm-project/polly/lib/External/isl/uset_to_umap.c, 0, 0, 0
7391, /home/yrong/devel/llvm/benchmark/llvm-project/polly/lib/Plugin/Polly.cpp, 3238, 396, 2842
7392, /home/yrong/devel/llvm/benchmark/llvm-project/polly/lib/Support/DumpFunctionPass.cpp, 6594, 1806, 4788
7393, /home/yrong/devel/llvm/benchmark/llvm-project/polly/lib/Support/DumpModulePass.cpp, 5181, 1114, 4067
7394, /home/yrong/devel/llvm/benchmark/llvm-project/polly/lib/Support/GICHelper.cpp, 4750, 1576, 3174
7395, /home/yrong/devel/llvm/benchmark/llvm-project/polly/lib/Support/ISLTools.cpp, 4795, 1629, 3166
7396, /home/yrong/devel/llvm/benchmark/llvm-project/polly/lib/Support/RegisterPasses.cpp, 15316, 7253, 8063
7397, /home/yrong/devel/llvm/benchmark/llvm-project/polly/lib/Support/SCEVAffinator.cpp, 10415, 3992, 6423
7398, /home/yrong/devel/llvm/benchmark/llvm-project/polly/lib/Support/SCEVValidator.cpp, 9734, 3573, 6161
7399, /home/yrong/devel/llvm/benchmark/llvm-project/polly/lib/Support/ScopHelper.cpp, 11597, 4830, 6767
7400, /home/yrong/devel/llvm/benchmark/llvm-project/polly/lib/Support/ScopLocation.cpp, 6594, 1615, 4979
7401, /home/yrong/devel/llvm/benchmark/llvm-project/polly/lib/Support/VirtualInstruction.cpp, 10314, 3912, 6402
7402, /home/yrong/devel/llvm/benchmark/llvm-project/polly/lib/Transform/Canonicalization.cpp, 10334, 3893, 6441
7403, /home/yrong/devel/llvm/benchmark/llvm-project/polly/lib/Transform/CodePreparation.cpp, 9154, 3176, 5978
7404, /home/yrong/devel/llvm/benchmark/llvm-project/polly/lib/Transform/DeLICM.cpp, 10951, 4283, 6668
7405, /home/yrong/devel/llvm/benchmark/llvm-project/polly/lib/Transform/DeadCodeElimination.cpp, 10760, 4140, 6620
7406, /home/yrong/devel/llvm/benchmark/llvm-project/polly/lib/Transform/FlattenAlgo.cpp, 4788, 1631, 3157
7407, /home/yrong/devel/llvm/benchmark/llvm-project/polly/lib/Transform/FlattenSchedule.cpp, 10667, 4102, 6565
7408, /home/yrong/devel/llvm/benchmark/llvm-project/polly/lib/Transform/ForwardOpTree.cpp, 11101, 4384, 6717
7409, /home/yrong/devel/llvm/benchmark/llvm-project/polly/lib/Transform/ManualOptimizer.cpp, 11143, 4459, 6684
7410, /home/yrong/devel/llvm/benchmark/llvm-project/polly/lib/Transform/MatmulOptimizer.cpp, 11354, 4414, 6940
7411, /home/yrong/devel/llvm/benchmark/llvm-project/polly/lib/Transform/MaximalStaticExpansion.cpp, 10976, 4306, 6670
7412, /home/yrong/devel/llvm/benchmark/llvm-project/polly/lib/Transform/ScheduleOptimizer.cpp, 11577, 4796, 6781
7413, /home/yrong/devel/llvm/benchmark/llvm-project/polly/lib/Transform/ScheduleTreeTransform.cpp, 8375, 3354, 5021
7414, /home/yrong/devel/llvm/benchmark/llvm-project/polly/lib/Transform/ScopInliner.cpp, 12287, 5319, 6968
7415, /home/yrong/devel/llvm/benchmark/llvm-project/polly/lib/Transform/Simplify.cpp, 10835, 4186, 6649
7416, /home/yrong/devel/llvm/benchmark/llvm-project/polly/lib/Transform/ZoneAlgo.cpp, 10559, 4060, 6499
7417, /home/yrong/devel/llvm/benchmark/llvm-project/third-party/benchmark/cmake/posix_regex.cpp, 61, 61, 0
7418, /home/yrong/devel/llvm/benchmark/llvm-project/third-party/benchmark/cmake/steady_clock.cpp, 23, 23, 0
7419, /home/yrong/devel/llvm/benchmark/llvm-project/third-party/benchmark/src/benchmark.cc, 5888, 1131, 4757
7420, /home/yrong/devel/llvm/benchmark/llvm-project/third-party/benchmark/src/benchmark_api_internal.cc, 2810, 213, 2597
7421, /home/yrong/devel/llvm/benchmark/llvm-project/third-party/benchmark/src/benchmark_main.cc, 1795, 151, 1644
7422, /home/yrong/devel/llvm/benchmark/llvm-project/third-party/benchmark/src/benchmark_name.cc, 1797, 151, 1646
7423, /home/yrong/devel/llvm/benchmark/llvm-project/third-party/benchmark/src/benchmark_register.cc, 5227, 1049, 4178
7424, /home/yrong/devel/llvm/benchmark/llvm-project/third-party/benchmark/src/benchmark_runner.cc, 5122, 1026, 4096
7425, /home/yrong/devel/llvm/benchmark/llvm-project/third-party/benchmark/src/colorprint.cc, 2715, 221, 2494
7426, /home/yrong/devel/llvm/benchmark/llvm-project/third-party/benchmark/src/commandlineflags.cc, 2436, 241, 2195
7427, /home/yrong/devel/llvm/benchmark/llvm-project/third-party/benchmark/src/complexity.cc, 2600, 252, 2348
7428, /home/yrong/devel/llvm/benchmark/llvm-project/third-party/benchmark/src/console_reporter.cc, 2687, 240, 2447
7429, /home/yrong/devel/llvm/benchmark/llvm-project/third-party/benchmark/src/counter.cc, 1810, 165, 1645
7430, /home/yrong/devel/llvm/benchmark/llvm-project/third-party/benchmark/src/csv_reporter.cc, 2739, 290, 2449
7431, /home/yrong/devel/llvm/benchmark/llvm-project/third-party/benchmark/src/json_reporter.cc, 3093, 347, 2746
7432, /home/yrong/devel/llvm/benchmark/llvm-project/third-party/benchmark/src/perf_counters.cc, 2599, 242, 2357
7433, /home/yrong/devel/llvm/benchmark/llvm-project/third-party/benchmark/src/reporter.cc, 2688, 243, 2445
7434, /home/yrong/devel/llvm/benchmark/llvm-project/third-party/benchmark/src/sleep.cc, 1794, 151, 1643
7435, /home/yrong/devel/llvm/benchmark/llvm-project/third-party/benchmark/src/statistics.cc, 2727, 303, 2424
7436, /home/yrong/devel/llvm/benchmark/llvm-project/third-party/benchmark/src/string_util.cc, 2849, 247, 2602
7437, /home/yrong/devel/llvm/benchmark/llvm-project/third-party/benchmark/src/sysinfo.cc, 3431, 269, 3162
7438, /home/yrong/devel/llvm/benchmark/llvm-project/third-party/benchmark/src/timers.cc, 2730, 233, 2497
7439, /home/yrong/devel/llvm/benchmark/llvm-project/third-party/unittest/googlemock/src/gmock-all.cc, 4475, 804, 3671
7440, /home/yrong/devel/llvm/benchmark/llvm-project/third-party/unittest/googletest/src/gtest-all.cc, 5555, 1572, 3983
7441, /home/yrong/devel/llvm/release/runtimes/builtins-bins/CMakeFiles/src.c, 0, 0, 0
7442, /home/yrong/devel/llvm/release/runtimes/runtimes-bins/compiler-rt/lib/asan/dummy.cpp, 0, 0, 0
7443, /home/yrong/devel/llvm/release/runtimes/runtimes-bins/compiler-rt/lib/hwasan/dummy.cpp, 0, 0, 0
7444, /home/yrong/devel/llvm/release/runtimes/runtimes-bins/compiler-rt/lib/memprof/dummy.cpp, 0, 0, 0
7445, /home/yrong/devel/llvm/release/runtimes/runtimes-bins/compiler-rt/lib/ubsan/dummy.cpp, 0, 0, 0
